0 0.0078125 0.0410156 0 0.03125 0.0175781 0.015625 0.00195312 0 0.015625 0 0.0253906 0.0273438 0.0078125 0.0410156
0 0.117188 0.0527344 0.0820312 0.0410156 0.0527344 0 0.113281 0.0449219 0.126953 0.0273438 0.115234 0 0.128906 0 0.134766 0.0351562 0.117188 0.0527344
0 0.291016 0.0351562 0.269531 0.0566406 0.269531 0.0566406 0.230469 0.0566406 0.212891 0.0390625 0.226562 0 0.291016 0.00390625 0.291016 0.0351562 0.283203 0.0273438 0.28125 0.00976562 0.242188 0.00585938 0.224609 0.015625 0.230469 0.0449219 0.263672 0.046875 0.263672 0.046875 0.283203 0.0273438
0 0.574219 0.0449219 0.552734 0.0390625 0.5625 0 0.587891 0 0.574219 0.0449219 0.574219 0.0449219 0.572266 0.0351562 0.578125 0.00195312 0.560547 0.0273438 0.572266 0.0351562 0.572266 0.0351562
0 0.632812 0.0410156 0.603516 0.03125 0.605469 0 0.615234 0 0.611328 0.0234375 0.621094 0.0332031 0.638672 0 0.632812 0.0410156
0 0.693359 0.0429688 0.710938 0.0175781 0.75 0 0.767578 0.0351562 0.742188 0.0683594 0.742188 0.0683594 0.699219 0.0644531 0.693359 0.0429688 0.701172 0.0507812 0.736328 0.0585938 0.736328 0.0585938 0.759766 0.0273438 0.746094 0.0136719 0.722656 0.0214844 0.701172 0.0507812
0 0.818359 0.09375 0.818359 0.0507812 0.833984 0.0195312 0.871094 0.00195312 0.914062 0.00976562 0.923828 0.0273438 0.919922 0.0898438 0.851562 0.119141 0.851562 0.119141 0.828125 0.115234 0.818359 0.09375 0.826172 0.0898438 0.849609 0.109375 0.849609 0.109375 0.916016 0.078125 0.90625 0.0175781 0.878906 0.00976562 0.837891 0.03125 0.826172 0.0898438
0 0.996094 0.0644531 0.972656 0.0644531 0.958984 0.046875 0.96875 0 0.978516 0.00390625 0.966797 0.0390625 0.996094 0.0644531
0 0.03125 0.0332031 0.0566406 0.046875 0.046875 0.0722656 0.046875 0.0722656 0.0273438 0.0722656 0.0175781 0.0585938 0.03125 0.0332031 0.0390625 0.0410156 0.0292969 0.0585938 0.0410156 0.0625 0.0410156 0.0625 0.0390625 0.0410156
0 0.585938 0.126953 0.572266 0.121094 0.572266 0.0898438 0.582031 0.115234 0.587891 0.101562 0.574219 0.0683594 0.591797 0.0742188 0.595703 0.0898438 0.585938 0.126953
0 0.634766 0.15625 0.630859 0.09375 0.640625 0.0839844 0.660156 0.0878906 0.673828 0.113281 0.664062 0.177734 0.664062 0.177734 0.634766 0.15625 0.642578 0.152344 0.662109 0.164062 0.662109 0.164062 0.666016 0.117188 0.644531 0.0917969 0.642578 0.152344
0 0.996094 0.177734 0.982422 0.152344 0.996094 0.0957031 0.996094 0.177734
0 0.814453 0.277344 0.822266 0.195312 0.851562 0.162109 0.875 0.154297 0.917969 0.166016 0.931641 0.199219 0.923828 0.242188 0.878906 0.283203 0.878906 0.283203 0.814453 0.277344 0.822266 0.269531 0.873047 0.273438 0.873047 0.273438 0.912109 0.242188 0.919922 0.214844 0.902344 0.181641 0.867188 0.166016 0.830078 0.203125 0.822266 0.269531
0 0.798828 0.199219 0.798828 0.246094 0.785156 0.259766 0.785156 0.259766 0.742188 0.255859 0.724609 0.238281 0.734375 0.181641 0.773438 0.181641 0.798828 0.199219 0.791016 0.203125 0.742188 0.189453 0.732422 0.230469 0.75 0.248047 0.783203 0.25 0.783203 0.25 0.791016 0.203125
0 0.642578 0.246094 0.648438 0.193359 0.673828 0.222656 0.664062 0.267578 0.664062 0.267578 0.642578 0.246094 0.650391 0.238281 0.662109 0.253906 0.662109 0.253906 0.666016 0.230469 0.652344 0.205078 0.650391 0.238281
0 0.988281 0.322266 0.962891 0.320312 0.951172 0.28125 0.951172 0.238281 0.964844 0.208984 0.998047 0.21875 0.996094 0.232422 0.976562 0.220703 0.958984 0.242188 0.970703 0.3125 0.998047 0.304688 0.988281 0.322266
0 0.152344 0.275391 0.123047 0.261719 0.132812 0.228516 0.169922 0.238281 0.169922 0.261719 0.152344 0.275391 0.152344 0.275391 0.154297 0.261719 0.162109 0.25 0.148438 0.236328 0.134766 0.253906 0.154297 0.261719 0.154297 0.261719
0 0.279297 0.265625 0.279297 0.242188 0.289062 0.228516 0.316406 0.224609 0.330078 0.230469 0.330078 0.253906 0.308594 0.275391 0.308594 0.275391 0.279297 0.265625 0.287109 0.261719 0.302734 0.265625 0.302734 0.265625 0.320312 0.236328 0.287109 0.246094 0.287109 0.261719
0 0.728516 0.3125 0.722656 0.353516 0.722656 0.353516 0.681641 0.335938 0.699219 0.287109 0.728516 0.3125 0.720703 0.316406 0.703125 0.298828 0.697266 0.328125 0.716797 0.34375 0.716797 0.34375 0.720703 0.316406
0 0.195312 0.341797 0.171875 0.341797 0.158203 0.328125 0.167969 0.294922 0.205078 0.304688 0.208984 0.324219 0.195312 0.341797 0.195312 0.341797 0.193359 0.332031 0.195312 0.310547 0.166016 0.308594 0.179688 0.333984 0.193359 0.332031 0.193359 0.332031
0 0.228516 0.351562 0.234375 0.302734 0.261719 0.298828 0.275391 0.3125 0.265625 0.361328 0.265625 0.361328 0.228516 0.351562 0.236328 0.34375 0.259766 0.351562 0.259766 0.351562 0.267578 0.320312 0.253906 0.306641 0.236328 0.320312 0.236328 0.34375
0 0.574219 0.400391 0.568359 0.378906 0.583984 0.351562 0.605469 0.341797 0.615234 0.347656 0.615234 0.378906 0.59375 0.404297 0.59375 0.404297 0.574219 0.400391 0.578125 0.392578 0.595703 0.390625 0.595703 0.390625 0.605469 0.353516 0.576172 0.382812 0.578125 0.392578
0 0.757812 0.474609 0.736328 0.460938 0.730469 0.392578 0.75 0.392578 0.767578 0.414062 0.771484 0.453125 0.757812 0.474609 0.757812 0.474609 0.755859 0.464844 0.763672 0.429688 0.738281 0.400391 0.736328 0.433594 0.724609 0.4375 0.759766 0.496094 0.751953 0.5 0.724609 0.460938 0.703125 0.451172 0.689453 0.460938 0.693359 0.539062 0.732422 0.550781 0.732422 0.550781 0.751953 0.5 0.759766 0.496094 0.759766 0.527344 0.738281 0.560547 0.738281 0.560547 0.685547 0.546875 0.673828 0.464844 0.703125 0.431641 0.724609 0.4375 0.736328 0.433594 0.755859 0.464844 0.755859 0.464844
0 0.533203 0.492188 0.529297 0.546875 0.476562 0.568359 0.476562 0.568359 0.451172 0.554688 0.443359 0.515625 0.488281 0.470703 0.503906 0.470703 0.533203 0.492188 0.525391 0.496094 0.488281 0.482422 0.451172 0.527344 0.46875 0.556641 0.498047 0.554688 0.498047 0.554688 0.521484 0.539062 0.525391 0.496094
0 0.572266 0.519531 0.585938 0.498047 0.621094 0.490234 0.642578 0.507812 0.642578 0.542969 0.609375 0.568359 0.609375 0.568359 0.572266 0.558594 0.572266 0.519531 0.580078 0.523438 0.580078 0.550781 0.607422 0.558594 0.607422 0.558594 0.634766 0.535156 0.634766 0.515625 0.613281 0.498047 0.589844 0.505859 0.580078 0.523438
0 0.408203 0.527344 0.404297 0.546875 0.382812 0.560547 0.382812 0.560547 0.363281 0.560547 0.357422 0.539062 0.369141 0.507812 0.394531 0.498047 0.408203 0.527344 0.400391 0.527344 0.390625 0.505859 0.369141 0.527344 0.365234 0.550781 0.376953 0.550781 0.376953 0.550781 0.400391 0.527344
0 0.535156 0.572266 0.566406 0.580078 0.580078 0.597656 0.576172 0.648438 0.554688 0.669922 0.554688 0.669922 0.53125 0.669922 0.505859 0.625 0.513672 0.59375 0.535156 0.572266 0.539062 0.580078 0.513672 0.617188 0.529297 0.652344 0.548828 0.660156 0.548828 0.660156 0.568359 0.640625 0.572266 0.605469 0.539062 0.580078
0 0.693359 0.625 0.675781 0.646484 0.636719 0.658203 0.636719 0.658203 0.619141 0.648438 0.619141 0.597656 0.640625 0.568359 0.667969 0.568359 0.693359 0.605469 0.693359 0.625 0.685547 0.621094 0.660156 0.576172 0.626953 0.605469 0.630859 0.644531 0.654297 0.644531 0.654297 0.644531 0.685547 0.621094
0 0.445312 0.642578 0.400391 0.621094 0.398438 0.580078 0.4375 0.576172 0.455078 0.59375 0.458984 0.628906 0.445312 0.642578 0.445312 0.642578 0.443359 0.632812 0.451172 0.609375 0.439453 0.589844 0.40625 0.587891 0.404297 0.609375 0.443359 0.632812 0.443359 0.632812
0 0.806641 0.667969 0.832031 0.630859 0.845703 0.691406 0.828125 0.705078 0.828125 0.705078 0.806641 0.699219 0.806641 0.667969 0.814453 0.671875 0.822266 0.695312 0.822266 0.695312 0.837891 0.6875 0.828125 0.646484 0.814453 0.671875
0 0.179688 0.705078 0.150391 0.691406 0.154297 0.667969 0.195312 0.650391 0.205078 0.691406 0.179688 0.705078 0.179688 0.705078 0.177734 0.695312 0.197266 0.683594 0.1875 0.658203 0.162109 0.675781 0.177734 0.695312 0.177734 0.695312
0 0.425781 0.650391 0.451172 0.660156 0.441406 0.685547 0.441406 0.685547 0.419922 0.679688 0.425781 0.650391 0.429688 0.658203 0.435547 0.675781 0.435547 0.675781 0.429688 0.658203
0 0.507812 0.716797 0.476562 0.712891 0.458984 0.691406 0.458984 0.664062 0.484375 0.646484 0.505859 0.65625 0.517578 0.691406 0.507812 0.716797 0.507812 0.716797 0.505859 0.707031 0.492188 0.654297 0.466797 0.683594 0.488281 0.708984 0.505859 0.707031 0.505859 0.707031
0 0.142578 0.691406 0.136719 0.720703 0.136719 0.720703 0.111328 0.710938 0.111328 0.6875 0.125 0.673828 0.142578 0.691406 0.134766 0.695312 0.125 0.689453 0.119141 0.703125 0.130859 0.710938 0.130859 0.710938 0.134766 0.695312
0 0.421875 0.779297 0.400391 0.765625 0.400391 0.730469 0.417969 0.712891 0.455078 0.730469 0.453125 0.779297 0.453125 0.779297 0.421875 0.779297 0.425781 0.771484 0.447266 0.769531 0.447266 0.769531 0.451172 0.742188 0.414062 0.728516 0.408203 0.757812 0.425781 0.771484
0 0.0820312 0.728516 0.128906 0.736328 0.142578 0.792969 0.109375 0.806641 0.109375 0.806641 0.0585938 0.798828 0.0449219 0.785156 0.0410156 0.746094 0.0820312 0.728516 0.0859375 0.736328 0.0488281 0.753906 0.0664062 0.791016 0.103516 0.796875 0.103516 0.796875 0.134766 0.785156 0.128906 0.763672 0.0859375 0.736328
0 0.222656 0.822266 0.208984 0.800781 0.212891 0.765625 0.234375 0.744141 0.267578 0.75 0.275391 0.792969 0.261719 0.822266 0.261719 0.822266 0.222656 0.822266 0.230469 0.814453 0.255859 0.8125 0.255859 0.8125 0.267578 0.785156 0.259766 0.757812 0.242188 0.751953 0.220703 0.773438 0.220703 0.800781 0.230469 0.814453
0 0.175781 0.822266 0.193359 0.835938 0.197266 0.859375 0.152344 0.904297 0.152344 0.904297 0.121094 0.900391 0.111328 0.867188 0.128906 0.826172 0.175781 0.822266 0.167969 0.830078 0.126953 0.847656 0.119141 0.882812 0.146484 0.894531 0.146484 0.894531 0.167969 0.884766 0.189453 0.851562 0.167969 0.830078
0 0.878906 0.892578 0.847656 0.892578 0.833984 0.871094 0.833984 0.839844 0.847656 0.818359 0.878906 0.818359 0.908203 0.847656 0.904297 0.871094 0.878906 0.892578 0.878906 0.892578 0.876953 0.882812 0.896484 0.851562 0.878906 0.830078 0.855469 0.826172 0.841797 0.847656 0.845703 0.875 0.876953 0.882812 0.876953 0.882812
0 0.318359 0.863281 0.314453 0.914062 0.296875 0.939453 0.296875 0.939453 0.277344 0.939453 0.251953 0.90625 0.263672 0.855469 0.285156 0.841797 0.318359 0.863281 0.310547 0.867188 0.292969 0.849609 0.267578 0.867188 0.259766 0.898438 0.285156 0.931641 0.294922 0.929688 0.294922 0.929688 0.310547 0.867188
0 0.996094 0.966797 0.962891 0.953125 0.970703 0.914062 0.992188 0.900391 0.998047 0.910156 0.974609 0.925781 0.970703 0.949219 0.996094 0.955078 0.996094 0.966797
0 0.0195312 0.998047 0 0.996094 0.0292969 0.976562 0.0332031 0.949219 0 0.904297 0.0273438 0.916016 0.0410156 0.941406 0.0410156 0.972656 0.0195312 0.998047
0 0.101562 0.990234 0.0878906 0.976562 0.0878906 0.960938 0.132812 0.927734 0.169922 0.953125 0.169922 0.972656 0.144531 0.994141 0.144531 0.994141 0.101562 0.990234 0.109375 0.982422 0.138672 0.984375 0.138672 0.984375 0.162109 0.964844 0.140625 0.943359 0.121094 0.943359 0.0957031 0.96875 0.109375 0.982422
0 0.277344 0.998047 0.265625 0.970703 0.230469 0.955078 0.177734 0.996094 0.210938 0.955078 0.238281 0.943359 0.279297 0.972656 0.277344 0.998047
