0 0.300781 0 0.382812 0 0.400391 0.0195312 0.400391 0.0664062 0.363281 0.0839844 0.363281 0.0839844 0.294922 0.0507812 0.300781 0 0.322266 0.0117188 0.324219 0.0410156 0.376953 0.0546875 0.376953 0.0546875 0.384766 0.0429688 0.371094 0.0214844 0.335938 0.00585938 0.322266 0.0117188
0 0.542969 0.0566406 0.460938 0.0332031 0.447266 0.00390625 0.476562 0 0.488281 0.0175781 0.546875 0.0253906 0.585938 0 0.615234 0 0.542969 0.0566406
0 0.3125 0.0878906 0.347656 0.0878906 0.376953 0.113281 0.376953 0.191406 0.347656 0.228516 0.296875 0.248047 0.296875 0.248047 0.244141 0.21875 0.232422 0.195312 0.236328 0.160156 0.261719 0.115234 0.3125 0.0878906 0.3125 0.115234 0.308594 0.134766 0.267578 0.152344 0.259766 0.1875 0.294922 0.21875 0.294922 0.21875 0.349609 0.195312 0.347656 0.115234 0.3125 0.115234
0 0.910156 0.314453 0.863281 0.314453 0.837891 0.300781 0.822266 0.261719 0.818359 0.1875 0.847656 0.146484 0.914062 0.107422 0.992188 0.103516 0.996094 0.158203 0.980469 0.130859 0.9375 0.126953 0.845703 0.1875 0.853516 0.28125 0.890625 0.291016 0.966797 0.257812 0.998047 0.164062 0.994141 0.261719 0.953125 0.298828 0.910156 0.314453
0 0.0683594 0.199219 0.0605469 0.15625 0.101562 0.115234 0.160156 0.111328 0.181641 0.140625 0.173828 0.179688 0.144531 0.212891 0.121094 0.220703 0.121094 0.220703 0.0898438 0.216797 0.0683594 0.199219 0.0878906 0.1875 0.115234 0.191406 0.115234 0.191406 0.150391 0.164062 0.148438 0.134766 0.0917969 0.148438 0.0878906 0.1875
0 0.126953 0.146484 0.00390625 0.00390625
0 0.00390625 0.248047 0 0.179688 0.0078125 0.173828 0.0292969 0.199219 0.0253906 0.234375 0.00390625 0.248047
0 0.703125 0.259766 0.775391 0.316406 0.779297 0.390625 0.75 0.427734 0.726562 0.435547 0.726562 0.435547 0.679688 0.431641 0.634766 0.394531 0.619141 0.296875 0.632812 0.267578 0.703125 0.259766 0.691406 0.287109 0.671875 0.291016 0.654297 0.320312 0.662109 0.347656 0.675781 0.369141 0.716797 0.378906 0.716797 0.378906 0.728516 0.335938 0.720703 0.3125 0.691406 0.287109
0 0.119141 0.394531 0.107422 0.351562 0.115234 0.308594 0.179688 0.271484 0.238281 0.287109 0.275391 0.34375 0.279297 0.382812 0.259766 0.425781 0.21875 0.447266 0.21875 0.447266 0.1875 0.447266 0.148438 0.427734 0.119141 0.394531 0.142578 0.382812 0.179688 0.416016 0.224609 0.417969 0.224609 0.417969 0.248047 0.394531 0.251953 0.371094 0.232422 0.316406 0.210938 0.298828 0.148438 0.314453 0.134766 0.328125 0.142578 0.382812
0 0.904297 0.283203 0.00390625 0.00390625
0 0.849609 0.375 0.910156 0.337891 0.976562 0.341797 0.982422 0.429688 0.953125 0.466797 0.953125 0.466797 0.898438 0.462891 0.851562 0.439453 0.841797 0.421875 0.849609 0.375 0.869141 0.394531 0.878906 0.427734 0.947266 0.4375 0.947266 0.4375 0.958984 0.398438 0.949219 0.365234 0.898438 0.369141 0.869141 0.394531
0 0.287109 0.480469 0.335938 0.447266 0.429688 0.474609 0.443359 0.511719 0.419922 0.589844 0.34375 0.615234 0.34375 0.615234 0.294922 0.589844 0.275391 0.527344 0.287109 0.480469 0.3125 0.490234 0.302734 0.546875 0.320312 0.572266 0.357422 0.585938 0.357422 0.585938 0.404297 0.5625 0.412109 0.5 0.371094 0.486328 0.339844 0.509766 0.3125 0.490234
0 0.121094 0.607422 0.0996094 0.578125 0.107422 0.535156 0.167969 0.482422 0.207031 0.494141 0.228516 0.53125 0.224609 0.578125 0.179688 0.611328 0.179688 0.611328 0.121094 0.607422 0.136719 0.587891 0.173828 0.585938 0.173828 0.585938 0.201172 0.5625 0.201172 0.53125 0.179688 0.509766 0.126953 0.554688 0.136719 0.587891
0 0.683594 0.486328 0.769531 0.494141 0.783203 0.511719 0.763672 0.523438 0.771484 0.550781 0.751953 0.609375 0.714844 0.638672 0.636719 0.658203 0.636719 0.658203 0.583984 0.597656 0.583984 0.542969 0.625 0.509766 0.683594 0.486328 0.683594 0.509766 0.607422 0.550781 0.615234 0.605469 0.636719 0.623047 0.666016 0.625 0.666016 0.625 0.728516 0.597656 0.744141 0.570312 0.734375 0.517578 0.683594 0.509766
0 0.472656 0.587891 0.53125 0.576172 0.558594 0.583984 0.576172 0.613281 0.556641 0.671875 0.511719 0.705078 0.511719 0.705078 0.457031 0.689453 0.439453 0.648438 0.451172 0.609375 0.472656 0.587891 0.484375 0.611328 0.466797 0.632812 0.466797 0.660156 0.505859 0.675781 0.505859 0.675781 0.544922 0.632812 0.544922 0.613281 0.515625 0.599609 0.484375 0.611328
0 0.373047 0.615234 0.00390625 0.00390625
0 0.0078125 0.763672 0 0.734375 0.0410156 0.703125 0.0449219 0.683594 0.0390625 0.673828 0.015625 0.677734 0 0.720703 0 0.664062 0.0390625 0.638672 0.0644531 0.664062 0.0722656 0.710938 0.03125 0.755859 0.0078125 0.763672
0 0.224609 0.753906 0.228516 0.695312 0.212891 0.667969 0.230469 0.650391 0.3125 0.673828 0.333984 0.699219 0.341797 0.757812 0.304688 0.798828 0.304688 0.798828 0.257812 0.794922 0.224609 0.753906 0.244141 0.738281 0.265625 0.767578 0.287109 0.773438 0.287109 0.773438 0.306641 0.765625 0.314453 0.71875 0.300781 0.697266 0.25 0.681641 0.244141 0.738281
0 0.650391 0.658203 0.00390625 0.00390625
0 0.746094 0.666016 0.816406 0.677734 0.833984 0.695312 0.826172 0.746094 0.796875 0.779297 0.742188 0.794922 0.742188 0.794922 0.701172 0.765625 0.708984 0.6875 0.746094 0.666016 0.742188 0.693359 0.728516 0.710938 0.724609 0.75 0.734375 0.763672 0.759766 0.765625 0.759766 0.765625 0.802734 0.730469 0.806641 0.707031 0.789062 0.693359 0.742188 0.693359
0 0.128906 0.685547 0.175781 0.685547 0.193359 0.703125 0.193359 0.738281 0.144531 0.806641 0.117188 0.814453 0.117188 0.814453 0.0957031 0.804688 0.0839844 0.777344 0.0839844 0.714844 0.128906 0.685547 0.136719 0.708984 0.107422 0.726562 0.115234 0.785156 0.126953 0.785156 0.126953 0.785156 0.162109 0.742188 0.15625 0.712891 0.136719 0.708984
0 0.00195312 0.728516 0.00390625 0.00390625
0 0.669922 0.851562 0.669922 0.871094 0.636719 0.912109 0.585938 0.927734 0.585938 0.927734 0.503906 0.919922 0.482422 0.882812 0.482422 0.839844 0.519531 0.791016 0.578125 0.759766 0.601562 0.759766 0.605469 0.787109 0.683594 0.810547 0.689453 0.84375 0.669922 0.851562 0.646484 0.851562 0.625 0.822266 0.5625 0.814453 0.550781 0.802734 0.513672 0.832031 0.515625 0.888672 0.546875 0.900391 0.603516 0.898438 0.603516 0.898438 0.646484 0.851562
0 0.335938 0.998047 0.214844 0.990234 0.208984 0.882812 0.289062 0.837891 0.375 0.845703 0.392578 0.863281 0.392578 0.882812 0.365234 0.960938 0.335938 0.998047 0.335938 0.998047 0.326172 0.972656 0.353516 0.921875 0.365234 0.878906 0.347656 0.861328 0.236328 0.9375 0.232422 0.96875 0.246094 0.986328 0.298828 0.988281 0.298828 0.988281 0.326172 0.972656
0 0.140625 0.978516 0.109375 0.978516 0.0839844 0.957031 0.0800781 0.898438 0.117188 0.865234 0.175781 0.861328 0.205078 0.890625 0.205078 0.914062 0.1875 0.943359 0.140625 0.978516 0.140625 0.978516 0.130859 0.953125 0.177734 0.90625 0.160156 0.884766 0.107422 0.90625 0.111328 0.945312 0.130859 0.953125 0.130859 0.953125
0 0.015625 0.982422 0 0.980469 0 0.957031 0.0253906 0.941406 0.0371094 0.914062 0.0234375 0.900391 0 0.902344 0 0.873047 0.046875 0.880859 0.0683594 0.914062 0.0566406 0.945312 0.015625 0.982422
0 0.302734 0.982422 0.00390625 0.00390625
0 0.875 0.998047 0.0078125 0.00390625
0 0.890625 0.998047 0.880859 0.996094 0.890625 0.998047
