0 0.996094 0.134766 0.970703 0.117188 0.974609 0.09375 0.996094 0.0722656 0.978516 0.109375 0.996094 0.134766
0 0.646484 0.105469 0.675781 0.0839844 0.705078 0.0898438 0.6875 0.134766 0.6875 0.134766 0.646484 0.128906 0.646484 0.105469 0.654297 0.113281 0.664062 0.126953 0.681641 0.125 0.681641 0.125 0.695312 0.0957031 0.654297 0.113281
0 0.847656 0.173828 0.792969 0.166016 0.763672 0.136719 0.755859 0.0898438 0.882812 0.0878906 0.880859 0.136719 0.847656 0.173828 0.847656 0.173828 0.845703 0.164062 0.869141 0.140625 0.875 0.0957031 0.763672 0.101562 0.775391 0.136719 0.800781 0.158203 0.845703 0.164062 0.845703 0.164062
0 0.0273438 0.193359 0.00390625 0.189453 0 0.175781 0.0195312 0.185547 0.0351562 0.177734 0.0527344 0.160156 0.0566406 0.125 0.0390625 0.111328 0 0.117188 0.046875 0.103516 0.0644531 0.117188 0.0644531 0.15625 0.0273438 0.193359
0 0.449219 0.173828 0.425781 0.173828 0.388672 0.148438 0.410156 0.107422 0.427734 0.105469 0.396484 0.140625 0.433594 0.166016 0.453125 0.162109 0.482422 0.128906 0.433594 0.0996094 0.490234 0.117188 0.486328 0.144531 0.449219 0.173828
0 0.519531 0.181641 0.498047 0.164062 0.498047 0.128906 0.519531 0.103516 0.554688 0.115234 0.568359 0.132812 0.550781 0.181641 0.550781 0.181641 0.519531 0.181641 0.527344 0.173828 0.544922 0.171875 0.544922 0.171875 0.556641 0.136719 0.519531 0.119141 0.505859 0.15625 0.527344 0.173828
0 0.253906 0.111328 0.291016 0.117188 0.291016 0.148438 0.277344 0.169922 0.277344 0.169922 0.240234 0.160156 0.253906 0.111328 0.257812 0.119141 0.248047 0.152344 0.271484 0.160156 0.271484 0.160156 0.283203 0.125 0.257812 0.119141
0 0.359375 0.181641 0.3125 0.169922 0.306641 0.140625 0.320312 0.130859 0.359375 0.138672 0.369141 0.148438 0.359375 0.181641 0.359375 0.181641 0.357422 0.171875 0.351562 0.146484 0.328125 0.138672 0.314453 0.148438 0.328125 0.169922 0.357422 0.171875 0.357422 0.171875
0 0.599609 0.171875 0.609375 0.130859 0.646484 0.148438 0.644531 0.193359 0.644531 0.193359 0.599609 0.171875 0.607422 0.164062 0.638672 0.183594 0.638672 0.183594 0.642578 0.164062 0.617188 0.138672 0.607422 0.164062
0 0.115234 0.1875 0.15625 0.150391 0.195312 0.150391 0.212891 0.1875 0.171875 0.224609 0.171875 0.224609 0.144531 0.220703 0.115234 0.1875 0.123047 0.1875 0.166016 0.214844 0.166016 0.214844 0.205078 0.179688 0.1875 0.158203 0.160156 0.158203 0.123047 0.1875
0 0.71875 0.232422 0.679688 0.228516 0.666016 0.1875 0.691406 0.154297 0.714844 0.150391 0.673828 0.191406 0.679688 0.216797 0.714844 0.224609 0.740234 0.207031 0.755859 0.171875 0.75 0.158203 0.720703 0.152344 0.757812 0.150391 0.759766 0.191406 0.71875 0.232422
0 0.861328 0.199219 0.894531 0.166016 0.957031 0.154297 0.970703 0.164062 0.974609 0.195312 0.925781 0.259766 0.925781 0.259766 0.875 0.255859 0.861328 0.238281 0.861328 0.199219 0.869141 0.203125 0.869141 0.230469 0.882812 0.248047 0.919922 0.25 0.919922 0.25 0.962891 0.199219 0.966797 0.179688 0.949219 0.162109 0.886719 0.181641 0.869141 0.203125
0 0.0742188 0.310547 0.0644531 0.296875 0.0644531 0.234375 0.09375 0.185547 0.142578 0.253906 0.142578 0.285156 0.113281 0.310547 0.113281 0.310547 0.0742188 0.310547 0.0820312 0.302734 0.107422 0.300781 0.107422 0.300781 0.134766 0.277344 0.134766 0.261719 0.09375 0.201172 0.0722656 0.242188 0.0722656 0.289062 0.0820312 0.302734
0 0.236328 0.230469 0.3125 0.193359 0.326172 0.242188 0.273438 0.302734 0.273438 0.302734 0.255859 0.296875 0.236328 0.230469 0.244141 0.234375 0.267578 0.292969 0.267578 0.292969 0.318359 0.238281 0.304688 0.201172 0.244141 0.234375
0 0.566406 0.193359 0.601562 0.197266 0.615234 0.210938 0.615234 0.234375 0.601562 0.248047 0.601562 0.248047 0.550781 0.240234 0.544922 0.207031 0.566406 0.193359 0.570312 0.201172 0.552734 0.214844 0.558594 0.232422 0.595703 0.238281 0.595703 0.238281 0.607422 0.214844 0.59375 0.205078 0.570312 0.201172
0 0.046875 0.267578 0.0195312 0.267578 0 0.246094 0.0117188 0.216797 0.0566406 0.222656 0.046875 0.267578 0.046875 0.267578 0.0410156 0.257812 0.0429688 0.224609 0.00976562 0.230469 0.0195312 0.255859 0.0410156 0.257812 0.0410156 0.257812
0 0.458984 0.253906 0.484375 0.220703 0.507812 0.224609 0.525391 0.25 0.525391 0.273438 0.496094 0.306641 0.496094 0.306641 0.458984 0.28125 0.458984 0.253906 0.466797 0.257812 0.470703 0.28125 0.490234 0.296875 0.490234 0.296875 0.517578 0.265625 0.496094 0.228516 0.466797 0.257812
0 0.619141 0.289062 0.628906 0.236328 0.677734 0.265625 0.677734 0.289062 0.660156 0.314453 0.660156 0.314453 0.636719 0.310547 0.619141 0.289062 0.626953 0.285156 0.654297 0.304688 0.654297 0.304688 0.669922 0.273438 0.632812 0.248047 0.626953 0.285156
0 0.701172 0.347656 0.701172 0.277344 0.738281 0.248047 0.78125 0.248047 0.791016 0.304688 0.742188 0.357422 0.742188 0.357422 0.701172 0.347656 0.708984 0.339844 0.744141 0.34375 0.744141 0.34375 0.783203 0.296875 0.783203 0.269531 0.761719 0.251953 0.708984 0.285156 0.708984 0.339844
0 0.337891 0.332031 0.345703 0.300781 0.386719 0.248047 0.435547 0.308594 0.435547 0.347656 0.398438 0.388672 0.398438 0.388672 0.382812 0.388672 0.337891 0.332031 0.345703 0.324219 0.357422 0.351562 0.392578 0.378906 0.392578 0.378906 0.427734 0.339844 0.427734 0.316406 0.386719 0.259766 0.345703 0.324219
0 0.996094 0.345703 0.978516 0.320312 0.978516 0.277344 0.996094 0.259766 0.986328 0.285156 0.996094 0.345703
0 0.546875 0.267578 0.5625 0.267578 0.591797 0.300781 0.591797 0.324219 0.570312 0.345703 0.570312 0.345703 0.529297 0.320312 0.529297 0.285156 0.546875 0.267578 0.550781 0.275391 0.537109 0.3125 0.568359 0.332031 0.568359 0.332031 0.583984 0.304688 0.550781 0.275391
0 0.798828 0.328125 0.824219 0.294922 0.861328 0.308594 0.861328 0.332031 0.835938 0.365234 0.835938 0.365234 0.798828 0.363281 0.798828 0.328125 0.806641 0.335938 0.816406 0.349609 0.833984 0.347656 0.833984 0.347656 0.853516 0.324219 0.84375 0.306641 0.806641 0.335938
0 0.132812 0.404297 0.111328 0.398438 0.103516 0.347656 0.144531 0.306641 0.164062 0.306641 0.173828 0.316406 0.169922 0.367188 0.162109 0.386719 0.132812 0.404297 0.132812 0.404297 0.130859 0.394531 0.162109 0.359375 0.166016 0.324219 0.15625 0.314453 0.119141 0.34375 0.119141 0.390625 0.130859 0.394531 0.130859 0.394531
0 0.234375 0.439453 0.216797 0.414062 0.208984 0.34375 0.222656 0.322266 0.310547 0.355469 0.306641 0.433594 0.292969 0.462891 0.292969 0.462891 0.234375 0.439453 0.242188 0.431641 0.291016 0.449219 0.291016 0.449219 0.302734 0.367188 0.226562 0.337891 0.216797 0.390625 0.228516 0.414062 0.242188 0.431641
0 0.496094 0.404297 0.458984 0.398438 0.458984 0.351562 0.480469 0.326172 0.523438 0.322266 0.533203 0.371094 0.496094 0.404297 0.496094 0.404297 0.494141 0.394531 0.525391 0.363281 0.515625 0.330078 0.474609 0.351562 0.474609 0.382812 0.494141 0.394531 0.494141 0.394531
0 0.628906 0.322266 0.660156 0.322266 0.685547 0.34375 0.693359 0.386719 0.683594 0.396484 0.683594 0.396484 0.65625 0.396484 0.623047 0.367188 0.619141 0.332031 0.628906 0.322266 0.632812 0.330078 0.634766 0.367188 0.677734 0.386719 0.677734 0.386719 0.685547 0.371094 0.669922 0.339844 0.632812 0.330078
0 0.0839844 0.355469 0.0839844 0.394531 0.0703125 0.408203 0.0703125 0.408203 0.0429688 0.408203 0.0214844 0.390625 0.03125 0.341797 0.0664062 0.337891 0.0839844 0.355469 0.0761719 0.363281 0.0429688 0.345703 0.0292969 0.375 0.0429688 0.396484 0.0644531 0.398438 0.0644531 0.398438 0.0761719 0.363281
0 0.929688 0.337891 0.943359 0.363281 0.917969 0.388672 0.917969 0.388672 0.859375 0.380859 0.857422 0.351562 0.878906 0.333984 0.929688 0.337891 0.921875 0.345703 0.869141 0.351562 0.871094 0.376953 0.912109 0.378906 0.912109 0.378906 0.931641 0.363281 0.921875 0.345703
0 0.529297 0.464844 0.525391 0.410156 0.5625 0.369141 0.605469 0.369141 0.619141 0.425781 0.574219 0.478516 0.574219 0.478516 0.546875 0.478516 0.529297 0.464844 0.537109 0.457031 0.568359 0.46875 0.568359 0.46875 0.611328 0.417969 0.597656 0.376953 0.570312 0.376953 0.533203 0.417969 0.537109 0.457031
0 0.695312 0.443359 0.685547 0.429688 0.689453 0.40625 0.71875 0.380859 0.748047 0.386719 0.748047 0.425781 0.730469 0.447266 0.730469 0.447266 0.695312 0.443359 0.703125 0.435547 0.720703 0.433594 0.720703 0.433594 0.740234 0.40625 0.730469 0.388672 0.697266 0.414062 0.703125 0.435547
0 0.791016 0.425781 0.816406 0.384766 0.839844 0.384766 0.853516 0.40625 0.849609 0.449219 0.828125 0.482422 0.828125 0.482422 0.804688 0.482422 0.791016 0.460938 0.791016 0.425781 0.798828 0.433594 0.802734 0.460938 0.822266 0.472656 0.822266 0.472656 0.845703 0.429688 0.832031 0.408203 0.798828 0.433594
0 0.892578 0.441406 0.896484 0.417969 0.921875 0.396484 0.945312 0.396484 0.958984 0.414062 0.941406 0.470703 0.941406 0.470703 0.914062 0.466797 0.892578 0.441406 0.900391 0.4375 0.935547 0.460938 0.935547 0.460938 0.951172 0.421875 0.925781 0.404297 0.900391 0.4375
0 0.150391 0.492188 0.144531 0.525391 0.144531 0.525391 0.101562 0.525391 0.0527344 0.496094 0.0371094 0.460938 0.0429688 0.419922 0.126953 0.429688 0.150391 0.492188 0.142578 0.5 0.117188 0.435547 0.0488281 0.429688 0.0488281 0.46875 0.078125 0.505859 0.138672 0.515625 0.138672 0.515625 0.142578 0.5
0 0.433594 0.439453 0.451172 0.441406 0.447266 0.464844 0.435547 0.488281 0.382812 0.529297 0.382812 0.529297 0.320312 0.509766 0.310547 0.484375 0.359375 0.427734 0.433594 0.427734 0.433594 0.439453 0.4375 0.447266 0.367188 0.435547 0.326172 0.480469 0.328125 0.501953 0.384766 0.515625 0.384766 0.515625 0.427734 0.480469 0.4375 0.447266
0 0.677734 0.464844 0.648438 0.513672 0.648438 0.513672 0.626953 0.503906 0.623047 0.46875 0.642578 0.433594 0.660156 0.431641 0.677734 0.441406 0.677734 0.464844 0.669922 0.460938 0.660156 0.443359 0.642578 0.449219 0.630859 0.476562 0.630859 0.492188 0.646484 0.5 0.646484 0.5 0.669922 0.460938
0 0.996094 0.509766 0.974609 0.496094 0.978516 0.460938 0.996094 0.443359 0.982422 0.476562 0.998047 0.492188 0.996094 0.509766
0 0.71875 0.455078 0.78125 0.451172 0.779297 0.5 0.761719 0.525391 0.738281 0.533203 0.738281 0.533203 0.693359 0.519531 0.693359 0.480469 0.71875 0.455078 0.732422 0.523438 0.710938 0.517578 0.697266 0.492188 0.726562 0.462891 0.755859 0.53125 0.773438 0.521484 0.777344 0.529297 0.748047 0.5625 0.787109 0.574219 0.787109 0.574219 0.806641 0.542969 0.777344 0.529297 0.773438 0.521484 0.800781 0.521484 0.814453 0.535156 0.814453 0.554688 0.792969 0.583984 0.792969 0.583984 0.761719 0.583984 0.740234 0.570312 0.755859 0.53125 0.726562 0.462891 0.773438 0.458984 0.779297 0.476562 0.732422 0.523438 0.732422 0.523438
0 0.833984 0.539062 0.841797 0.492188 0.875 0.470703 0.90625 0.474609 0.931641 0.503906 0.923828 0.554688 0.890625 0.564453 0.890625 0.564453 0.851562 0.556641 0.833984 0.539062 0.841797 0.53125 0.884766 0.554688 0.884766 0.554688 0.912109 0.546875 0.916016 0.503906 0.898438 0.486328 0.863281 0.486328 0.841797 0.53125
0 0.306641 0.511719 0.306641 0.539062 0.285156 0.564453 0.285156 0.564453 0.259766 0.539062 0.259766 0.492188 0.277344 0.482422 0.289062 0.482422 0.306641 0.511719 0.298828 0.515625 0.273438 0.498047 0.267578 0.53125 0.283203 0.550781 0.283203 0.550781 0.298828 0.515625
0 0.263672 0.613281 0.238281 0.642578 0.238281 0.642578 0.197266 0.597656 0.222656 0.533203 0.263672 0.578125 0.263672 0.613281 0.255859 0.609375 0.255859 0.585938 0.226562 0.556641 0.216797 0.601562 0.240234 0.628906 0.240234 0.628906 0.255859 0.609375
0 0.638672 0.597656 0.638672 0.558594 0.664062 0.537109 0.6875 0.537109 0.732422 0.570312 0.724609 0.632812 0.707031 0.650391 0.707031 0.650391 0.683594 0.650391 0.638672 0.597656 0.646484 0.589844 0.664062 0.623047 0.701172 0.640625 0.701172 0.640625 0.716797 0.625 0.724609 0.578125 0.671875 0.544922 0.646484 0.566406 0.646484 0.589844
0 0.275391 0.601562 0.298828 0.566406 0.316406 0.560547 0.337891 0.601562 0.304688 0.650391 0.304688 0.650391 0.283203 0.640625 0.275391 0.601562 0.283203 0.609375 0.302734 0.636719 0.302734 0.636719 0.330078 0.59375 0.3125 0.572266 0.283203 0.609375
0 0.996094 0.642578 0.9375 0.642578 0.919922 0.625 0.919922 0.601562 0.949219 0.560547 0.996094 0.560547 0.998047 0.570312 0.953125 0.572266 0.935547 0.621094 0.953125 0.630859 0.996094 0.626953 0.996094 0.642578
0 0.410156 0.587891 0.443359 0.640625 0.443359 0.675781 0.378906 0.732422 0.378906 0.732422 0.353516 0.722656 0.333984 0.648438 0.359375 0.595703 0.410156 0.587891 0.402344 0.595703 0.371094 0.599609 0.345703 0.640625 0.361328 0.710938 0.373047 0.71875 0.373047 0.71875 0.431641 0.664062 0.427734 0.632812 0.402344 0.595703
0 0.583984 0.644531 0.535156 0.689453 0.535156 0.689453 0.503906 0.689453 0.486328 0.644531 0.511719 0.611328 0.574219 0.611328 0.583984 0.644531 0.576172 0.640625 0.566406 0.619141 0.527344 0.615234 0.501953 0.636719 0.501953 0.671875 0.529297 0.679688 0.529297 0.679688 0.576172 0.640625
0 0.794922 0.660156 0.792969 0.607422 0.828125 0.619141 0.853516 0.644531 0.84375 0.681641 0.84375 0.681641 0.794922 0.660156 0.806641 0.660156 0.753906 0.630859 0.724609 0.65625 0.720703 0.683594 0.742188 0.705078 0.728516 0.679688 0.763672 0.699219 0.763672 0.699219 0.791016 0.675781 0.757812 0.638672 0.728516 0.679688 0.742188 0.705078 0.789062 0.708984 0.789062 0.708984 0.810547 0.683594 0.753906 0.630859 0.806641 0.660156 0.841797 0.667969 0.841797 0.667969 0.841797 0.644531 0.800781 0.619141 0.806641 0.660156
0 0.0800781 0.648438 0.105469 0.626953 0.136719 0.626953 0.130859 0.675781 0.0859375 0.712891 0.0859375 0.712891 0.0683594 0.707031 0.0800781 0.648438 0.0878906 0.652344 0.0839844 0.703125 0.0839844 0.703125 0.123047 0.667969 0.128906 0.634766 0.0878906 0.652344
0 0.195312 0.650391 0.230469 0.650391 0.248047 0.664062 0.248047 0.703125 0.224609 0.753906 0.203125 0.771484 0.203125 0.771484 0.1875 0.771484 0.166016 0.75 0.158203 0.683594 0.195312 0.650391 0.203125 0.658203 0.173828 0.683594 0.177734 0.746094 0.197266 0.761719 0.197266 0.761719 0.220703 0.742188 0.240234 0.695312 0.240234 0.671875 0.222656 0.658203 0.203125 0.658203
0 0.00585938 0.703125 0.00390625 0.673828 0.0273438 0.673828 0.0527344 0.695312 0.046875 0.720703 0.046875 0.720703 0.00585938 0.703125 0.0136719 0.695312 0.0410156 0.710938 0.0410156 0.710938 0.0449219 0.703125 0.015625 0.681641 0.0136719 0.695312
0 0.941406 0.783203 0.90625 0.783203 0.878906 0.767578 0.853516 0.71875 0.873047 0.683594 0.894531 0.673828 0.996094 0.673828 0.996094 0.701172 0.910156 0.689453 0.890625 0.693359 0.861328 0.726562 0.886719 0.759766 0.933594 0.775391 0.996094 0.716797 0.994141 0.738281 0.941406 0.783203
0 0.677734 0.777344 0.652344 0.806641 0.589844 0.830078 0.589844 0.830078 0.5625 0.830078 0.552734 0.808594 0.548828 0.726562 0.621094 0.685547 0.660156 0.693359 0.677734 0.722656 0.677734 0.777344 0.669922 0.773438 0.673828 0.746094 0.652344 0.701172 0.597656 0.705078 0.556641 0.742188 0.564453 0.8125 0.583984 0.820312 0.583984 0.820312 0.617188 0.814453 0.669922 0.773438
0 0.472656 0.705078 0.525391 0.726562 0.533203 0.753906 0.523438 0.767578 0.523438 0.767578 0.5 0.767578 0.478516 0.746094 0.466797 0.730469 0.472656 0.705078 0.480469 0.712891 0.482422 0.734375 0.517578 0.757812 0.517578 0.757812 0.521484 0.738281 0.480469 0.712891
0 0.0527344 0.738281 0.0898438 0.716797 0.0917969 0.753906 0.0742188 0.783203 0.0742188 0.783203 0.0566406 0.777344 0.0527344 0.738281 0.0605469 0.746094 0.0722656 0.769531 0.0722656 0.769531 0.0820312 0.728516 0.0605469 0.746094
0 0.300781 0.720703 0.339844 0.720703 0.349609 0.734375 0.345703 0.785156 0.328125 0.814453 0.328125 0.814453 0.294922 0.769531 0.300781 0.720703 0.304688 0.728516 0.302734 0.761719 0.326172 0.796875 0.326172 0.796875 0.341797 0.742188 0.332031 0.728516 0.304688 0.728516
0 0.708984 0.773438 0.738281 0.720703 0.761719 0.724609 0.779297 0.761719 0.775391 0.800781 0.75 0.833984 0.75 0.833984 0.722656 0.830078 0.708984 0.804688 0.708984 0.773438 0.716797 0.78125 0.724609 0.816406 0.744141 0.824219 0.744141 0.824219 0.771484 0.777344 0.75 0.728516 0.716797 0.78125
0 0.0957031 0.808594 0.105469 0.736328 0.150391 0.761719 0.146484 0.804688 0.128906 0.830078 0.128906 0.830078 0.0957031 0.808594 0.103516 0.800781 0.123047 0.820312 0.123047 0.820312 0.142578 0.769531 0.113281 0.744141 0.103516 0.800781
0 0.265625 0.740234 0.279297 0.761719 0.257812 0.830078 0.257812 0.830078 0.224609 0.800781 0.216797 0.777344 0.246094 0.740234 0.265625 0.740234 0.257812 0.748047 0.228516 0.773438 0.228516 0.789062 0.255859 0.816406 0.255859 0.816406 0.271484 0.78125 0.257812 0.748047
0 0.0078125 0.833984 0 0.824219 0.0136719 0.804688 0.0136719 0.773438 0 0.748047 0.0214844 0.765625 0.0214844 0.8125 0.0078125 0.833984
0 0.351562 0.861328 0.337891 0.851562 0.357422 0.78125 0.398438 0.763672 0.447266 0.777344 0.443359 0.832031 0.414062 0.861328 0.414062 0.861328 0.351562 0.861328 0.355469 0.853516 0.408203 0.851562 0.408203 0.851562 0.435547 0.824219 0.439453 0.785156 0.40625 0.771484 0.357422 0.804688 0.345703 0.84375 0.355469 0.853516
0 0.167969 0.779297 0.203125 0.783203 0.224609 0.820312 0.224609 0.847656 0.1875 0.865234 0.1875 0.865234 0.167969 0.865234 0.146484 0.835938 0.167969 0.779297 0.175781 0.787109 0.154297 0.820312 0.181641 0.855469 0.181641 0.855469 0.216797 0.839844 0.212891 0.8125 0.191406 0.787109 0.175781 0.787109
0 0.492188 0.892578 0.472656 0.892578 0.447266 0.855469 0.480469 0.806641 0.507812 0.810547 0.529297 0.835938 0.525391 0.863281 0.492188 0.892578 0.492188 0.892578 0.486328 0.882812 0.521484 0.847656 0.492188 0.814453 0.458984 0.84375 0.470703 0.875 0.486328 0.882812 0.486328 0.882812
0 0.0175781 0.847656 0.03125 0.830078 0.0546875 0.830078 0.0722656 0.859375 0.0585938 0.900391 0.0585938 0.900391 0.0253906 0.886719 0.0175781 0.847656 0.0253906 0.855469 0.0292969 0.871094 0.0429688 0.888672 0.0566406 0.886719 0.0566406 0.886719 0.0644531 0.867188 0.0390625 0.837891 0.0253906 0.855469
0 0.882812 0.904297 0.853516 0.878906 0.871094 0.826172 0.898438 0.826172 0.951172 0.855469 0.947266 0.882812 0.917969 0.908203 0.917969 0.908203 0.882812 0.904297 0.890625 0.896484 0.912109 0.898438 0.912109 0.898438 0.943359 0.863281 0.878906 0.833984 0.865234 0.875 0.890625 0.896484
0 0.996094 0.880859 0.996094 0.845703 0.996094 0.880859
0 0 0.892578 0.00390625 0.853516 0.00976562 0.882812 0 0.892578
0 0.253906 0.896484 0.214844 0.892578 0.205078 0.871094 0.234375 0.853516 0.265625 0.857422 0.271484 0.882812 0.253906 0.896484 0.253906 0.896484 0.251953 0.886719 0.263672 0.875 0.25 0.861328 0.216797 0.875 0.230469 0.888672 0.251953 0.886719 0.251953 0.886719
0 0.740234 0.894531 0.769531 0.861328 0.796875 0.853516 0.822266 0.890625 0.822266 0.914062 0.806641 0.941406 0.777344 0.958984 0.777344 0.958984 0.744141 0.933594 0.740234 0.894531 0.748047 0.902344 0.759766 0.9375 0.775391 0.941406 0.775391 0.941406 0.802734 0.902344 0.789062 0.861328 0.748047 0.902344
0 0.580078 0.882812 0.605469 0.857422 0.652344 0.857422 0.662109 0.878906 0.654297 0.914062 0.597656 0.943359 0.597656 0.943359 0.576172 0.929688 0.580078 0.882812 0.587891 0.890625 0.583984 0.917969 0.603516 0.925781 0.603516 0.925781 0.646484 0.90625 0.654297 0.886719 0.644531 0.865234 0.617188 0.865234 0.587891 0.890625
0 0.0976562 0.884766 0.167969 0.884766 0.181641 0.898438 0.181641 0.925781 0.128906 0.955078 0.128906 0.955078 0.0703125 0.947266 0.0683594 0.917969 0.0976562 0.884766 0.105469 0.892578 0.0878906 0.90625 0.0761719 0.929688 0.123047 0.945312 0.123047 0.945312 0.173828 0.917969 0.160156 0.892578 0.105469 0.892578
0 0.363281 0.986328 0.330078 0.96875 0.314453 0.929688 0.320312 0.908203 0.365234 0.917969 0.373047 0.980469 0.363281 0.986328 0.363281 0.986328 0.361328 0.976562 0.361328 0.929688 0.328125 0.916016 0.337891 0.960938 0.361328 0.976562 0.361328 0.976562
0 0.460938 0.916016 0.490234 0.941406 0.474609 0.980469 0.445312 0.994141 0.445312 0.994141 0.40625 0.990234 0.384766 0.960938 0.396484 0.925781 0.414062 0.912109 0.460938 0.916016 0.457031 0.923828 0.421875 0.919922 0.396484 0.960938 0.414062 0.982422 0.439453 0.984375 0.439453 0.984375 0.460938 0.978516 0.482422 0.949219 0.457031 0.923828
0 0.710938 0.994141 0.667969 0.990234 0.642578 0.957031 0.675781 0.935547 0.714844 0.935547 0.724609 0.984375 0.710938 0.994141 0.710938 0.994141 0.708984 0.984375 0.716797 0.964844 0.703125 0.939453 0.654297 0.960938 0.675781 0.982422 0.708984 0.984375 0.708984 0.984375
0 0.941406 0.998047 0.931641 0.996094 0.931641 0.972656 0.894531 0.951172 0.867188 0.958984 0.845703 0.980469 0.847656 0.998047 0.837891 0.996094 0.837891 0.976562 0.859375 0.951172 0.90625 0.939453 0.939453 0.964844 0.941406 0.998047
0 0.0507812 0.998047 0.0234375 0.958984 0 0.966797 0 0.953125 0.03125 0.951172 0.0488281 0.972656 0.0507812 0.998047
0 0.28125 0.998047 0.226562 0.966797 0.205078 0.972656 0.195312 0.998047 0.185547 0.988281 0.199219 0.962891 0.234375 0.958984 0.257812 0.966797 0.28125 0.998047
0 0.00390625 0.998047 0 0.986328 0.00390625 0.998047
0 0.570312 0.998047 0.556641 0.996094 0.570312 0.998047
