0 0.511719 0.119141 0.451172 0.105469 0.396484 0.0234375 0.398438 0 0.423828 0 0.427734 0.0273438 0.46875 0.0878906 0.503906 0.0957031 0.537109 0.0742188 0.552734 0.0351562 0.548828 0 0.580078 0.00390625 0.568359 0.0703125 0.542969 0.103516 0.511719 0.119141
0 0.689453 0.078125 0.71875 0.00195312 0.789062 0.0175781 0.837891 0.0625 0.849609 0.144531 0.828125 0.193359 0.828125 0.193359 0.765625 0.185547 0.701172 0.117188 0.689453 0.078125 0.712891 0.078125 0.716797 0.09375 0.773438 0.158203 0.814453 0.167969 0.814453 0.167969 0.818359 0.078125 0.769531 0.0371094 0.734375 0.0292969 0.712891 0.078125
0 0.996094 0.185547 0.962891 0.167969 0.931641 0.109375 0.935547 0.0703125 0.992188 0.0332031 0.998047 0.0859375 0.984375 0.0996094 0.964844 0.0957031 0.962891 0.109375 0.998047 0.160156 0.996094 0.185547
0 0.845703 0.0722656 0.00390625 0.00390625
0 0.160156 0.0917969 0.195312 0.111328 0.228516 0.164062 0.216797 0.28125 0.201172 0.316406 0.167969 0.337891 0.167969 0.337891 0.119141 0.324219 0.0800781 0.222656 0.0839844 0.152344 0.132812 0.0917969 0.160156 0.0917969 0.152344 0.115234 0.107422 0.164062 0.107422 0.203125 0.134766 0.300781 0.162109 0.308594 0.162109 0.308594 0.189453 0.285156 0.205078 0.199219 0.197266 0.15625 0.152344 0.115234
0 0.810547 0.166016 0.00390625 0.00390625
0 0.941406 0.380859 0.875 0.369141 0.853516 0.3125 0.880859 0.246094 0.9375 0.216797 0.976562 0.224609 0.998047 0.246094 0.998047 0.351562 0.941406 0.380859 0.941406 0.380859 0.943359 0.355469 0.960938 0.353516 0.994141 0.316406 0.974609 0.257812 0.945312 0.244141 0.90625 0.259766 0.880859 0.292969 0.892578 0.34375 0.943359 0.355469 0.943359 0.355469
0 0.800781 0.318359 0.841797 0.378906 0.837891 0.421875 0.816406 0.439453 0.777344 0.447266 0.777344 0.447266 0.724609 0.40625 0.716797 0.382812 0.716797 0.347656 0.757812 0.302734 0.800781 0.318359 0.785156 0.337891 0.757812 0.330078 0.744141 0.351562 0.748047 0.386719 0.785156 0.416016 0.802734 0.414062 0.802734 0.414062 0.814453 0.40625 0.802734 0.359375 0.785156 0.337891
0 0.767578 0.337891 0.00390625 0.00390625
0 0.830078 0.349609 0.00390625 0.00390625
0 0.0996094 0.484375 0.103516 0.445312 0.125 0.408203 0.152344 0.384766 0.222656 0.361328 0.242188 0.369141 0.238281 0.376953 0.277344 0.380859 0.337891 0.433594 0.316406 0.498047 0.226562 0.541016 0.226562 0.541016 0.132812 0.533203 0.0996094 0.484375 0.123047 0.476562 0.134766 0.5 0.160156 0.513672 0.216797 0.515625 0.216797 0.515625 0.28125 0.490234 0.306641 0.464844 0.306641 0.445312 0.257812 0.404297 0.230469 0.408203 0.21875 0.392578 0.199219 0.392578 0.134766 0.433594 0.123047 0.476562
0 0.935547 0.388672 0.00390625 0.00390625
0 0.724609 0.5 0.693359 0.570312 0.644531 0.619141 0.644531 0.619141 0.597656 0.615234 0.576172 0.597656 0.556641 0.546875 0.556641 0.496094 0.578125 0.443359 0.65625 0.400391 0.708984 0.429688 0.724609 0.5 0.701172 0.496094 0.697266 0.464844 0.671875 0.435547 0.625 0.443359 0.587891 0.476562 0.587891 0.5625 0.601562 0.587891 0.626953 0.589844 0.626953 0.589844 0.654297 0.578125 0.701172 0.496094
0 0.689453 0.412109 0.00390625 0.00390625
0 0.966797 0.492188 0.966797 0.53125 0.917969 0.572266 0.917969 0.572266 0.875 0.556641 0.849609 0.515625 0.841797 0.480469 0.878906 0.451172 0.9375 0.455078 0.966797 0.492188 0.943359 0.496094 0.925781 0.478516 0.882812 0.478516 0.873047 0.488281 0.888672 0.515625 0.880859 0.519531 0.894531 0.537109 0.919922 0.542969 0.919922 0.542969 0.943359 0.496094
0 0.564453 0.470703 0.00390625 0.00390625
0 0.121094 0.658203 0.162109 0.699219 0.166016 0.753906 0.128906 0.791016 0.128906 0.791016 0.0898438 0.791016 0.0527344 0.753906 0.0410156 0.699219 0.0507812 0.662109 0.121094 0.658203 0.105469 0.677734 0.0703125 0.681641 0.0800781 0.75 0.115234 0.765625 0.115234 0.765625 0.146484 0.738281 0.138672 0.714844 0.105469 0.677734
