0 0.0429688 0.103516 0.00390625 0.0957031 0 0.0664062 0.0429688 0.0761719 0.0742188 0.0683594 0.0878906 0.0585938 0.0839844 0 0.136719 0 0.138672 0.0351562 0.111328 0.0546875 0.107422 0.078125 0.0429688 0.103516
0 0.480469 0.123047 0.441406 0.115234 0.412109 0.0859375 0.404297 0.046875 0.384766 0.0273438 0.398438 0 0.431641 0 0.416016 0.0117188 0.427734 0.0585938 0.46875 0.0957031 0.478516 0.09375 0.490234 0.046875 0.455078 0 0.484375 0 0.509766 0.0234375 0.517578 0.0703125 0.505859 0.078125 0.501953 0.109375 0.480469 0.123047
0 0.597656 0.0761719 0.552734 0.0703125 0.533203 0.0390625 0.529297 0.00390625 0.589844 0 0.601562 0.0214844 0.621094 0 0.667969 0 0.597656 0.0761719
0 0.855469 0.107422 0.791016 0.0898438 0.779297 0.0703125 0.775391 0 0.806641 0.00390625 0.810547 0.0703125 0.851562 0.0800781 0.884766 0.0664062 0.914062 0 0.941406 0 0.904297 0.0820312 0.855469 0.107422
0 0.996094 0.123047 0.966797 0.0703125 0.966797 0.0429688 0.992188 0.0136719 0.996094 0.123047
0 0.617188 0.0996094 0.664062 0.0917969 0.701172 0.128906 0.708984 0.214844 0.660156 0.255859 0.660156 0.255859 0.609375 0.244141 0.591797 0.226562 0.576172 0.199219 0.576172 0.144531 0.617188 0.0996094 0.621094 0.126953 0.607422 0.144531 0.603516 0.191406 0.623047 0.203125 0.623047 0.203125 0.666016 0.167969 0.652344 0.119141 0.621094 0.126953
0 0.996094 0.298828 0.982422 0.273438 0.996094 0.212891 0.996094 0.298828
0 0.0351562 0.599609 0.00390625 0.599609 0 0.5625 0.0273438 0.576172 0.0410156 0.5625 0.0644531 0.507812 0.0683594 0.464844 0.0488281 0.417969 0 0.386719 0 0.367188 0.0117188 0.361328 0.0722656 0.40625 0.0917969 0.449219 0.0878906 0.527344 0.0644531 0.578125 0.0351562 0.599609
0 0.273438 0.439453 0.277344 0.431641 0.330078 0.488281 0.341797 0.546875 0.300781 0.619141 0.269531 0.642578 0.242188 0.646484 0.242188 0.646484 0.166016 0.566406 0.142578 0.488281 0.214844 0.431641 0.257812 0.427734 0.273438 0.439453 0.261719 0.458984 0.222656 0.455078 0.201172 0.472656 0.216797 0.484375 0.208984 0.503906 0.195312 0.521484 0.183594 0.517578 0.177734 0.535156 0.242188 0.615234 0.267578 0.613281 0.267578 0.613281 0.294922 0.585938 0.318359 0.527344 0.306641 0.5 0.261719 0.458984
0 0.193359 0.529297 0.00390625 0.00390625
0 0.337891 0.572266 0.00390625 0.00390625
0 0.318359 0.603516 0.00390625 0.00390625
0 0.125 0.892578 0.0761719 0.8125 0.0996094 0.734375 0.152344 0.701172 0.195312 0.716797 0.232422 0.777344 0.224609 0.863281 0.1875 0.912109 0.1875 0.912109 0.148438 0.908203 0.125 0.892578 0.136719 0.869141 0.177734 0.882812 0.177734 0.882812 0.197266 0.863281 0.205078 0.78125 0.185547 0.746094 0.160156 0.728516 0.119141 0.753906 0.103516 0.8125 0.136719 0.869141
0 0.302734 0.820312 0.291016 0.804688 0.294922 0.765625 0.3125 0.748047 0.398438 0.744141 0.412109 0.757812 0.412109 0.804688 0.382812 0.837891 0.355469 0.845703 0.355469 0.845703 0.328125 0.841797 0.302734 0.820312 0.318359 0.800781 0.353516 0.820312 0.353516 0.820312 0.380859 0.808594 0.384766 0.777344 0.324219 0.771484 0.318359 0.800781
0 0.466797 0.816406 0.492188 0.787109 0.580078 0.804688 0.587891 0.851562 0.558594 0.892578 0.558594 0.892578 0.496094 0.880859 0.466797 0.851562 0.466797 0.816406 0.494141 0.820312 0.5 0.849609 0.548828 0.863281 0.548828 0.863281 0.564453 0.835938 0.546875 0.818359 0.494141 0.820312
0 0.318359 0.837891 0.00390625 0.00390625
0 0.128906 0.998047 0.0722656 0.996094 0.117188 0.982422 0.128906 0.998047
