0 0.390625 0 0.408203 0.0351562 0.388672 0.101562 0.355469 0.134766 0.308594 0.146484 0.308594 0.146484 0.269531 0.142578 0.251953 0.117188 0.275391 0.0390625 0.328125 0 0.390625 0 0.371094 0.0136719 0.324219 0.0292969 0.294922 0.0585938 0.275391 0.105469 0.302734 0.121094 0.302734 0.121094 0.355469 0.0996094 0.376953 0.0703125 0.380859 0.03125 0.371094 0.0136719
0 0.492188 0.0957031 0.464844 0.0917969 0.447266 0.0742188 0.460938 0 0.482422 0 0.474609 0.0625 0.484375 0.0683594 0.505859 0.0585938 0.501953 0.0429688 0.523438 0.0253906 0.566406 0.0136719 0.566406 0 0.615234 0 0.582031 0.0644531 0.492188 0.0957031
0 0.679688 0 0.738281 0 0.763672 0.0195312 0.779297 0.0507812 0.775391 0.0703125 0.75 0.0996094 0.746094 0.0917969 0.714844 0.111328 0.714844 0.111328 0.644531 0.103516 0.623047 0.0820312 0.619141 0.0429688 0.640625 0.0136719 0.679688 0 0.683594 0.0214844 0.646484 0.046875 0.642578 0.0625 0.667969 0.0878906 0.708984 0.0859375 0.708984 0.0859375 0.748047 0.0664062 0.751953 0.0507812 0.730469 0.0253906 0.683594 0.0214844
0 0.996094 0.201172 0.960938 0.197266 0.919922 0.152344 0.923828 0.128906 0.996094 0.0488281 0.998047 0.0859375 0.951172 0.140625 0.957031 0.158203 0.998047 0.179688 0.996094 0.201172
0 0.685547 0.0839844 0.00390625 0.00390625
0 0.775391 0.0800781 0.00390625 0.00390625
0 0.513672 0.0917969 0.00390625 0.00390625
0 0 0.136719 0.015625 0.115234 0.0546875 0.0996094 0.101562 0.107422 0.126953 0.136719 0.115234 0.195312 0.09375 0.224609 0.0429688 0.240234 0.0429688 0.240234 0 0.238281 0 0.136719 0.0214844 0.148438 0.00585938 0.183594 0.00976562 0.210938 0.0410156 0.210938 0.0410156 0.210938 0.0878906 0.1875 0.09375 0.134766 0.0585938 0.126953 0.0214844 0.148438
0 0.365234 0.214844 0.373047 0.1875 0.361328 0.171875 0.371094 0.138672 0.429688 0.138672 0.466797 0.15625 0.498047 0.207031 0.490234 0.257812 0.476562 0.263672 0.476562 0.263672 0.417969 0.263672 0.376953 0.238281 0.365234 0.214844 0.392578 0.210938 0.414062 0.232422 0.458984 0.238281 0.458984 0.238281 0.470703 0.234375 0.462891 0.191406 0.433594 0.166016 0.398438 0.162109 0.392578 0.210938
0 0.689453 0.207031 0.689453 0.277344 0.660156 0.310547 0.660156 0.310547 0.613281 0.310547 0.583984 0.277344 0.587891 0.210938 0.613281 0.158203 0.664062 0.173828 0.689453 0.207031 0.666016 0.21875 0.632812 0.189453 0.615234 0.210938 0.611328 0.269531 0.617188 0.283203 0.650391 0.285156 0.650391 0.285156 0.666016 0.261719 0.666016 0.21875
0 0.814453 0.28125 0.851562 0.244141 0.886719 0.232422 0.931641 0.269531 0.935547 0.304688 0.912109 0.382812 0.871094 0.392578 0.871094 0.392578 0.816406 0.373047 0.798828 0.320312 0.814453 0.28125 0.830078 0.300781 0.826172 0.34375 0.839844 0.357422 0.880859 0.363281 0.880859 0.363281 0.908203 0.328125 0.908203 0.304688 0.904297 0.277344 0.878906 0.259766 0.830078 0.300781
0 0.996094 0.392578 0.970703 0.371094 0.951172 0.3125 0.966797 0.253906 0.992188 0.232422 0.998047 0.265625 0.986328 0.273438 0.982422 0.308594 0.996094 0.392578
0 0.292969 0.287109 0.308594 0.283203 0.326172 0.304688 0.310547 0.394531 0.265625 0.412109 0.265625 0.412109 0.226562 0.408203 0.166016 0.363281 0.173828 0.355469 0.158203 0.300781 0.207031 0.248047 0.234375 0.271484 0.261719 0.267578 0.292969 0.287109 0.275391 0.308594 0.207031 0.291016 0.189453 0.324219 0.226562 0.361328 0.259766 0.375 0.259766 0.375 0.283203 0.355469 0.275391 0.308594
0 0.712891 0.429688 0.679688 0.455078 0.679688 0.455078 0.621094 0.451172 0.583984 0.421875 0.583984 0.371094 0.613281 0.333984 0.644531 0.330078 0.652344 0.353516 0.671875 0.357422 0.708984 0.394531 0.712891 0.429688 0.689453 0.421875 0.677734 0.394531 0.621094 0.361328 0.603516 0.40625 0.636719 0.427734 0.673828 0.425781 0.673828 0.425781 0.689453 0.421875
0 0 0.40625 0.0253906 0.351562 0.0429688 0.341797 0.0644531 0.347656 0.0722656 0.375 0.103516 0.398438 0.154297 0.472656 0.142578 0.519531 0.0585938 0.568359 0.0585938 0.568359 0.00976562 0.53125 0 0.5 0 0.40625 0.0175781 0.417969 0.0136719 0.46875 0.0332031 0.523438 0.0644531 0.539062 0.0644531 0.539062 0.113281 0.509766 0.126953 0.476562 0.0800781 0.410156 0.0390625 0.380859 0.0175781 0.417969
0 0.78125 0.380859 0.808594 0.384766 0.837891 0.425781 0.837891 0.484375 0.8125 0.517578 0.8125 0.517578 0.773438 0.513672 0.751953 0.492188 0.744141 0.382812 0.757812 0.357422 0.78125 0.380859 0.777344 0.400391 0.767578 0.417969 0.775391 0.480469 0.802734 0.488281 0.802734 0.488281 0.810547 0.425781 0.777344 0.400391
0 0.173828 0.373047 0.00390625 0.00390625
0 0.443359 0.519531 0.443359 0.460938 0.472656 0.416016 0.539062 0.423828 0.568359 0.460938 0.572266 0.503906 0.560547 0.53125 0.511719 0.552734 0.511719 0.552734 0.46875 0.548828 0.443359 0.519531 0.466797 0.519531 0.517578 0.523438 0.517578 0.523438 0.544922 0.507812 0.544922 0.476562 0.511719 0.462891 0.511719 0.447266 0.484375 0.443359 0.470703 0.464844 0.466797 0.519531
0 0.634766 0.458984 0.00390625 0.00390625
0 0.925781 0.697266 0.902344 0.697266 0.865234 0.671875 0.865234 0.613281 0.886719 0.587891 0.914062 0.580078 0.992188 0.580078 0.996094 0.619141 0.933594 0.603516 0.892578 0.621094 0.880859 0.648438 0.890625 0.662109 0.933594 0.669922 0.998047 0.652344 0.996094 0.681641 0.925781 0.697266
0 0.443359 0.710938 0.431641 0.6875 0.439453 0.648438 0.421875 0.599609 0.503906 0.599609 0.552734 0.625 0.572266 0.679688 0.560547 0.714844 0.527344 0.744141 0.527344 0.744141 0.492188 0.744141 0.443359 0.710938 0.462891 0.699219 0.492188 0.716797 0.521484 0.714844 0.521484 0.714844 0.544922 0.691406 0.544922 0.664062 0.507812 0.626953 0.460938 0.623047 0.462891 0.699219
0 0.00976562 0.691406 0.0507812 0.626953 0.09375 0.623047 0.117188 0.638672 0.121094 0.630859 0.162109 0.667969 0.177734 0.699219 0.177734 0.75 0.158203 0.792969 0.136719 0.810547 0.136719 0.810547 0.0703125 0.806641 0.046875 0.787109 0.0273438 0.787109 0.00585938 0.761719 0.00976562 0.691406 0.0371094 0.691406 0.0410156 0.734375 0.0664062 0.767578 0.115234 0.777344 0.115234 0.777344 0.142578 0.746094 0.146484 0.707031 0.0859375 0.650391 0.0664062 0.650391 0.0371094 0.691406
0 0.384766 0.792969 0.324219 0.837891 0.324219 0.837891 0.28125 0.822266 0.228516 0.742188 0.232422 0.710938 0.263672 0.675781 0.308594 0.658203 0.378906 0.689453 0.404297 0.730469 0.384766 0.792969 0.365234 0.777344 0.373047 0.738281 0.335938 0.697266 0.296875 0.689453 0.263672 0.714844 0.259766 0.742188 0.289062 0.791016 0.330078 0.804688 0.330078 0.804688 0.365234 0.777344
0 0.992188 0.876953 0.947266 0.828125 0.947266 0.78125 0.958984 0.761719 0.951172 0.757812 0.976562 0.732422 0.998047 0.734375 0.998047 0.761719 0.978516 0.761719 0.970703 0.800781 0.974609 0.824219 0.998047 0.84375 0.992188 0.876953
0 0.552734 0.792969 0.552734 0.859375 0.535156 0.880859 0.503906 0.892578 0.503906 0.892578 0.474609 0.875 0.439453 0.816406 0.431641 0.792969 0.449219 0.763672 0.503906 0.759766 0.552734 0.792969 0.521484 0.800781 0.492188 0.791016 0.478516 0.820312 0.517578 0.835938 0.517578 0.835938 0.529297 0.824219 0.521484 0.800781
0 0.53125 0.998047 0.503906 0.998047 0.453125 0.947266 0.410156 0.998047 0.384766 0.992188 0.445312 0.919922 0.472656 0.923828 0.537109 0.988281 0.53125 0.998047
