0 0.177734 0.0820312 0.222656 0.0136719 0.257812 0.00195312 0.335938 0.00195312 0.345703 0.117188 0.322266 0.164062 0.28125 0.205078 0.253906 0.212891 0.253906 0.212891 0.222656 0.212891 0.189453 0.1875 0.173828 0.121094 0.177734 0.0820312 0.201172 0.09375 0.212891 0.171875 0.255859 0.183594 0.255859 0.183594 0.28125 0.169922 0.314453 0.125 0.322266 0.0898438 0.3125 0.0253906 0.242188 0.0332031 0.201172 0.09375
0 0.71875 0.0214844 0.757812 0.00585938 0.824219 0.00585938 0.876953 0.03125 0.880859 0.0664062 0.869141 0.0898438 0.8125 0.119141 0.8125 0.119141 0.773438 0.119141 0.765625 0.107422 0.753906 0.115234 0.697266 0.078125 0.71875 0.0214844 0.732422 0.0429688 0.724609 0.0664062 0.742188 0.0839844 0.794922 0.0898438 0.794922 0.0898438 0.832031 0.0839844 0.849609 0.0625 0.761719 0.0410156 0.765625 0.0332031 0.732422 0.0429688
0 0.484375 0.228516 0.453125 0.232422 0.453125 0.232422 0.396484 0.214844 0.384766 0.183594 0.396484 0.132812 0.425781 0.107422 0.53125 0.111328 0.548828 0.140625 0.537109 0.191406 0.484375 0.228516 0.478516 0.203125 0.517578 0.171875 0.521484 0.136719 0.433594 0.134766 0.408203 0.171875 0.419922 0.199219 0.478516 0.203125 0.478516 0.203125
0 0.310547 0.123047 0.00390625 0.00390625
0 0.767578 0.119141 0.00390625 0.00390625
0 0.269531 0.509766 0.253906 0.521484 0.253906 0.521484 0.210938 0.513672 0.185547 0.460938 0.189453 0.382812 0.201172 0.367188 0.193359 0.363281 0.212891 0.3125 0.242188 0.291016 0.339844 0.337891 0.369141 0.398438 0.361328 0.484375 0.324219 0.505859 0.269531 0.509766 0.263672 0.492188 0.320312 0.478516 0.328125 0.466797 0.337891 0.472656 0.341797 0.40625 0.332031 0.369141 0.246094 0.318359 0.220703 0.363281 0.228516 0.367188 0.216797 0.382812 0.212891 0.464844 0.21875 0.486328 0.263672 0.492188 0.263672 0.492188
0 0.681641 0.339844 0.699219 0.310547 0.8125 0.302734 0.876953 0.339844 0.876953 0.398438 0.865234 0.421875 0.820312 0.455078 0.820312 0.455078 0.777344 0.455078 0.693359 0.390625 0.681641 0.339844 0.705078 0.347656 0.716797 0.375 0.761719 0.416016 0.810547 0.429688 0.810547 0.429688 0.845703 0.402344 0.851562 0.353516 0.75 0.326172 0.722656 0.330078 0.705078 0.347656
0 0.830078 0.310547 0.00390625 0.00390625
0 0.517578 0.359375 0.521484 0.394531 0.488281 0.423828 0.433594 0.443359 0.433594 0.443359 0.400391 0.417969 0.396484 0.382812 0.4375 0.337891 0.46875 0.326172 0.517578 0.359375 0.498047 0.375 0.476562 0.357422 0.441406 0.369141 0.423828 0.402344 0.451172 0.410156 0.451172 0.410156 0.488281 0.392578 0.498047 0.375
0 0.888672 0.357422 0.00390625 0.00390625
0 0.765625 0.611328 0.744141 0.589844 0.740234 0.535156 0.769531 0.494141 0.839844 0.474609 0.888672 0.5 0.908203 0.554688 0.847656 0.619141 0.816406 0.626953 0.816406 0.626953 0.765625 0.611328 0.78125 0.587891 0.818359 0.597656 0.818359 0.597656 0.880859 0.546875 0.851562 0.521484 0.792969 0.509766 0.763672 0.554688 0.78125 0.587891
0 0.259766 0.490234 0.00390625 0.00390625
0 0.253906 0.556641 0.296875 0.583984 0.322266 0.617188 0.333984 0.65625 0.277344 0.697266 0.277344 0.697266 0.191406 0.681641 0.173828 0.652344 0.177734 0.589844 0.214844 0.556641 0.253906 0.556641 0.242188 0.580078 0.208984 0.59375 0.197266 0.632812 0.210938 0.658203 0.291016 0.664062 0.291016 0.664062 0.306641 0.644531 0.273438 0.599609 0.242188 0.580078
0 0.96875 0.693359 0.914062 0.685547 0.888672 0.65625 0.892578 0.597656 0.953125 0.560547 0.998047 0.578125 0.998047 0.609375 0.96875 0.591797 0.933594 0.595703 0.912109 0.617188 0.919922 0.65625 0.945312 0.669922 0.998047 0.65625 0.998047 0.683594 0.96875 0.693359
0 0.384766 0.609375 0.410156 0.572266 0.480469 0.599609 0.517578 0.65625 0.490234 0.722656 0.445312 0.744141 0.445312 0.744141 0.398438 0.720703 0.380859 0.679688 0.384766 0.609375 0.408203 0.617188 0.412109 0.695312 0.425781 0.712891 0.447266 0.714844 0.447266 0.714844 0.466797 0.710938 0.490234 0.660156 0.460938 0.619141 0.417969 0.603516 0.408203 0.617188
0 0.318359 0.603516 0.00390625 0.00390625
0 0.996094 0.884766 0.96875 0.876953 0.943359 0.851562 0.931641 0.804688 0.943359 0.773438 0.988281 0.740234 0.998047 0.746094 0.998047 0.785156 0.976562 0.779297 0.958984 0.804688 0.966797 0.839844 0.998047 0.859375 0.996094 0.884766
0 0.578125 0.998047 0.544922 0.996094 0.568359 0.964844 0.564453 0.902344 0.535156 0.869141 0.519531 0.884766 0.503906 0.865234 0.460938 0.869141 0.443359 0.882812 0.427734 0.960938 0.443359 0.996094 0.414062 0.998047 0.404297 0.941406 0.419922 0.867188 0.453125 0.845703 0.496094 0.837891 0.535156 0.841797 0.570312 0.869141 0.591797 0.902344 0.595703 0.964844 0.578125 0.998047
0 0.339844 0.998047 0.310547 0.996094 0.326172 0.972656 0.322266 0.910156 0.28125 0.884766 0.240234 0.902344 0.240234 0.996094 0.208984 0.992188 0.205078 0.929688 0.234375 0.857422 0.292969 0.861328 0.337891 0.890625 0.353516 0.921875 0.339844 0.998047
0 0.652344 0.873047 0.691406 0.873047 0.724609 0.890625 0.732422 0.9375 0.724609 0.960938 0.695312 0.978516 0.695312 0.978516 0.667969 0.974609 0.638672 0.929688 0.638672 0.886719 0.652344 0.873047 0.667969 0.896484 0.662109 0.910156 0.677734 0.941406 0.697266 0.949219 0.697266 0.949219 0.701172 0.910156 0.667969 0.896484
0 0.875 0.998047 0.775391 0.996094 0.763672 0.957031 0.785156 0.892578 0.824219 0.876953 0.861328 0.890625 0.876953 0.921875 0.875 0.998047 0.875 0.998047 0.853516 0.992188 0.849609 0.917969 0.828125 0.900391 0.798828 0.917969 0.791016 0.972656 0.8125 0.990234 0.853516 0.992188 0.853516 0.992188
0 0.996094 0.998047 0.939453 0.996094 0.960938 0.978516 0.984375 0.978516 0.998047 0.984375 0.996094 0.998047
0 0.935547 0.998047 0.00390625 0.00390625
