0 0.00195312 0.0449219 0.00390625 0.00390625
0 0.00195312 0.0722656 0.00390625 0.00390625
0 0.845703 0.367188 0.833984 0.328125 0.841797 0.265625 0.90625 0.212891 0.988281 0.208984 0.998047 0.214844 0.994141 0.316406 0.962891 0.371094 0.910156 0.408203 0.910156 0.408203 0.867188 0.396484 0.845703 0.367188 0.873047 0.367188 0.900391 0.378906 0.900391 0.378906 0.933594 0.361328 0.966797 0.320312 0.982422 0.273438 0.980469 0.236328 0.914062 0.255859 0.888672 0.28125 0.869141 0.347656 0.873047 0.367188
0 0.316406 0.423828 0.271484 0.363281 0.28125 0.302734 0.378906 0.263672 0.449219 0.291016 0.482422 0.335938 0.474609 0.378906 0.455078 0.40625 0.390625 0.443359 0.390625 0.443359 0.339844 0.439453 0.316406 0.423828 0.339844 0.408203 0.384766 0.414062 0.384766 0.414062 0.425781 0.400391 0.443359 0.378906 0.455078 0.347656 0.443359 0.320312 0.363281 0.294922 0.308594 0.318359 0.294922 0.339844 0.306641 0.382812 0.339844 0.408203
0 0.234375 0.404297 0.263672 0.421875 0.263672 0.484375 0.238281 0.521484 0.183594 0.556641 0.183594 0.556641 0.105469 0.541016 0.0996094 0.472656 0.115234 0.433594 0.144531 0.404297 0.234375 0.404297 0.230469 0.431641 0.191406 0.427734 0.167969 0.447266 0.148438 0.439453 0.134766 0.457031 0.123047 0.507812 0.162109 0.53125 0.162109 0.53125 0.199219 0.521484 0.232422 0.492188 0.240234 0.445312 0.230469 0.431641
0 0.359375 0.482422 0.429688 0.505859 0.443359 0.535156 0.431641 0.601562 0.40625 0.634766 0.367188 0.654297 0.367188 0.654297 0.3125 0.642578 0.279297 0.570312 0.287109 0.542969 0.359375 0.482422 0.367188 0.509766 0.330078 0.539062 0.326172 0.558594 0.322266 0.601562 0.349609 0.617188 0.349609 0.617188 0.378906 0.607422 0.400391 0.570312 0.392578 0.527344 0.367188 0.509766
0 0.0507812 0.705078 0 0.681641 0 0.652344 0.0351562 0.673828 0.0742188 0.673828 0.103516 0.628906 0.0625 0.607422 0 0.599609 0 0.572266 0.0507812 0.568359 0.0625 0.583984 0.105469 0.595703 0.126953 0.621094 0.119141 0.648438 0.126953 0.652344 0.103516 0.679688 0.0507812 0.705078
0 0.796875 0.787109 0.761719 0.802734 0.761719 0.802734 0.703125 0.802734 0.658203 0.761719 0.658203 0.6875 0.691406 0.658203 0.761719 0.650391 0.806641 0.710938 0.818359 0.753906 0.796875 0.787109 0.783203 0.769531 0.791016 0.738281 0.771484 0.703125 0.742188 0.677734 0.6875 0.693359 0.677734 0.710938 0.689453 0.761719 0.707031 0.775391 0.763672 0.773438 0.763672 0.773438 0.783203 0.769531
0 0.138672 0.886719 0.105469 0.916016 0.105469 0.916016 0.0585938 0.912109 0.0136719 0.875 0.0214844 0.8125 0.0742188 0.775391 0.128906 0.783203 0.154297 0.816406 0.138672 0.886719 0.119141 0.871094 0.130859 0.832031 0.119141 0.808594 0.101562 0.802734 0.0546875 0.814453 0.0410156 0.835938 0.0488281 0.875 0.0917969 0.890625 0.0917969 0.890625 0.119141 0.871094
0 0.886719 0.994141 0.849609 0.980469 0.814453 0.910156 0.818359 0.863281 0.833984 0.839844 0.826172 0.820312 0.84375 0.810547 0.945312 0.841797 0.966797 0.878906 0.966797 0.910156 0.947266 0.941406 0.910156 0.986328 0.886719 0.994141 0.886719 0.994141 0.884766 0.96875 0.904297 0.960938 0.923828 0.890625 0.910156 0.865234 0.863281 0.849609 0.857422 0.929688 0.861328 0.949219 0.884766 0.96875 0.884766 0.96875
0 0.746094 0.998047 0.689453 0.996094 0.71875 0.990234 0.744141 0.960938 0.744141 0.914062 0.710938 0.876953 0.685547 0.894531 0.658203 0.941406 0.666016 0.976562 0.685547 0.996094 0.648438 0.998047 0.630859 0.960938 0.630859 0.933594 0.650391 0.898438 0.675781 0.865234 0.71875 0.841797 0.771484 0.898438 0.771484 0.957031 0.746094 0.998047
0 0.234375 0.998047 0.207031 0.994141 0.197266 0.980469 0.205078 0.96875 0.1875 0.958984 0.148438 0.970703 0.132812 0.998047 0.103516 0.996094 0.136719 0.943359 0.191406 0.935547 0.244141 0.96875 0.234375 0.998047
