0 0.0976562 0.00195312 0.0078125 0.00390625
0 0.111328 0.00195312 0.00390625 0.00390625
0 0.125 0.00195312 0.115234 0 0.125 0.00195312
0 0.324219 0.158203 0.222656 0.126953 0.208984 0.109375 0.193359 0.0742188 0.193359 0.0273438 0.207031 0 0.228516 0 0.220703 0.0664062 0.232422 0.0976562 0.316406 0.126953 0.330078 0.121094 0.333984 0.0976562 0.326172 0.0625 0.294922 0.0078125 0.271484 0 0.322266 0 0.361328 0.0742188 0.353516 0.132812 0.324219 0.158203
0 0.267578 0.00195312 0.00390625 0.00390625
0 0.59375 0.0917969 0.519531 0.0683594 0.494141 0.0390625 0.486328 0 0.511719 0 0.509766 0.0117188 0.542969 0.0566406 0.589844 0.0644531 0.599609 0.0507812 0.595703 0 0.621094 0 0.626953 0.0585938 0.59375 0.0917969
0 0.707031 0.0644531 0.669922 0.0390625 0.673828 0.00390625 0.703125 0 0.697266 0.03125 0.707031 0.0371094 0.742188 0 0.761719 0 0.771484 0.0117188 0.730469 0.0566406 0.707031 0.0644531
0 0.783203 0.015625 0.804688 0 0.886719 0 0.892578 0.0390625 0.880859 0.0625 0.84375 0.107422 0.816406 0.115234 0.816406 0.115234 0.794922 0.105469 0.783203 0.078125 0.783203 0.015625 0.806641 0.0273438 0.810547 0.0742188 0.826172 0.0859375 0.826172 0.0859375 0.861328 0.0429688 0.855469 0.0136719 0.835938 0.00976562 0.806641 0.0273438
0 0.996094 0.0996094 0.957031 0.0957031 0.931641 0.0703125 0.919922 0.0429688 0.921875 0 0.951172 0 0.943359 0.0390625 0.964844 0.0683594 0.998047 0.0742188 0.996094 0.0996094
0 0.998047 0.00195312 0.00390625 0.00390625
0 0.326172 0.111328 0.00390625 0.00390625
0 0.158203 0.160156 0.166016 0.207031 0.154297 0.238281 0.117188 0.263672 0.117188 0.263672 0.0507812 0.251953 0.0410156 0.226562 0.0527344 0.164062 0.0976562 0.126953 0.169922 0.140625 0.169922 0.15625 0.158203 0.160156 0.138672 0.175781 0.101562 0.154297 0.0722656 0.1875 0.0683594 0.222656 0.0742188 0.236328 0.111328 0.234375 0.111328 0.234375 0.134766 0.21875 0.138672 0.175781
0 0.546875 0.259766 0.505859 0.214844 0.501953 0.15625 0.515625 0.130859 0.582031 0.134766 0.626953 0.167969 0.638672 0.21875 0.626953 0.261719 0.605469 0.275391 0.605469 0.275391 0.546875 0.259766 0.552734 0.234375 0.603516 0.242188 0.603516 0.242188 0.603516 0.179688 0.582031 0.162109 0.53125 0.154297 0.529297 0.199219 0.552734 0.234375
0 0.953125 0.318359 0.908203 0.28125 0.908203 0.183594 0.996094 0.138672 0.998047 0.195312 0.935547 0.238281 0.931641 0.269531 0.957031 0.291016 0.992188 0.287109 0.998047 0.308594 0.953125 0.318359
0 0.839844 0.279297 0.808594 0.279297 0.783203 0.257812 0.779297 0.199219 0.816406 0.166016 0.875 0.162109 0.904297 0.191406 0.904297 0.214844 0.888672 0.242188 0.839844 0.279297 0.839844 0.279297 0.830078 0.253906 0.876953 0.207031 0.859375 0.185547 0.806641 0.207031 0.810547 0.246094 0.830078 0.253906 0.830078 0.253906
0 0.675781 0.275391 0.658203 0.246094 0.662109 0.199219 0.683594 0.173828 0.746094 0.181641 0.767578 0.214844 0.755859 0.246094 0.714844 0.283203 0.714844 0.283203 0.675781 0.275391 0.689453 0.253906 0.708984 0.253906 0.708984 0.253906 0.736328 0.222656 0.722656 0.201172 0.689453 0.207031 0.689453 0.253906
0 0.283203 0.185547 0.00390625 0.00390625
0 0.265625 0.201172 0.292969 0.181641 0.324219 0.185547 0.361328 0.222656 0.349609 0.261719 0.300781 0.294922 0.300781 0.294922 0.253906 0.291016 0.220703 0.265625 0.228516 0.21875 0.253906 0.185547 0.265625 0.201172 0.265625 0.220703 0.244141 0.246094 0.257812 0.263672 0.291016 0.265625 0.291016 0.265625 0.333984 0.238281 0.308594 0.208984 0.265625 0.220703
0 0.337891 0.378906 0.337891 0.3125 0.410156 0.259766 0.457031 0.267578 0.478516 0.292969 0.466797 0.347656 0.427734 0.398438 0.390625 0.423828 0.390625 0.423828 0.337891 0.378906 0.361328 0.367188 0.388672 0.390625 0.388672 0.390625 0.443359 0.335938 0.435547 0.332031 0.451172 0.300781 0.4375 0.287109 0.394531 0.298828 0.361328 0.328125 0.361328 0.367188
0 0.0800781 0.267578 0.00390625 0.00390625
0 0.113281 0.466797 0.0878906 0.445312 0.0761719 0.417969 0.0800781 0.378906 0.140625 0.326172 0.210938 0.310547 0.244141 0.34375 0.236328 0.40625 0.205078 0.453125 0.167969 0.474609 0.167969 0.474609 0.113281 0.466797 0.117188 0.439453 0.173828 0.445312 0.173828 0.445312 0.197266 0.425781 0.212891 0.386719 0.216797 0.355469 0.203125 0.337891 0.140625 0.357422 0.0996094 0.402344 0.117188 0.439453
0 0.640625 0.330078 0.644531 0.322266 0.701172 0.40625 0.685547 0.449219 0.632812 0.486328 0.632812 0.486328 0.574219 0.474609 0.552734 0.453125 0.533203 0.398438 0.533203 0.367188 0.556641 0.328125 0.578125 0.318359 0.625 0.318359 0.640625 0.330078 0.632812 0.349609 0.582031 0.341797 0.560547 0.371094 0.560547 0.402344 0.582031 0.447266 0.626953 0.457031 0.626953 0.457031 0.673828 0.421875 0.666016 0.394531 0.632812 0.349609
0 0.427734 0.554688 0.435547 0.476562 0.453125 0.458984 0.507812 0.455078 0.548828 0.488281 0.541016 0.578125 0.515625 0.603516 0.515625 0.603516 0.453125 0.587891 0.427734 0.554688 0.451172 0.546875 0.472656 0.572266 0.501953 0.574219 0.501953 0.574219 0.517578 0.5625 0.521484 0.5 0.507812 0.482422 0.472656 0.482422 0.455078 0.492188 0.451172 0.546875
0 0.335938 0.466797 0.373047 0.496094 0.376953 0.519531 0.376953 0.550781 0.335938 0.587891 0.335938 0.587891 0.291016 0.566406 0.267578 0.503906 0.28125 0.482422 0.335938 0.466797 0.320312 0.498047 0.306641 0.53125 0.330078 0.550781 0.330078 0.550781 0.341797 0.511719 0.320312 0.498047
0 0.738281 0.556641 0.816406 0.533203 0.857422 0.566406 0.873047 0.605469 0.869141 0.65625 0.835938 0.689453 0.835938 0.689453 0.796875 0.689453 0.736328 0.65625 0.720703 0.597656 0.738281 0.556641 0.757812 0.572266 0.748047 0.605469 0.755859 0.636719 0.818359 0.664062 0.818359 0.664062 0.841797 0.648438 0.841797 0.589844 0.808594 0.560547 0.769531 0.580078 0.757812 0.572266
0 0.427734 0.548828 0.00390625 0.00390625
0 0.646484 0.703125 0.666016 0.734375 0.654297 0.777344 0.605469 0.802734 0.605469 0.802734 0.546875 0.791016 0.529297 0.742188 0.537109 0.667969 0.558594 0.642578 0.59375 0.634766 0.642578 0.667969 0.646484 0.703125 0.626953 0.703125 0.609375 0.673828 0.582031 0.662109 0.560547 0.683594 0.556641 0.75 0.578125 0.775391 0.619141 0.773438 0.619141 0.773438 0.638672 0.746094 0.626953 0.703125
0 0.615234 0.642578 0.00390625 0.00390625
0 0.642578 0.945312 0.650391 0.949219 0.625 0.998047 0.625 0.998047 0.570312 0.998047 0.550781 0.982422 0.529297 0.992188 0.509766 0.960938 0.498047 0.902344 0.519531 0.861328 0.570312 0.849609 0.626953 0.867188 0.650391 0.90625 0.642578 0.945312 0.623047 0.9375 0.619141 0.898438 0.59375 0.880859 0.554688 0.876953 0.541016 0.90625 0.552734 0.953125 0.585938 0.974609 0.611328 0.972656 0.611328 0.972656 0.623047 0.9375
