0 0 0.0292969 0.0078125 0 0.0371094 0 0 0.0292969
0 0.298828 0.0429688 0.294922 0.078125 0.269531 0.107422 0.207031 0.130859 0.207031 0.130859 0.179688 0.130859 0.169922 0.109375 0.166016 0.0273438 0.203125 0 0.28125 0 0.298828 0.0429688 0.291016 0.046875 0.269531 0.00195312 0.214844 0.00585938 0.173828 0.0429688 0.181641 0.113281 0.201172 0.121094 0.201172 0.121094 0.234375 0.115234 0.287109 0.0742188 0.291016 0.046875
0 0.40625 0.00976562 0.353516 0 0.423828 0 0.40625 0.00976562
0 0.558594 0.0839844 0.523438 0.0839844 0.478516 0.0507812 0.470703 0.0195312 0.488281 0 0.505859 0 0.478516 0.0273438 0.482422 0.0390625 0.53125 0.0761719 0.566406 0.0683594 0.599609 0.0390625 0.619141 0.00390625 0.585938 0 0.626953 0 0.611328 0.0390625 0.558594 0.0839844
0 0.722656 0.0761719 0.695312 0.0761719 0.662109 0.046875 0.648438 0 0.662109 0 0.681641 0.046875 0.703125 0.0605469 0.720703 0.0585938 0.736328 0.03125 0.732422 0 0.744141 0 0.744141 0.0507812 0.722656 0.0761719
0 0.0898438 0.00585938 0.142578 0.0273438 0.150391 0.0546875 0.140625 0.0683594 0.140625 0.0683594 0.117188 0.0683594 0.0957031 0.046875 0.0839844 0.03125 0.0898438 0.00585938 0.0976562 0.0136719 0.0996094 0.0351562 0.134766 0.0585938 0.134766 0.0585938 0.138672 0.0390625 0.0976562 0.0136719
0 0.865234 0.0546875 0.857422 0.09375 0.824219 0.123047 0.824219 0.123047 0.785156 0.111328 0.767578 0.0703125 0.775391 0.0273438 0.800781 0.00976562 0.847656 0.0292969 0.865234 0.0546875 0.857422 0.0585938 0.808594 0.0214844 0.787109 0.046875 0.783203 0.0820312 0.792969 0.103516 0.818359 0.113281 0.818359 0.113281 0.845703 0.09375 0.857422 0.0585938
0 0.326172 0.0742188 0.355469 0.0214844 0.380859 0.0273438 0.396484 0.0625 0.392578 0.101562 0.367188 0.134766 0.367188 0.134766 0.339844 0.130859 0.326172 0.105469 0.326172 0.0742188 0.333984 0.0820312 0.341797 0.117188 0.361328 0.125 0.361328 0.125 0.388672 0.078125 0.367188 0.0292969 0.333984 0.0820312
0 0.03125 0.162109 0 0.15625 0.0234375 0.154297 0.0488281 0.132812 0.0566406 0.0859375 0.0234375 0.0722656 0 0.0839844 0.015625 0.0644531 0.0644531 0.078125 0.0605469 0.132812 0.03125 0.162109
0 0.109375 0.193359 0.0898438 0.193359 0.0644531 0.15625 0.0976562 0.107422 0.125 0.111328 0.146484 0.136719 0.142578 0.164062 0.109375 0.193359 0.109375 0.193359 0.103516 0.183594 0.138672 0.148438 0.109375 0.115234 0.0761719 0.144531 0.0878906 0.175781 0.103516 0.183594 0.103516 0.183594
0 0.488281 0.126953 0.515625 0.126953 0.568359 0.15625 0.564453 0.183594 0.535156 0.208984 0.535156 0.208984 0.5 0.205078 0.470703 0.179688 0.488281 0.126953 0.496094 0.134766 0.482422 0.175781 0.5 0.193359 0.529297 0.199219 0.529297 0.199219 0.560547 0.164062 0.496094 0.134766
0 0.648438 0.189453 0.607422 0.175781 0.607422 0.152344 0.628906 0.134766 0.673828 0.140625 0.673828 0.164062 0.648438 0.189453 0.648438 0.189453 0.646484 0.179688 0.666016 0.15625 0.65625 0.142578 0.615234 0.160156 0.625 0.177734 0.646484 0.179688 0.646484 0.179688
0 0.853516 0.210938 0.857422 0.175781 0.878906 0.138672 0.914062 0.138672 0.947266 0.167969 0.947266 0.195312 0.910156 0.248047 0.910156 0.248047 0.853516 0.210938 0.861328 0.203125 0.890625 0.232422 0.908203 0.234375 0.908203 0.234375 0.939453 0.175781 0.917969 0.150391 0.886719 0.146484 0.861328 0.203125
0 0.773438 0.146484 0.810547 0.175781 0.810547 0.203125 0.789062 0.240234 0.789062 0.240234 0.732422 0.207031 0.726562 0.150391 0.773438 0.146484 0.769531 0.154297 0.734375 0.158203 0.740234 0.199219 0.787109 0.226562 0.787109 0.226562 0.802734 0.179688 0.769531 0.154297
0 0.197266 0.183594 0.222656 0.158203 0.269531 0.158203 0.279297 0.179688 0.271484 0.214844 0.214844 0.244141 0.214844 0.244141 0.193359 0.230469 0.197266 0.183594 0.205078 0.191406 0.201172 0.21875 0.220703 0.226562 0.220703 0.226562 0.263672 0.207031 0.271484 0.1875 0.261719 0.166016 0.234375 0.166016 0.205078 0.191406
0 0.357422 0.195312 0.386719 0.162109 0.414062 0.154297 0.439453 0.191406 0.439453 0.214844 0.423828 0.242188 0.394531 0.259766 0.394531 0.259766 0.361328 0.234375 0.357422 0.195312 0.365234 0.203125 0.376953 0.238281 0.392578 0.242188 0.392578 0.242188 0.419922 0.203125 0.40625 0.162109 0.365234 0.203125
0 0.078125 0.216797 0.107422 0.242188 0.0917969 0.28125 0.0625 0.294922 0.0625 0.294922 0.0234375 0.291016 0.00195312 0.261719 0.0136719 0.226562 0.03125 0.212891 0.078125 0.216797 0.0742188 0.224609 0.0390625 0.220703 0.0136719 0.261719 0.03125 0.283203 0.0566406 0.285156 0.0566406 0.285156 0.078125 0.279297 0.0996094 0.25 0.0742188 0.224609
0 0.328125 0.294922 0.285156 0.291016 0.259766 0.257812 0.292969 0.236328 0.332031 0.236328 0.341797 0.285156 0.328125 0.294922 0.328125 0.294922 0.326172 0.285156 0.333984 0.265625 0.320312 0.240234 0.271484 0.261719 0.292969 0.283203 0.326172 0.285156 0.326172 0.285156
0 0.515625 0.337891 0.492188 0.337891 0.455078 0.300781 0.458984 0.269531 0.507812 0.240234 0.523438 0.240234 0.560547 0.273438 0.552734 0.308594 0.515625 0.337891 0.515625 0.337891 0.513672 0.328125 0.537109 0.3125 0.552734 0.28125 0.539062 0.263672 0.5 0.251953 0.462891 0.28125 0.462891 0.292969 0.480469 0.318359 0.513672 0.328125 0.513672 0.328125
0 0.730469 0.248047 0.753906 0.248047 0.783203 0.265625 0.783203 0.289062 0.738281 0.318359 0.738281 0.318359 0.705078 0.296875 0.705078 0.277344 0.730469 0.248047 0.734375 0.255859 0.712891 0.289062 0.730469 0.306641 0.744141 0.304688 0.744141 0.304688 0.775391 0.273438 0.734375 0.255859
0 0.806641 0.304688 0.828125 0.267578 0.855469 0.263672 0.888672 0.285156 0.888672 0.324219 0.847656 0.369141 0.847656 0.369141 0.806641 0.34375 0.806641 0.304688 0.814453 0.308594 0.814453 0.335938 0.835938 0.357422 0.849609 0.355469 0.849609 0.355469 0.880859 0.320312 0.876953 0.285156 0.851562 0.271484 0.833984 0.277344 0.814453 0.308594
0 0.138672 0.339844 0.175781 0.294922 0.220703 0.328125 0.216797 0.398438 0.1875 0.423828 0.1875 0.423828 0.158203 0.40625 0.138672 0.371094 0.138672 0.339844 0.146484 0.347656 0.150391 0.375 0.181641 0.410156 0.181641 0.410156 0.208984 0.378906 0.197266 0.375 0.205078 0.351562 0.183594 0.306641 0.146484 0.347656
0 0.601562 0.302734 0.632812 0.294922 0.697266 0.324219 0.697266 0.355469 0.667969 0.400391 0.667969 0.400391 0.632812 0.396484 0.603516 0.371094 0.591797 0.347656 0.601562 0.302734 0.609375 0.310547 0.599609 0.328125 0.607422 0.359375 0.632812 0.384766 0.662109 0.390625 0.662109 0.390625 0.685547 0.359375 0.689453 0.332031 0.644531 0.306641 0.609375 0.310547
0 0.111328 0.351562 0.0742188 0.400391 0.0742188 0.400391 0.03125 0.396484 0.0175781 0.351562 0.046875 0.318359 0.101562 0.314453 0.111328 0.351562 0.103516 0.347656 0.09375 0.322266 0.0507812 0.330078 0.0371094 0.351562 0.0371094 0.378906 0.0683594 0.390625 0.0683594 0.390625 0.103516 0.347656
0 0.318359 0.394531 0.277344 0.447266 0.277344 0.447266 0.251953 0.445312 0.236328 0.414062 0.236328 0.378906 0.277344 0.330078 0.300781 0.322266 0.318359 0.394531 0.310547 0.386719 0.296875 0.333984 0.251953 0.382812 0.255859 0.429688 0.271484 0.4375 0.271484 0.4375 0.310547 0.386719
0 0.742188 0.333984 0.777344 0.330078 0.806641 0.351562 0.802734 0.375 0.78125 0.388672 0.78125 0.388672 0.761719 0.388672 0.740234 0.367188 0.732422 0.34375 0.742188 0.333984 0.746094 0.341797 0.744141 0.355469 0.779297 0.378906 0.779297 0.378906 0.798828 0.359375 0.773438 0.337891 0.746094 0.341797
0 0.390625 0.412109 0.363281 0.408203 0.353516 0.375 0.390625 0.341797 0.4375 0.341797 0.439453 0.375 0.390625 0.412109 0.390625 0.412109 0.388672 0.402344 0.423828 0.378906 0.429688 0.349609 0.398438 0.349609 0.369141 0.371094 0.365234 0.398438 0.388672 0.402344 0.388672 0.402344
0 0.474609 0.375 0.5 0.349609 0.527344 0.349609 0.537109 0.378906 0.511719 0.412109 0.511719 0.412109 0.484375 0.408203 0.474609 0.375 0.482422 0.382812 0.505859 0.402344 0.505859 0.402344 0.529297 0.371094 0.519531 0.357422 0.496094 0.361328 0.482422 0.382812
0 0.015625 0.466797 0 0.460938 0.0253906 0.449219 0.0253906 0.425781 0 0.423828 0 0.414062 0.0273438 0.408203 0.0332031 0.457031 0.015625 0.466797
0 0.634766 0.535156 0.638672 0.457031 0.6875 0.427734 0.75 0.412109 0.759766 0.425781 0.751953 0.519531 0.6875 0.568359 0.6875 0.568359 0.652344 0.568359 0.634766 0.535156 0.642578 0.53125 0.660156 0.560547 0.681641 0.558594 0.681641 0.558594 0.710938 0.548828 0.744141 0.511719 0.751953 0.433594 0.742188 0.419922 0.679688 0.443359 0.642578 0.480469 0.642578 0.53125
0 0.439453 0.558594 0.427734 0.484375 0.460938 0.443359 0.507812 0.427734 0.521484 0.445312 0.521484 0.527344 0.476562 0.564453 0.476562 0.564453 0.439453 0.558594 0.447266 0.550781 0.470703 0.554688 0.470703 0.554688 0.509766 0.515625 0.496094 0.447266 0.453125 0.466797 0.435547 0.492188 0.447266 0.550781
0 0.185547 0.5 0.203125 0.447266 0.238281 0.458984 0.255859 0.488281 0.255859 0.511719 0.238281 0.521484 0.238281 0.521484 0.203125 0.517578 0.185547 0.5 0.193359 0.496094 0.232422 0.511719 0.232422 0.511719 0.248047 0.492188 0.207031 0.455078 0.193359 0.496094
0 0.09375 0.451172 0.126953 0.472656 0.138672 0.511719 0.121094 0.533203 0.121094 0.533203 0.0898438 0.533203 0.0605469 0.515625 0.0546875 0.455078 0.09375 0.451172 0.0898438 0.458984 0.0703125 0.458984 0.0644531 0.503906 0.0976562 0.525391 0.119141 0.523438 0.119141 0.523438 0.130859 0.507812 0.123047 0.484375 0.0898438 0.458984
0 0.566406 0.451172 0.611328 0.488281 0.611328 0.523438 0.589844 0.552734 0.589844 0.552734 0.558594 0.552734 0.537109 0.507812 0.541016 0.480469 0.566406 0.451172 0.570312 0.458984 0.544922 0.5 0.560547 0.539062 0.583984 0.542969 0.583984 0.542969 0.599609 0.527344 0.603516 0.496094 0.570312 0.458984
0 0.828125 0.451172 0.847656 0.451172 0.873047 0.480469 0.873047 0.496094 0.851562 0.513672 0.851562 0.513672 0.828125 0.509766 0.802734 0.484375 0.828125 0.451172 0.832031 0.458984 0.814453 0.484375 0.845703 0.503906 0.845703 0.503906 0.865234 0.484375 0.832031 0.458984
0 0.0195312 0.583984 0 0.583984 0 0.574219 0.015625 0.576172 0.0488281 0.527344 0.0195312 0.509766 0 0.533203 0 0.511719 0.03125 0.498047 0.0566406 0.519531 0.0566406 0.539062 0.0195312 0.583984
0 0.240234 0.550781 0.25 0.537109 0.292969 0.541016 0.318359 0.5625 0.326172 0.628906 0.316406 0.638672 0.316406 0.638672 0.289062 0.634766 0.248047 0.59375 0.240234 0.550781 0.248047 0.554688 0.255859 0.585938 0.289062 0.623047 0.310547 0.628906 0.310547 0.628906 0.306641 0.585938 0.265625 0.541016 0.257812 0.544922 0.248047 0.554688
0 0.203125 0.548828 0.212891 0.554688 0.208984 0.59375 0.171875 0.623047 0.171875 0.623047 0.154297 0.621094 0.154297 0.59375 0.179688 0.556641 0.203125 0.548828 0.199219 0.556641 0.173828 0.578125 0.162109 0.601562 0.169922 0.613281 0.169922 0.613281 0.201172 0.585938 0.199219 0.556641
0 0.375 0.646484 0.349609 0.605469 0.349609 0.558594 0.433594 0.568359 0.458984 0.605469 0.458984 0.632812 0.441406 0.646484 0.441406 0.646484 0.375 0.646484 0.382812 0.638672 0.435547 0.636719 0.435547 0.636719 0.451172 0.613281 0.421875 0.572266 0.357422 0.566406 0.357422 0.597656 0.382812 0.638672
0 0.642578 0.667969 0.642578 0.652344 0.675781 0.595703 0.722656 0.583984 0.748047 0.605469 0.759766 0.65625 0.703125 0.720703 0.703125 0.720703 0.642578 0.667969 0.650391 0.660156 0.695312 0.708984 0.705078 0.707031 0.705078 0.707031 0.751953 0.648438 0.744141 0.617188 0.714844 0.591797 0.666016 0.625 0.650391 0.660156
0 0.539062 0.591797 0.599609 0.636719 0.603516 0.671875 0.566406 0.716797 0.566406 0.716797 0.539062 0.705078 0.501953 0.65625 0.501953 0.625 0.539062 0.591797 0.539062 0.599609 0.509766 0.632812 0.509766 0.648438 0.550781 0.701172 0.568359 0.703125 0.568359 0.703125 0.595703 0.664062 0.591797 0.644531 0.539062 0.599609
0 0.0664062 0.689453 0.03125 0.689453 0 0.671875 0 0.658203 0.0351562 0.681641 0.0664062 0.677734 0.0917969 0.640625 0.0664062 0.619141 0 0.640625 0.0390625 0.611328 0.0742188 0.611328 0.103516 0.644531 0.0664062 0.689453
0 0.177734 0.664062 0.181641 0.640625 0.195312 0.626953 0.230469 0.626953 0.232422 0.65625 0.195312 0.673828 0.195312 0.673828 0.177734 0.664062 0.185547 0.65625 0.208984 0.660156 0.208984 0.660156 0.224609 0.648438 0.222656 0.634766 0.203125 0.634766 0.185547 0.65625
0 0.251953 0.671875 0.251953 0.648438 0.265625 0.638672 0.283203 0.648438 0.277344 0.677734 0.277344 0.677734 0.251953 0.671875 0.259766 0.664062 0.271484 0.667969 0.271484 0.667969 0.265625 0.650391 0.259766 0.664062
0 0.367188 0.712891 0.337891 0.664062 0.363281 0.662109 0.417969 0.685547 0.414062 0.716797 0.414062 0.716797 0.367188 0.712891 0.375 0.705078 0.408203 0.707031 0.408203 0.707031 0.40625 0.689453 0.349609 0.671875 0.375 0.705078
0 0.185547 0.714844 0.152344 0.751953 0.152344 0.751953 0.119141 0.710938 0.148438 0.669922 0.189453 0.691406 0.185547 0.714844 0.181641 0.703125 0.15625 0.681641 0.130859 0.703125 0.154297 0.734375 0.154297 0.734375 0.181641 0.703125
0 0.287109 0.730469 0.287109 0.691406 0.304688 0.681641 0.341797 0.699219 0.333984 0.726562 0.316406 0.736328 0.316406 0.736328 0.287109 0.730469 0.294922 0.722656 0.310547 0.726562 0.310547 0.726562 0.330078 0.710938 0.316406 0.693359 0.300781 0.693359 0.294922 0.722656
0 0.25 0.728516 0.222656 0.724609 0.216797 0.695312 0.273438 0.685547 0.279297 0.707031 0.25 0.728516 0.25 0.728516 0.240234 0.71875 0.261719 0.693359 0.228516 0.703125 0.240234 0.71875 0.240234 0.71875
0 0.0507812 0.716797 0.078125 0.720703 0.0878906 0.734375 0.0878906 0.753906 0.0703125 0.767578 0.0703125 0.767578 0.0410156 0.761719 0.0507812 0.716797 0.0546875 0.724609 0.0488281 0.753906 0.0683594 0.757812 0.0683594 0.757812 0.0800781 0.742188 0.0546875 0.724609
0 0.384766 0.796875 0.396484 0.753906 0.429688 0.724609 0.46875 0.724609 0.466797 0.757812 0.421875 0.806641 0.421875 0.806641 0.384766 0.796875 0.392578 0.792969 0.416016 0.796875 0.416016 0.796875 0.455078 0.757812 0.460938 0.732422 0.4375 0.732422 0.408203 0.753906 0.392578 0.792969
0 0.261719 0.748047 0.304688 0.751953 0.341797 0.773438 0.357422 0.84375 0.335938 0.857422 0.335938 0.857422 0.285156 0.849609 0.255859 0.824219 0.251953 0.757812 0.261719 0.748047 0.269531 0.755859 0.259766 0.785156 0.283203 0.820312 0.3125 0.837891 0.333984 0.835938 0.333984 0.835938 0.345703 0.824219 0.337891 0.796875 0.308594 0.763672 0.269531 0.755859
0 0.529297 0.847656 0.529297 0.789062 0.539062 0.779297 0.574219 0.763672 0.613281 0.763672 0.634766 0.777344 0.650391 0.851562 0.632812 0.896484 0.632812 0.896484 0.544922 0.875 0.529297 0.847656 0.537109 0.84375 0.552734 0.867188 0.626953 0.886719 0.626953 0.886719 0.638672 0.871094 0.638672 0.8125 0.601562 0.783203 0.542969 0.791016 0.537109 0.84375
0 0.216797 0.871094 0.191406 0.896484 0.191406 0.896484 0.171875 0.896484 0.150391 0.867188 0.150391 0.820312 0.164062 0.806641 0.199219 0.806641 0.216797 0.839844 0.216797 0.871094 0.208984 0.867188 0.208984 0.847656 0.191406 0.814453 0.171875 0.814453 0.158203 0.828125 0.158203 0.859375 0.185547 0.886719 0.185547 0.886719 0.208984 0.867188
0 0.0976562 0.826172 0.111328 0.839844 0.115234 0.863281 0.0898438 0.888672 0.0898438 0.888672 0.0410156 0.867188 0.0390625 0.830078 0.0976562 0.826172 0.0898438 0.833984 0.0546875 0.833984 0.0449219 0.847656 0.0527344 0.867188 0.0839844 0.878906 0.0839844 0.878906 0.103516 0.867188 0.103516 0.847656 0.0898438 0.833984
0 0 0.908203 0.0136719 0.878906 0 0.841797 0.0214844 0.851562 0.0214844 0.886719 0 0.908203
0 0.427734 0.914062 0.398438 0.955078 0.398438 0.955078 0.355469 0.947266 0.349609 0.917969 0.363281 0.884766 0.386719 0.869141 0.417969 0.869141 0.427734 0.914062 0.419922 0.910156 0.410156 0.876953 0.386719 0.880859 0.361328 0.90625 0.361328 0.9375 0.392578 0.945312 0.392578 0.945312 0.419922 0.910156
0 0.046875 0.908203 0.103516 0.9375 0.107422 0.976562 0.0859375 0.998047 0.0859375 0.998047 0.0371094 0.984375 0.0292969 0.933594 0.046875 0.908203 0.0507812 0.919922 0.0371094 0.957031 0.0644531 0.972656 0.0644531 0.972656 0.0859375 0.966797 0.0957031 0.949219 0.0507812 0.919922
