0 0.160156 0.0175781 0.144531 0.0175781 0.130859 0 0.152344 0.00976562 0.175781 0 0.160156 0.0175781
0 0.261719 0.126953 0.242188 0.123047 0.201172 0.078125 0.205078 0.0429688 0.238281 0 0.251953 0 0.216797 0.0390625 0.208984 0.0703125 0.253906 0.119141 0.298828 0.0664062 0.294922 0.0390625 0.261719 0 0.291016 0.00390625 0.310547 0.0585938 0.310547 0.0742188 0.261719 0.126953
0 0.386719 0.00976562 0.369141 0 0.394531 0 0.386719 0.00976562
0 0.511719 0.0332031 0.457031 0.0332031 0.435547 0 0.445312 0 0.464844 0.0253906 0.503906 0.0253906 0.509766 0.0117188 0.494141 0 0.507812 0 0.517578 0.0078125 0.511719 0.0332031
0 0.621094 0.0253906 0.597656 0.0214844 0.580078 0 0.613281 0.0175781 0.621094 0 0.621094 0.0253906
0 0.742188 0.0214844 0.722656 0.0214844 0.705078 0 0.71875 0 0.730469 0.0136719 0.767578 0 0.742188 0.0214844
0 0.84375 0.0371094 0.818359 0.0273438 0.818359 0 0.839844 0.0253906 0.875 0 0.84375 0.0371094
0 0.998047 0.00195312 0.00390625 0.00390625
0 0.384766 0.0546875 0.386719 0.0136719 0.421875 0.00585938 0.431641 0.015625 0.433594 0.0683594 0.433594 0.0683594 0.384766 0.0546875 0.392578 0.046875 0.427734 0.0585938 0.427734 0.0585938 0.423828 0.0234375 0.398438 0.0175781 0.392578 0.046875
0 0.541016 0.0234375 0.546875 0.00585938 0.566406 0.00585938 0.583984 0.0234375 0.574219 0.0488281 0.574219 0.0488281 0.541016 0.0234375 0.548828 0.0195312 0.572266 0.0390625 0.572266 0.0390625 0.572266 0.0234375 0.554688 0.0136719 0.548828 0.0195312
0 0.0878906 0.0351562 0.0800781 0.0703125 0.0585938 0.0917969 0.0585938 0.0917969 0.0351562 0.0917969 0.0175781 0.0742188 0.0253906 0.0390625 0.046875 0.0175781 0.0703125 0.0175781 0.0878906 0.0351562 0.0800781 0.0390625 0.0625 0.0253906 0.0390625 0.0371094 0.0253906 0.0625 0.0351562 0.0800781 0.0527344 0.0820312 0.0527344 0.0820312 0.0800781 0.0390625
0 0.630859 0.078125 0.640625 0.0371094 0.669922 0.0507812 0.671875 0.0917969 0.671875 0.0917969 0.630859 0.078125 0.638672 0.0703125 0.666016 0.0820312 0.666016 0.0820312 0.666016 0.0625 0.644531 0.0488281 0.638672 0.0703125
0 0.53125 0.134766 0.509766 0.105469 0.513672 0.0664062 0.53125 0.0488281 0.558594 0.0527344 0.583984 0.0820312 0.583984 0.113281 0.5625 0.138672 0.5625 0.138672 0.53125 0.134766 0.539062 0.126953 0.556641 0.128906 0.556641 0.128906 0.576172 0.0898438 0.539062 0.0566406 0.517578 0.0976562 0.539062 0.126953
0 0.818359 0.109375 0.822266 0.167969 0.777344 0.208984 0.777344 0.208984 0.732422 0.171875 0.720703 0.113281 0.757812 0.0722656 0.792969 0.0683594 0.818359 0.109375 0.810547 0.113281 0.785156 0.0761719 0.769531 0.0761719 0.736328 0.109375 0.732422 0.132812 0.744141 0.171875 0.775391 0.199219 0.775391 0.199219 0.814453 0.164062 0.810547 0.113281
0 0.996094 0.166016 0.976562 0.166016 0.966797 0.152344 0.970703 0.105469 0.996094 0.0683594 0.974609 0.132812 0.996094 0.166016
0 0.402344 0.0878906 0.435547 0.113281 0.435547 0.140625 0.40625 0.166016 0.40625 0.166016 0.369141 0.152344 0.353516 0.121094 0.355469 0.0839844 0.402344 0.0878906 0.398438 0.0957031 0.363281 0.0917969 0.373047 0.140625 0.404297 0.15625 0.404297 0.15625 0.427734 0.121094 0.398438 0.0957031
0 0.898438 0.0917969 0.929688 0.0917969 0.951172 0.117188 0.951172 0.15625 0.929688 0.185547 0.929688 0.185547 0.914062 0.185547 0.892578 0.152344 0.888672 0.101562 0.898438 0.0917969 0.902344 0.0996094 0.904297 0.152344 0.917969 0.166016 0.935547 0.164062 0.935547 0.164062 0.935547 0.109375 0.902344 0.0996094
0 0.669922 0.144531 0.669922 0.167969 0.65625 0.181641 0.65625 0.181641 0.623047 0.175781 0.619141 0.121094 0.628906 0.107422 0.640625 0.107422 0.669922 0.144531 0.662109 0.152344 0.632812 0.119141 0.626953 0.152344 0.650391 0.171875 0.650391 0.171875 0.662109 0.152344
0 0.5 0.130859 0.513672 0.179688 0.484375 0.205078 0.484375 0.205078 0.435547 0.171875 0.457031 0.138672 0.5 0.130859 0.492188 0.138672 0.476562 0.138672 0.451172 0.171875 0.472656 0.193359 0.486328 0.191406 0.486328 0.191406 0.505859 0.160156 0.492188 0.138672
0 0.527344 0.275391 0.513672 0.261719 0.513672 0.199219 0.5625 0.162109 0.589844 0.162109 0.615234 0.191406 0.611328 0.21875 0.582031 0.263672 0.550781 0.275391 0.550781 0.275391 0.527344 0.275391 0.53125 0.267578 0.548828 0.265625 0.548828 0.265625 0.574219 0.255859 0.599609 0.222656 0.607422 0.195312 0.582031 0.169922 0.521484 0.207031 0.521484 0.253906 0.53125 0.267578
0 0.960938 0.310547 0.888672 0.273438 0.888672 0.257812 0.9375 0.205078 0.998047 0.214844 0.992188 0.224609 0.945312 0.212891 0.896484 0.265625 0.953125 0.298828 0.996094 0.271484 0.998047 0.28125 0.960938 0.310547
0 0.835938 0.267578 0.818359 0.261719 0.824219 0.232422 0.832031 0.259766 0.849609 0.238281 0.839844 0.224609 0.818359 0.226562 0.832031 0.212891 0.857422 0.226562 0.835938 0.267578
0 0.318359 0.257812 0.34375 0.244141 0.394531 0.244141 0.435547 0.296875 0.429688 0.326172 0.429688 0.326172 0.351562 0.318359 0.326172 0.289062 0.318359 0.257812 0.326172 0.265625 0.363281 0.310547 0.423828 0.316406 0.423828 0.316406 0.427734 0.304688 0.394531 0.255859 0.351562 0.251953 0.326172 0.265625
0 0.128906 0.251953 0.146484 0.265625 0.146484 0.296875 0.117188 0.330078 0.117188 0.330078 0.0800781 0.320312 0.0800781 0.277344 0.128906 0.251953 0.125 0.259766 0.0878906 0.285156 0.0878906 0.3125 0.115234 0.316406 0.115234 0.316406 0.138672 0.292969 0.138672 0.269531 0.125 0.259766
0 0.552734 0.300781 0.570312 0.283203 0.595703 0.292969 0.582031 0.349609 0.582031 0.349609 0.566406 0.349609 0.552734 0.328125 0.552734 0.300781 0.560547 0.308594 0.576172 0.339844 0.576172 0.339844 0.587891 0.3125 0.578125 0.291016 0.560547 0.308594
0 0.611328 0.359375 0.615234 0.308594 0.667969 0.283203 0.708984 0.324219 0.701172 0.378906 0.671875 0.408203 0.671875 0.408203 0.611328 0.359375 0.619141 0.355469 0.666016 0.390625 0.666016 0.390625 0.689453 0.351562 0.681641 0.308594 0.667969 0.294922 0.632812 0.306641 0.619141 0.324219 0.619141 0.355469
0 0.236328 0.351562 0.261719 0.306641 0.292969 0.298828 0.326172 0.34375 0.326172 0.378906 0.28125 0.427734 0.28125 0.427734 0.248047 0.402344 0.236328 0.351562 0.244141 0.355469 0.251953 0.390625 0.279297 0.417969 0.279297 0.417969 0.306641 0.398438 0.318359 0.371094 0.314453 0.339844 0.289062 0.306641 0.263672 0.320312 0.244141 0.355469
0 0.484375 0.373047 0.439453 0.355469 0.439453 0.320312 0.460938 0.294922 0.492188 0.294922 0.537109 0.316406 0.517578 0.351562 0.484375 0.373047 0.484375 0.373047 0.482422 0.363281 0.525391 0.320312 0.46875 0.302734 0.447266 0.34375 0.482422 0.363281 0.482422 0.363281
0 0.146484 0.347656 0.164062 0.330078 0.208984 0.339844 0.208984 0.367188 0.183594 0.392578 0.183594 0.392578 0.160156 0.392578 0.142578 0.375 0.146484 0.347656 0.154297 0.355469 0.158203 0.375 0.177734 0.382812 0.177734 0.382812 0.201172 0.359375 0.191406 0.337891 0.171875 0.337891 0.154297 0.355469
0 0.996094 0.470703 0.974609 0.464844 0.955078 0.429688 0.962891 0.382812 0.988281 0.345703 0.998047 0.351562 0.962891 0.421875 0.996094 0.470703
0 0.570312 0.365234 0.619141 0.394531 0.626953 0.441406 0.601562 0.447266 0.601562 0.447266 0.544922 0.429688 0.517578 0.398438 0.527344 0.365234 0.570312 0.365234 0.5625 0.373047 0.537109 0.378906 0.566406 0.423828 0.619141 0.433594 0.619141 0.433594 0.601562 0.392578 0.5625 0.373047
0 0.865234 0.398438 0.857422 0.453125 0.832031 0.490234 0.832031 0.490234 0.792969 0.490234 0.759766 0.464844 0.771484 0.394531 0.789062 0.376953 0.84375 0.373047 0.865234 0.398438 0.857422 0.402344 0.835938 0.380859 0.808594 0.380859 0.783203 0.394531 0.767578 0.457031 0.78125 0.474609 0.826172 0.480469 0.826172 0.480469 0.849609 0.449219 0.857422 0.402344
0 0.666016 0.480469 0.660156 0.529297 0.660156 0.529297 0.601562 0.525391 0.568359 0.496094 0.605469 0.466797 0.65625 0.466797 0.666016 0.480469 0.658203 0.488281 0.636719 0.470703 0.605469 0.478516 0.583984 0.5 0.617188 0.521484 0.654297 0.519531 0.654297 0.519531 0.658203 0.488281
0 0.763672 0.496094 0.763672 0.523438 0.738281 0.541016 0.738281 0.541016 0.693359 0.519531 0.691406 0.486328 0.730469 0.474609 0.763672 0.496094 0.755859 0.5 0.726562 0.490234 0.705078 0.511719 0.732422 0.53125 0.732422 0.53125 0.755859 0.515625 0.755859 0.5
0 0.984375 0.595703 0.960938 0.595703 0.943359 0.578125 0.904297 0.519531 0.910156 0.498047 0.998047 0.480469 0.996094 0.494141 0.984375 0.486328 0.976562 0.498047 0.912109 0.511719 0.96875 0.587891 0.998047 0.582031 0.984375 0.595703
0 0.771484 0.597656 0.800781 0.560547 0.863281 0.572266 0.888672 0.601562 0.876953 0.636719 0.828125 0.673828 0.828125 0.673828 0.796875 0.669922 0.771484 0.648438 0.771484 0.597656 0.783203 0.597656 0.794922 0.640625 0.837891 0.648438 0.837891 0.648438 0.861328 0.621094 0.865234 0.589844 0.839844 0.576172 0.796875 0.580078 0.783203 0.597656
0 0.683594 0.685547 0.642578 0.644531 0.650391 0.609375 0.675781 0.576172 0.707031 0.583984 0.744141 0.625 0.736328 0.660156 0.707031 0.693359 0.707031 0.693359 0.683594 0.685547 0.691406 0.677734 0.701172 0.675781 0.701172 0.675781 0.728516 0.632812 0.675781 0.591797 0.658203 0.636719 0.691406 0.677734
0 0.996094 0.744141 0.958984 0.71875 0.943359 0.679688 0.953125 0.658203 0.996094 0.638672 0.998047 0.65625 0.958984 0.683594 0.974609 0.714844 0.998047 0.730469 0.996094 0.744141
0 0.599609 0.730469 0.599609 0.6875 0.613281 0.673828 0.636719 0.677734 0.666016 0.714844 0.666016 0.761719 0.65625 0.771484 0.65625 0.771484 0.625 0.763672 0.599609 0.730469 0.607422 0.726562 0.650391 0.761719 0.650391 0.761719 0.658203 0.722656 0.617188 0.681641 0.607422 0.726562
0 0.300781 0.763672 0.273438 0.763672 0.259766 0.746094 0.263672 0.707031 0.289062 0.681641 0.330078 0.699219 0.326172 0.742188 0.300781 0.763672 0.300781 0.763672 0.298828 0.753906 0.322266 0.726562 0.322266 0.707031 0.300781 0.689453 0.279297 0.699219 0.267578 0.726562 0.28125 0.755859 0.298828 0.753906 0.298828 0.753906
0 0.708984 0.730469 0.738281 0.681641 0.761719 0.681641 0.779297 0.695312 0.779297 0.714844 0.738281 0.771484 0.738281 0.771484 0.712891 0.761719 0.708984 0.730469 0.716797 0.734375 0.716797 0.75 0.740234 0.757812 0.740234 0.757812 0.771484 0.707031 0.753906 0.689453 0.736328 0.695312 0.716797 0.734375
0 0.0683594 0.734375 0.0429688 0.767578 0.0429688 0.767578 0 0.763672 0 0.734375 0.0507812 0.697266 0.0683594 0.734375 0.0605469 0.726562 0.046875 0.712891 0.0234375 0.720703 0.00195312 0.75 0.0371094 0.757812 0.0371094 0.757812 0.0605469 0.726562
0 0.894531 0.806641 0.857422 0.765625 0.871094 0.701172 0.925781 0.705078 0.943359 0.734375 0.939453 0.792969 0.921875 0.810547 0.921875 0.810547 0.894531 0.806641 0.898438 0.798828 0.916016 0.800781 0.916016 0.800781 0.931641 0.785156 0.935547 0.738281 0.917969 0.712891 0.878906 0.708984 0.865234 0.757812 0.898438 0.798828
0 0.119141 0.792969 0.119141 0.75 0.134766 0.71875 0.171875 0.701172 0.214844 0.708984 0.224609 0.726562 0.220703 0.789062 0.152344 0.818359 0.152344 0.818359 0.128906 0.814453 0.119141 0.792969 0.126953 0.789062 0.150391 0.808594 0.150391 0.808594 0.216797 0.777344 0.207031 0.716797 0.179688 0.708984 0.138672 0.730469 0.126953 0.789062
0 0.435547 0.804688 0.431641 0.757812 0.453125 0.705078 0.511719 0.701172 0.548828 0.730469 0.537109 0.785156 0.503906 0.810547 0.503906 0.810547 0.435547 0.804688 0.445312 0.802734 0.498047 0.800781 0.498047 0.800781 0.525391 0.785156 0.541016 0.75 0.519531 0.712891 0.453125 0.728516 0.439453 0.765625 0.445312 0.802734
0 0.78125 0.779297 0.771484 0.75 0.800781 0.720703 0.828125 0.720703 0.830078 0.75 0.808594 0.779297 0.808594 0.779297 0.78125 0.779297 0.789062 0.771484 0.802734 0.769531 0.802734 0.769531 0.820312 0.728516 0.779297 0.757812 0.789062 0.771484
0 0.335938 0.896484 0.304688 0.892578 0.283203 0.851562 0.287109 0.808594 0.324219 0.767578 0.361328 0.78125 0.380859 0.835938 0.335938 0.896484 0.335938 0.896484 0.333984 0.886719 0.361328 0.84375 0.339844 0.791016 0.291016 0.832031 0.310547 0.882812 0.333984 0.886719 0.333984 0.886719
0 0.667969 0.873047 0.646484 0.855469 0.650391 0.8125 0.699219 0.763672 0.708984 0.765625 0.728516 0.824219 0.728516 0.84375 0.703125 0.873047 0.703125 0.873047 0.667969 0.873047 0.671875 0.865234 0.697266 0.863281 0.697266 0.863281 0.712891 0.816406 0.691406 0.787109 0.654297 0.847656 0.671875 0.865234
0 0.972656 0.833984 0.947266 0.828125 0.947266 0.800781 0.984375 0.779297 0.990234 0.808594 0.972656 0.833984 0.972656 0.833984 0.970703 0.824219 0.980469 0.791016 0.955078 0.808594 0.955078 0.820312 0.970703 0.824219 0.970703 0.824219
0 0.556641 0.863281 0.568359 0.800781 0.617188 0.787109 0.630859 0.796875 0.626953 0.835938 0.585938 0.876953 0.585938 0.876953 0.566406 0.876953 0.556641 0.863281 0.564453 0.855469 0.580078 0.867188 0.580078 0.867188 0.619141 0.828125 0.623047 0.804688 0.609375 0.794922 0.572266 0.816406 0.564453 0.855469
0 0.115234 0.976562 0.123047 0.894531 0.152344 0.861328 0.175781 0.853516 0.21875 0.865234 0.232422 0.898438 0.224609 0.941406 0.179688 0.982422 0.179688 0.982422 0.115234 0.976562 0.123047 0.96875 0.173828 0.972656 0.173828 0.972656 0.212891 0.941406 0.220703 0.914062 0.203125 0.880859 0.167969 0.865234 0.130859 0.902344 0.123047 0.96875
0 0.488281 0.849609 0.523438 0.865234 0.529297 0.882812 0.511719 0.912109 0.511719 0.912109 0.472656 0.904297 0.439453 0.875 0.439453 0.855469 0.488281 0.849609 0.484375 0.857422 0.447266 0.863281 0.480469 0.896484 0.509766 0.902344 0.509766 0.902344 0.511719 0.869141 0.484375 0.857422
0 0.880859 0.910156 0.902344 0.849609 0.931641 0.867188 0.925781 0.939453 0.925781 0.939453 0.902344 0.935547 0.880859 0.910156 0.888672 0.90625 0.919922 0.929688 0.919922 0.929688 0.927734 0.886719 0.90625 0.861328 0.888672 0.90625
0 0.736328 0.9375 0.742188 0.865234 0.816406 0.873047 0.845703 0.902344 0.849609 0.957031 0.828125 0.998047 0.828125 0.998047 0.751953 0.988281 0.736328 0.9375 0.744141 0.933594 0.759766 0.980469 0.814453 0.992188 0.814453 0.992188 0.841797 0.953125 0.833984 0.902344 0.808594 0.880859 0.753906 0.873047 0.744141 0.933594
0 0.996094 0.951172 0.966797 0.925781 0.962891 0.882812 0.976562 0.869141 0.998047 0.871094 0.998047 0.890625 0.974609 0.910156 0.996094 0.951172
0 0.0996094 0.898438 0.0996094 0.945312 0.0859375 0.958984 0.0859375 0.958984 0.0429688 0.955078 0.0253906 0.9375 0.0351562 0.880859 0.0742188 0.880859 0.0996094 0.898438 0.0917969 0.902344 0.0429688 0.888672 0.0332031 0.929688 0.0507812 0.947266 0.0839844 0.949219 0.0839844 0.949219 0.0917969 0.902344
0 0.539062 0.888672 0.570312 0.888672 0.595703 0.90625 0.599609 0.945312 0.589844 0.958984 0.589844 0.958984 0.558594 0.958984 0.533203 0.941406 0.525391 0.90625 0.539062 0.888672 0.546875 0.896484 0.541016 0.914062 0.552734 0.941406 0.583984 0.949219 0.583984 0.949219 0.583984 0.90625 0.546875 0.896484
0 0.341797 0.9375 0.341797 0.910156 0.375 0.900391 0.421875 0.919922 0.435547 0.953125 0.410156 0.966797 0.410156 0.966797 0.359375 0.958984 0.341797 0.9375 0.349609 0.933594 0.371094 0.955078 0.408203 0.957031 0.408203 0.957031 0.427734 0.941406 0.40625 0.919922 0.367188 0.908203 0.349609 0.917969 0.349609 0.933594
0 0.3125 0.998047 0.302734 0.996094 0.314453 0.957031 0.285156 0.919922 0.263672 0.929688 0.267578 0.996094 0.255859 0.992188 0.251953 0.9375 0.265625 0.908203 0.296875 0.916016 0.322266 0.949219 0.3125 0.998047
0 0.46875 0.990234 0.443359 0.964844 0.46875 0.927734 0.513672 0.933594 0.517578 0.960938 0.5 0.990234 0.5 0.990234 0.46875 0.990234 0.476562 0.982422 0.494141 0.980469 0.494141 0.980469 0.509766 0.945312 0.476562 0.935547 0.455078 0.964844 0.476562 0.982422
0 0.707031 0.998047 0.697266 0.996094 0.699219 0.927734 0.65625 0.931641 0.615234 0.96875 0.609375 0.998047 0.599609 0.984375 0.636719 0.931641 0.703125 0.919922 0.712891 0.929688 0.707031 0.998047
0 0.945312 0.998047 0.925781 0.974609 0.876953 0.996094 0.902344 0.966797 0.921875 0.962891 0.947266 0.984375 0.945312 0.998047
0 0.980469 0.998047 0.966797 0.992188 0.966797 0.976562 0.996094 0.966797 0.996094 0.978516 0.974609 0.984375 0.980469 0.998047
0 0.015625 0.998047 0 0.988281 0.015625 0.998047
0 0.542969 0.998047 0.521484 0.996094 0.542969 0.998047
