0 0.222656 0.0644531 0.177734 0.0507812 0.171875 0 0.195312 0 0.193359 0.03125 0.210938 0.0371094 0.230469 0 0.255859 0 0.222656 0.0644531
0 0.279297 0.0546875 0.308594 0 0.363281 0 0.369141 0.0546875 0.332031 0.103516 0.332031 0.103516 0.289062 0.0996094 0.279297 0.0546875 0.302734 0.0664062 0.308594 0.0800781 0.322266 0.078125 0.322266 0.078125 0.341797 0.0585938 0.345703 0.0273438 0.335938 0.0136719 0.302734 0.0664062
0 0.480469 0.0292969 0.449219 0.0214844 0.443359 0 0.503906 0 0.480469 0.0292969
0 0.599609 0.078125 0.595703 0.0234375 0.613281 0 0.65625 0.0175781 0.685547 0.0546875 0.681641 0.117188 0.65625 0.130859 0.65625 0.130859 0.625 0.123047 0.599609 0.078125 0.623047 0.0703125 0.632812 0.0917969 0.654297 0.101562 0.654297 0.101562 0.662109 0.0625 0.628906 0.0371094 0.623047 0.0703125
0 0.734375 0.00976562 0.705078 0 0.759766 0 0.734375 0.00976562
0 0.798828 0.046875 0.787109 0.0234375 0.800781 0.00195312 0.863281 0.00585938 0.908203 0.046875 0.904297 0.0976562 0.859375 0.115234 0.859375 0.115234 0.832031 0.111328 0.794922 0.078125 0.798828 0.046875 0.818359 0.046875 0.826172 0.0703125 0.847656 0.0878906 0.873047 0.0859375 0.873047 0.0859375 0.884766 0.078125 0.876953 0.0507812 0.851562 0.0292969 0.828125 0.0292969 0.818359 0.046875
0 0.992188 0.0371094 0.960938 0.0371094 0.953125 0.0253906 0.929688 0.0332031 0.916016 0.00390625 0.941406 0 0.976562 0.0175781 0.996094 0.00585938 0.992188 0.0371094
0 0.101562 0.0332031 0.119141 0.0585938 0.115234 0.0898438 0.0703125 0.119141 0.0703125 0.119141 0.0195312 0.111328 0.00195312 0.078125 0.0078125 0.0605469 0.0390625 0.0488281 0.0625 0.0214844 0.101562 0.0332031 0.0898438 0.0566406 0.0292969 0.0820312 0.0566406 0.09375 0.0566406 0.09375 0.0917969 0.078125 0.0898438 0.0566406
0 0.398438 0.0410156 0.427734 0.0546875 0.431641 0.078125 0.40625 0.119141 0.40625 0.119141 0.376953 0.105469 0.380859 0.0664062 0.398438 0.0410156 0.40625 0.0566406 0.396484 0.101562 0.396484 0.101562 0.416016 0.0703125 0.40625 0.0566406
0 0.460938 0.138672 0.443359 0.117188 0.447266 0.0703125 0.460938 0.0527344 0.507812 0.0683594 0.525391 0.09375 0.517578 0.136719 0.488281 0.146484 0.488281 0.146484 0.460938 0.138672 0.474609 0.117188 0.494141 0.117188 0.494141 0.117188 0.498047 0.09375 0.476562 0.0878906 0.474609 0.117188
0 0.996094 0.158203 0.962891 0.140625 0.976562 0.0957031 0.998047 0.101562 0.998047 0.121094 0.988281 0.115234 0.982422 0.125 0.998047 0.132812 0.996094 0.158203
0 0.205078 0.15625 0.230469 0.0996094 0.261719 0.103516 0.287109 0.132812 0.265625 0.185547 0.265625 0.185547 0.21875 0.177734 0.205078 0.15625 0.232422 0.152344 0.251953 0.152344 0.251953 0.152344 0.255859 0.132812 0.238281 0.126953 0.232422 0.152344
0 0.533203 0.160156 0.554688 0.115234 0.597656 0.126953 0.607422 0.152344 0.595703 0.195312 0.570312 0.212891 0.570312 0.212891 0.537109 0.195312 0.533203 0.160156 0.560547 0.160156 0.568359 0.183594 0.568359 0.183594 0.580078 0.164062 0.574219 0.142578 0.560547 0.160156
0 0.373047 0.253906 0.34375 0.279297 0.34375 0.279297 0.298828 0.269531 0.298828 0.175781 0.320312 0.134766 0.371094 0.123047 0.392578 0.144531 0.392578 0.210938 0.373047 0.253906 0.353516 0.238281 0.365234 0.207031 0.369141 0.160156 0.359375 0.150391 0.322266 0.1875 0.330078 0.253906 0.330078 0.253906 0.353516 0.238281
0 0.189453 0.183594 0.152344 0.224609 0.152344 0.224609 0.111328 0.207031 0.111328 0.167969 0.140625 0.130859 0.189453 0.15625 0.189453 0.183594 0.162109 0.183594 0.160156 0.158203 0.138672 0.179688 0.138672 0.195312 0.150391 0.195312 0.150391 0.195312 0.162109 0.183594
0 0.902344 0.212891 0.886719 0.208984 0.876953 0.1875 0.921875 0.134766 0.943359 0.15625 0.923828 0.203125 0.902344 0.212891
0 0.496094 0.181641 0.509766 0.203125 0.509766 0.234375 0.480469 0.263672 0.480469 0.263672 0.460938 0.263672 0.439453 0.230469 0.447266 0.183594 0.472656 0.173828 0.496094 0.181641 0.480469 0.201172 0.466797 0.210938 0.474609 0.234375 0.474609 0.234375 0.486328 0.214844 0.480469 0.201172
0 0.533203 0.185547 0.00390625 0.00390625
0 0.0839844 0.28125 0.0585938 0.298828 0.0585938 0.298828 0.0332031 0.292969 0.0332031 0.261719 0.046875 0.228516 0.0859375 0.212891 0.103516 0.230469 0.0839844 0.28125 0.0683594 0.28125 0.0820312 0.232422 0.0488281 0.257812 0.0488281 0.28125 0.0683594 0.28125 0.0683594 0.28125
0 0.529297 0.28125 0.533203 0.238281 0.566406 0.216797 0.634766 0.242188 0.638672 0.277344 0.59375 0.322266 0.59375 0.322266 0.546875 0.310547 0.529297 0.28125 0.552734 0.273438 0.566406 0.291016 0.587891 0.292969 0.587891 0.292969 0.603516 0.285156 0.607422 0.261719 0.566406 0.244141 0.552734 0.273438
0 0.796875 0.275391 0.759766 0.257812 0.759766 0.238281 0.777344 0.220703 0.818359 0.246094 0.796875 0.275391
0 0.177734 0.277344 0.140625 0.322266 0.140625 0.322266 0.103516 0.3125 0.0996094 0.273438 0.136719 0.236328 0.167969 0.236328 0.177734 0.277344 0.162109 0.273438 0.15625 0.251953 0.111328 0.289062 0.134766 0.304688 0.134766 0.304688 0.162109 0.273438
0 0.996094 0.361328 0.933594 0.349609 0.912109 0.328125 0.900391 0.265625 0.921875 0.248047 0.957031 0.244141 0.998047 0.257812 0.996094 0.279297 0.972656 0.267578 0.933594 0.267578 0.927734 0.277344 0.939453 0.324219 0.972656 0.341797 0.992188 0.337891 0.996094 0.361328
0 0.185547 0.285156 0.21875 0.263672 0.248047 0.28125 0.226562 0.318359 0.226562 0.318359 0.195312 0.318359 0.185547 0.285156 0.201172 0.292969 0.216797 0.300781 0.216797 0.300781 0.232422 0.292969 0.226562 0.279297 0.201172 0.292969
0 0.332031 0.357422 0.318359 0.324219 0.355469 0.279297 0.410156 0.275391 0.439453 0.296875 0.439453 0.316406 0.410156 0.353516 0.375 0.365234 0.375 0.365234 0.332031 0.357422 0.337891 0.34375 0.361328 0.351562 0.361328 0.351562 0.402344 0.337891 0.419922 0.300781 0.378906 0.291016 0.359375 0.302734 0.337891 0.34375
0 0.515625 0.404297 0.488281 0.400391 0.466797 0.371094 0.466797 0.332031 0.488281 0.291016 0.537109 0.335938 0.537109 0.386719 0.515625 0.404297 0.515625 0.404297 0.517578 0.386719 0.525391 0.351562 0.517578 0.328125 0.496094 0.318359 0.478516 0.355469 0.5 0.384766 0.517578 0.386719 0.517578 0.386719
0 0.847656 0.443359 0.792969 0.416016 0.775391 0.378906 0.771484 0.335938 0.792969 0.291016 0.859375 0.306641 0.880859 0.335938 0.880859 0.398438 0.847656 0.443359 0.847656 0.443359 0.841797 0.421875 0.857422 0.394531 0.861328 0.347656 0.832031 0.318359 0.8125 0.318359 0.791016 0.359375 0.810547 0.402344 0.841797 0.421875 0.841797 0.421875
0 0.716797 0.375 0.691406 0.412109 0.691406 0.412109 0.646484 0.398438 0.646484 0.339844 0.675781 0.294922 0.703125 0.302734 0.716797 0.328125 0.716797 0.375 0.697266 0.367188 0.683594 0.322266 0.666016 0.355469 0.677734 0.390625 0.677734 0.390625 0.697266 0.367188
0 0.246094 0.308594 0.0078125 0.0078125
0 0.275391 0.425781 0.253906 0.462891 0.203125 0.474609 0.203125 0.474609 0.15625 0.455078 0.146484 0.429688 0.183594 0.369141 0.230469 0.357422 0.279297 0.390625 0.275391 0.425781 0.263672 0.417969 0.253906 0.388672 0.207031 0.376953 0.173828 0.402344 0.169922 0.445312 0.205078 0.457031 0.205078 0.457031 0.251953 0.441406 0.263672 0.417969
0 0.0292969 0.40625 0.0546875 0.384766 0.113281 0.388672 0.126953 0.40625 0.126953 0.433594 0.0546875 0.486328 0.0546875 0.486328 0.0292969 0.464844 0.0292969 0.40625 0.0410156 0.410156 0.0449219 0.464844 0.0722656 0.464844 0.0722656 0.464844 0.103516 0.441406 0.0957031 0.4375 0.115234 0.417969 0.105469 0.404297 0.0625 0.396484 0.0410156 0.410156
0 0.996094 0.443359 0.974609 0.414062 0.996094 0.380859 0.996094 0.443359
0 0.558594 0.494141 0.533203 0.449219 0.541016 0.40625 0.566406 0.392578 0.615234 0.421875 0.619141 0.457031 0.585938 0.498047 0.585938 0.498047 0.558594 0.494141 0.566406 0.482422 0.583984 0.480469 0.583984 0.480469 0.599609 0.453125 0.587891 0.425781 0.570312 0.419922 0.548828 0.453125 0.566406 0.482422
0 0.357422 0.519531 0.357422 0.457031 0.375 0.423828 0.425781 0.423828 0.462891 0.460938 0.462891 0.515625 0.449219 0.541016 0.417969 0.552734 0.417969 0.552734 0.382812 0.544922 0.357422 0.519531 0.369141 0.511719 0.402344 0.537109 0.427734 0.535156 0.427734 0.535156 0.451172 0.492188 0.447266 0.464844 0.417969 0.439453 0.380859 0.453125 0.369141 0.511719
0 0.974609 0.423828 0.00390625 0.00390625
0 0.958984 0.511719 0.929688 0.529297 0.929688 0.529297 0.900391 0.492188 0.908203 0.441406 0.933594 0.427734 0.966797 0.441406 0.974609 0.480469 0.958984 0.511719 0.947266 0.492188 0.945312 0.451172 0.927734 0.457031 0.931641 0.5 0.931641 0.5 0.947266 0.492188
0 0.751953 0.570312 0.759766 0.574219 0.726562 0.591797 0.726562 0.591797 0.695312 0.587891 0.677734 0.5625 0.677734 0.480469 0.707031 0.447266 0.746094 0.462891 0.771484 0.503906 0.771484 0.546875 0.751953 0.570312 0.748047 0.558594 0.755859 0.507812 0.738281 0.478516 0.710938 0.466797 0.693359 0.5625 0.707031 0.576172 0.728516 0.574219 0.728516 0.574219 0.748047 0.558594
0 0.533203 0.462891 0.00390625 0.00390625
0 0.794922 0.5625 0.810547 0.492188 0.824219 0.478516 0.859375 0.490234 0.873047 0.523438 0.865234 0.574219 0.839844 0.603516 0.839844 0.603516 0.8125 0.603516 0.794922 0.5625 0.810547 0.566406 0.826172 0.589844 0.826172 0.589844 0.841797 0.582031 0.857422 0.535156 0.835938 0.501953 0.814453 0.53125 0.810547 0.566406
0 0.296875 0.486328 0.328125 0.505859 0.337891 0.542969 0.324219 0.556641 0.324219 0.556641 0.289062 0.556641 0.257812 0.541016 0.248047 0.488281 0.296875 0.486328 0.300781 0.501953 0.271484 0.5 0.28125 0.537109 0.314453 0.539062 0.314453 0.539062 0.322266 0.527344 0.300781 0.501953
0 0.998047 0.486328 0.00390625 0.00390625
0 0.996094 0.572266 0.982422 0.53125 0.992188 0.490234 0.996094 0.572266
0 0.0507812 0.626953 0.03125 0.623047 0.0175781 0.597656 0.0253906 0.515625 0.0390625 0.501953 0.0800781 0.519531 0.0800781 0.550781 0.0996094 0.585938 0.0507812 0.626953 0.0507812 0.626953 0.0527344 0.609375 0.0800781 0.582031 0.0585938 0.517578 0.0410156 0.527344 0.0332031 0.578125 0.0371094 0.605469 0.0527344 0.609375 0.0527344 0.609375
0 0.451172 0.574219 0.46875 0.537109 0.523438 0.517578 0.548828 0.546875 0.548828 0.582031 0.503906 0.607422 0.503906 0.607422 0.472656 0.607422 0.451172 0.574219 0.466797 0.578125 0.480469 0.591797 0.498047 0.589844 0.498047 0.589844 0.533203 0.578125 0.527344 0.544922 0.507812 0.541016 0.470703 0.5625 0.466797 0.578125
0 0.603516 0.550781 0.595703 0.542969 0.632812 0.521484 0.669922 0.550781 0.677734 0.578125 0.669922 0.617188 0.636719 0.638672 0.636719 0.638672 0.603516 0.628906 0.591797 0.59375 0.603516 0.550781 0.611328 0.550781 0.619141 0.5625 0.607422 0.601562 0.617188 0.619141 0.638672 0.621094 0.638672 0.621094 0.662109 0.601562 0.662109 0.582031 0.646484 0.542969 0.625 0.541016 0.611328 0.550781
0 0.152344 0.544922 0.169922 0.5625 0.169922 0.585938 0.148438 0.607422 0.148438 0.607422 0.121094 0.607422 0.115234 0.59375 0.128906 0.544922 0.152344 0.544922 0.144531 0.556641 0.130859 0.570312 0.130859 0.589844 0.142578 0.59375 0.142578 0.59375 0.158203 0.570312 0.144531 0.556641
0 0.966797 0.644531 0.945312 0.658203 0.945312 0.658203 0.884766 0.632812 0.873047 0.589844 0.880859 0.566406 0.910156 0.544922 0.957031 0.564453 0.970703 0.585938 0.966797 0.644531 0.951172 0.632812 0.947266 0.585938 0.902344 0.572266 0.904297 0.613281 0.933594 0.634766 0.951172 0.632812 0.951172 0.632812
0 0.240234 0.617188 0.240234 0.636719 0.214844 0.662109 0.214844 0.662109 0.183594 0.658203 0.173828 0.632812 0.177734 0.597656 0.197266 0.582031 0.195312 0.560547 0.228516 0.574219 0.240234 0.617188 0.228516 0.617188 0.210938 0.580078 0.189453 0.605469 0.189453 0.636719 0.201172 0.648438 0.201172 0.648438 0.228516 0.617188
0 0.363281 0.580078 0.404297 0.628906 0.404297 0.648438 0.378906 0.673828 0.320312 0.689453 0.320312 0.689453 0.271484 0.625 0.279297 0.59375 0.3125 0.568359 0.363281 0.580078 0.355469 0.591797 0.296875 0.595703 0.287109 0.632812 0.298828 0.648438 0.324219 0.669922 0.357422 0.667969 0.357422 0.667969 0.384766 0.648438 0.373047 0.609375 0.355469 0.591797
0 0.876953 0.576172 0.00390625 0.00390625
0 0.712891 0.601562 0.753906 0.595703 0.751953 0.628906 0.726562 0.638672 0.726562 0.638672 0.705078 0.632812 0.712891 0.601562 0.724609 0.617188 0.736328 0.617188 0.736328 0.617188 0.738281 0.607422 0.724609 0.617188
0 0.568359 0.632812 0.572266 0.65625 0.539062 0.673828 0.539062 0.673828 0.509766 0.648438 0.527344 0.607422 0.546875 0.607422 0.568359 0.632812 0.556641 0.632812 0.539062 0.619141 0.525391 0.652344 0.541016 0.660156 0.541016 0.660156 0.556641 0.632812
0 0.0996094 0.679688 0.0878906 0.652344 0.0976562 0.615234 0.136719 0.619141 0.162109 0.640625 0.158203 0.6875 0.136719 0.697266 0.136719 0.697266 0.0996094 0.679688 0.111328 0.671875 0.142578 0.675781 0.142578 0.675781 0.146484 0.648438 0.109375 0.626953 0.111328 0.671875
0 0.820312 0.712891 0.789062 0.712891 0.779297 0.683594 0.779297 0.664062 0.808594 0.634766 0.84375 0.642578 0.857422 0.664062 0.820312 0.712891 0.820312 0.712891 0.810547 0.691406 0.822266 0.6875 0.820312 0.658203 0.802734 0.667969 0.810547 0.691406 0.810547 0.691406
0 0.996094 0.654297 0.996094 0.638672 0.996094 0.654297
0 0.0839844 0.695312 0.0703125 0.712891 0.0351562 0.724609 0.0351562 0.724609 0.0175781 0.714844 0.0253906 0.648438 0.078125 0.646484 0.0917969 0.667969 0.0839844 0.695312 0.0722656 0.6875 0.0742188 0.662109 0.0371094 0.667969 0.0371094 0.707031 0.0371094 0.707031 0.0722656 0.6875
0 0.966797 0.654297 0.00390625 0.00390625
0 0.529297 0.726562 0.517578 0.777344 0.492188 0.798828 0.492188 0.798828 0.470703 0.789062 0.439453 0.738281 0.431641 0.707031 0.453125 0.654297 0.5 0.673828 0.529297 0.726562 0.513672 0.726562 0.46875 0.673828 0.451172 0.6875 0.451172 0.722656 0.462891 0.753906 0.494141 0.777344 0.494141 0.777344 0.509766 0.761719 0.513672 0.726562
0 0.298828 0.738281 0.261719 0.775391 0.261719 0.775391 0.234375 0.767578 0.216797 0.730469 0.216797 0.710938 0.25 0.677734 0.285156 0.681641 0.298828 0.699219 0.298828 0.738281 0.287109 0.734375 0.265625 0.701172 0.236328 0.734375 0.246094 0.755859 0.267578 0.753906 0.267578 0.753906 0.287109 0.734375
0 0.759766 0.683594 0.763672 0.707031 0.71875 0.736328 0.71875 0.736328 0.683594 0.728516 0.666016 0.707031 0.679688 0.681641 0.734375 0.669922 0.759766 0.683594 0.746094 0.693359 0.71875 0.685547 0.681641 0.699219 0.699219 0.720703 0.724609 0.71875 0.724609 0.71875 0.746094 0.693359
0 0.871094 0.755859 0.853516 0.726562 0.882812 0.677734 0.914062 0.673828 0.935547 0.695312 0.935547 0.714844 0.90625 0.755859 0.90625 0.755859 0.871094 0.755859 0.876953 0.734375 0.888672 0.734375 0.888672 0.734375 0.912109 0.714844 0.910156 0.701172 0.884766 0.703125 0.876953 0.734375
0 0.560547 0.730469 0.576172 0.691406 0.597656 0.681641 0.628906 0.685547 0.658203 0.714844 0.646484 0.738281 0.613281 0.759766 0.613281 0.759766 0.570312 0.755859 0.560547 0.730469 0.576172 0.730469 0.589844 0.744141 0.607422 0.742188 0.607422 0.742188 0.638672 0.714844 0.628906 0.701172 0.59375 0.697266 0.576172 0.730469
0 0.927734 0.746094 0.953125 0.716797 0.976562 0.716797 0.990234 0.75 0.960938 0.791016 0.960938 0.791016 0.943359 0.785156 0.927734 0.746094 0.951172 0.753906 0.962891 0.753906 0.962891 0.753906 0.960938 0.744141 0.951172 0.753906
0 0.177734 0.796875 0.148438 0.806641 0.148438 0.806641 0.119141 0.757812 0.128906 0.728516 0.164062 0.740234 0.181641 0.773438 0.177734 0.796875 0.166016 0.785156 0.154297 0.753906 0.136719 0.744141 0.142578 0.777344 0.166016 0.785156 0.166016 0.785156
0 0.375 0.732422 0.396484 0.753906 0.396484 0.78125 0.363281 0.802734 0.363281 0.802734 0.324219 0.802734 0.302734 0.773438 0.302734 0.757812 0.335938 0.724609 0.375 0.732422 0.359375 0.744141 0.330078 0.753906 0.330078 0.78125 0.345703 0.785156 0.345703 0.785156 0.380859 0.769531 0.359375 0.744141
0 0.650391 0.8125 0.652344 0.775391 0.699219 0.763672 0.728516 0.777344 0.724609 0.804688 0.703125 0.830078 0.703125 0.830078 0.650391 0.8125 0.658203 0.800781 0.701172 0.808594 0.701172 0.808594 0.712891 0.792969 0.703125 0.783203 0.679688 0.779297 0.658203 0.800781
0 0.771484 0.871094 0.775391 0.820312 0.816406 0.775391 0.849609 0.792969 0.869141 0.839844 0.849609 0.894531 0.832031 0.908203 0.832031 0.908203 0.792969 0.900391 0.771484 0.871094 0.787109 0.871094 0.796875 0.884766 0.826172 0.890625 0.826172 0.890625 0.849609 0.839844 0.837891 0.808594 0.8125 0.794922 0.791016 0.832031 0.787109 0.871094
0 0.998047 0.779297 0.00390625 0.00390625
0 0.130859 0.84375 0.078125 0.880859 0.078125 0.880859 0.0449219 0.867188 0.0449219 0.832031 0.0742188 0.794922 0.105469 0.779297 0.130859 0.804688 0.130859 0.84375 0.115234 0.84375 0.119141 0.820312 0.105469 0.798828 0.0566406 0.84375 0.0683594 0.867188 0.0683594 0.867188 0.115234 0.84375
0 0.244141 0.863281 0.230469 0.876953 0.230469 0.876953 0.199219 0.873047 0.181641 0.851562 0.189453 0.8125 0.207031 0.794922 0.230469 0.802734 0.248047 0.828125 0.244141 0.863281 0.232422 0.855469 0.232422 0.832031 0.207031 0.810547 0.201172 0.855469 0.216797 0.859375 0.216797 0.859375 0.232422 0.855469
0 0.470703 0.859375 0.484375 0.802734 0.53125 0.802734 0.572266 0.828125 0.560547 0.867188 0.507812 0.892578 0.507812 0.892578 0.470703 0.859375 0.486328 0.851562 0.511719 0.873047 0.529297 0.871094 0.529297 0.871094 0.556641 0.835938 0.542969 0.822266 0.507812 0.818359 0.486328 0.851562
0 0.341797 0.851562 0.359375 0.818359 0.386719 0.814453 0.419922 0.863281 0.402344 0.884766 0.375 0.892578 0.375 0.892578 0.345703 0.875 0.341797 0.851562 0.361328 0.855469 0.388672 0.867188 0.388672 0.867188 0.378906 0.841797 0.361328 0.855469
0 0.888672 0.90625 0.876953 0.890625 0.876953 0.851562 0.917969 0.822266 0.953125 0.818359 0.966797 0.839844 0.925781 0.916016 0.925781 0.916016 0.888672 0.90625 0.90625 0.892578 0.919922 0.890625 0.919922 0.890625 0.939453 0.855469 0.933594 0.841797 0.896484 0.871094 0.90625 0.892578
0 0.996094 0.916016 0.978516 0.898438 0.996094 0.833984 0.996094 0.916016
0 0.572266 0.960938 0.583984 0.863281 0.609375 0.841797 0.65625 0.865234 0.673828 0.894531 0.669922 0.96875 0.652344 0.998047 0.652344 0.998047 0.59375 0.998047 0.572266 0.960938 0.587891 0.960938 0.601562 0.982422 0.626953 0.992188 0.626953 0.992188 0.654297 0.96875 0.658203 0.902344 0.640625 0.873047 0.609375 0.861328 0.595703 0.875 0.587891 0.960938
0 0.125 0.978516 0.0976562 0.970703 0.0800781 0.9375 0.0996094 0.882812 0.136719 0.869141 0.166016 0.886719 0.173828 0.921875 0.125 0.978516 0.125 0.978516 0.123047 0.960938 0.154297 0.933594 0.144531 0.888672 0.121094 0.888672 0.0957031 0.917969 0.0996094 0.945312 0.123047 0.960938 0.123047 0.960938
0 0.324219 0.982422 0.302734 0.957031 0.335938 0.896484 0.359375 0.892578 0.396484 0.917969 0.396484 0.949219 0.367188 0.990234 0.367188 0.990234 0.324219 0.982422 0.332031 0.970703 0.357422 0.96875 0.357422 0.96875 0.371094 0.966797 0.384766 0.941406 0.371094 0.912109 0.347656 0.908203 0.318359 0.953125 0.332031 0.970703
0 0.830078 0.923828 0.00390625 0.00390625
0 0.898438 0.998047 0.884766 0.996094 0.884766 0.960938 0.859375 0.939453 0.833984 0.941406 0.841797 0.996094 0.8125 0.998047 0.814453 0.941406 0.835938 0.919922 0.875 0.927734 0.904297 0.96875 0.898438 0.998047
0 0.523438 0.998047 0.505859 0.992188 0.496094 0.962891 0.46875 0.951172 0.447266 0.964844 0.441406 0.998047 0.417969 0.998047 0.416016 0.984375 0.431641 0.945312 0.464844 0.931641 0.509766 0.945312 0.523438 0.998047
0 0.285156 0.998047 0.265625 0.998047 0.238281 0.970703 0.203125 0.982422 0.195312 0.998047 0.183594 0.998047 0.181641 0.984375 0.195312 0.962891 0.246094 0.951172 0.267578 0.960938 0.285156 0.998047
0 0.949219 0.998047 0.923828 0.996094 0.941406 0.962891 0.998047 0.972656 0.996094 0.994141 0.949219 0.986328 0.949219 0.998047
