0 0.0703125 0.00585938 0.0253906 0 0.0839844 0 0.0703125 0.00585938
0 0.503906 0.0292969 0.503906 0.00585938 0.537109 0 0.503906 0.0292969
0 0.554688 0.0917969 0.523438 0.0878906 0.498047 0.0390625 0.53125 0.0800781 0.558594 0.0800781 0.587891 0.046875 0.580078 0 0.589844 0 0.591797 0.0625 0.554688 0.0917969
0 0.710938 0.0683594 0.666016 0.0546875 0.669922 0.015625 0.699219 0 0.705078 0.0078125 0.677734 0.0234375 0.673828 0.046875 0.710938 0.0566406 0.724609 0.03125 0.712891 0.0078125 0.722656 0.00585938 0.732422 0.0390625 0.710938 0.0683594
0 0.832031 0.0136719 0.810547 0 0.839844 0 0.832031 0.0136719
0 0.871094 0.0253906 0.853516 0.0195312 0.851562 0 0.863281 0.0136719 0.904297 0 0.871094 0.0253906
0 0.964844 0.0566406 0.931641 0.0390625 0.929688 0 0.939453 0.03125 0.960938 0.0488281 0.974609 0.0195312 0.958984 0 0.982422 0.0117188 0.982422 0.0429688 0.964844 0.0566406
0 0.0078125 0.138672 0 0.132812 0.0175781 0.109375 0 0.0625 0.00390625 0.0410156 0.0214844 0.0507812 0.0332031 0.0898438 0.0332031 0.113281 0.0078125 0.138672
0 0.216797 0.144531 0.208984 0.0625 0.277344 0.0371094 0.310547 0.0664062 0.314453 0.101562 0.28125 0.138672 0.253906 0.150391 0.253906 0.150391 0.216797 0.144531 0.224609 0.140625 0.248047 0.140625 0.248047 0.140625 0.269531 0.134766 0.306641 0.0976562 0.302734 0.0742188 0.269531 0.0449219 0.216797 0.0703125 0.224609 0.140625
0 0.833984 0.0898438 0.839844 0.0488281 0.865234 0.0585938 0.863281 0.0996094 0.863281 0.0996094 0.833984 0.0898438 0.841797 0.0820312 0.857422 0.0898438 0.857422 0.0898438 0.847656 0.0566406 0.841797 0.0820312
0 0.474609 0.078125 0.462891 0.125 0.4375 0.142578 0.4375 0.142578 0.390625 0.142578 0.369141 0.121094 0.369141 0.09375 0.398438 0.0605469 0.453125 0.0605469 0.474609 0.078125 0.466797 0.0820312 0.417969 0.0644531 0.404297 0.0703125 0.384766 0.128906 0.431641 0.132812 0.431641 0.132812 0.455078 0.117188 0.466797 0.0820312
0 0.71875 0.154297 0.699219 0.138672 0.689453 0.105469 0.707031 0.0917969 0.746094 0.0957031 0.759766 0.117188 0.759766 0.148438 0.75 0.154297 0.75 0.154297 0.71875 0.154297 0.726562 0.146484 0.744141 0.144531 0.744141 0.144531 0.751953 0.125 0.738281 0.103516 0.701172 0.105469 0.707031 0.130859 0.726562 0.146484
0 0.0625 0.115234 0.101562 0.115234 0.130859 0.140625 0.138672 0.191406 0.113281 0.212891 0.113281 0.212891 0.0859375 0.212891 0.0566406 0.183594 0.0527344 0.125 0.0625 0.115234 0.0664062 0.123047 0.0644531 0.175781 0.09375 0.205078 0.111328 0.203125 0.111328 0.203125 0.111328 0.136719 0.09375 0.123047 0.0664062 0.123047
0 0.888672 0.144531 0.894531 0.107422 0.935547 0.125 0.929688 0.162109 0.929688 0.162109 0.888672 0.144531 0.896484 0.136719 0.923828 0.152344 0.923828 0.152344 0.927734 0.132812 0.902344 0.115234 0.896484 0.136719
0 0.554688 0.123047 0.576172 0.136719 0.568359 0.164062 0.546875 0.177734 0.546875 0.177734 0.523438 0.177734 0.501953 0.160156 0.519531 0.123047 0.554688 0.123047 0.550781 0.130859 0.523438 0.134766 0.509766 0.152344 0.519531 0.166016 0.541016 0.167969 0.541016 0.167969 0.564453 0.144531 0.550781 0.130859
0 0.996094 0.189453 0.958984 0.167969 0.949219 0.126953 0.998047 0.128906 0.996094 0.142578 0.958984 0.140625 0.996094 0.189453
0 0.673828 0.167969 0.673828 0.21875 0.660156 0.236328 0.660156 0.236328 0.628906 0.232422 0.615234 0.207031 0.619141 0.164062 0.644531 0.142578 0.673828 0.167969 0.666016 0.171875 0.640625 0.154297 0.623047 0.199219 0.636719 0.224609 0.654297 0.226562 0.654297 0.226562 0.666016 0.210938 0.666016 0.171875
0 0.839844 0.138672 0.863281 0.138672 0.880859 0.15625 0.882812 0.201172 0.882812 0.201172 0.849609 0.191406 0.839844 0.138672 0.847656 0.146484 0.849609 0.171875 0.876953 0.191406 0.876953 0.191406 0.869141 0.15625 0.847656 0.146484
0 0.398438 0.251953 0.375 0.248047 0.357422 0.226562 0.353516 0.1875 0.367188 0.166016 0.390625 0.169922 0.419922 0.203125 0.398438 0.251953 0.398438 0.251953 0.392578 0.242188 0.404297 0.214844 0.375 0.181641 0.365234 0.214844 0.392578 0.242188 0.392578 0.242188
0 0.0585938 0.279297 0 0.265625 0 0.251953 0.0351562 0.271484 0.0644531 0.257812 0.0546875 0.220703 0.03125 0.201172 0 0.212891 0.00390625 0.197266 0.0351562 0.193359 0.0605469 0.210938 0.0722656 0.265625 0.0585938 0.279297
0 0.826172 0.265625 0.789062 0.294922 0.789062 0.294922 0.720703 0.289062 0.716797 0.234375 0.753906 0.197266 0.789062 0.193359 0.837891 0.226562 0.826172 0.265625 0.818359 0.261719 0.826172 0.230469 0.78125 0.201172 0.732422 0.226562 0.724609 0.269531 0.734375 0.287109 0.783203 0.285156 0.783203 0.285156 0.818359 0.261719
0 0.554688 0.201172 0.568359 0.214844 0.564453 0.242188 0.542969 0.259766 0.542969 0.259766 0.519531 0.255859 0.505859 0.238281 0.509766 0.210938 0.53125 0.201172 0.554688 0.201172 0.546875 0.208984 0.513672 0.226562 0.517578 0.242188 0.537109 0.25 0.537109 0.25 0.560547 0.226562 0.546875 0.208984
0 0.232422 0.285156 0.232422 0.257812 0.265625 0.212891 0.3125 0.220703 0.337891 0.269531 0.337891 0.304688 0.296875 0.353516 0.296875 0.353516 0.275391 0.34375 0.232422 0.285156 0.240234 0.277344 0.294922 0.339844 0.294922 0.339844 0.326172 0.304688 0.330078 0.277344 0.304688 0.228516 0.273438 0.224609 0.248047 0.25 0.240234 0.277344
0 0.117188 0.314453 0.0722656 0.308594 0.0761719 0.273438 0.109375 0.244141 0.138672 0.257812 0.138672 0.289062 0.117188 0.314453 0.117188 0.314453 0.115234 0.304688 0.130859 0.265625 0.109375 0.255859 0.0800781 0.300781 0.115234 0.304688 0.115234 0.304688
0 0.996094 0.333984 0.955078 0.3125 0.955078 0.285156 0.976562 0.255859 0.998047 0.261719 0.974609 0.269531 0.962891 0.304688 0.996094 0.333984
0 0.414062 0.349609 0.380859 0.335938 0.373047 0.300781 0.394531 0.275391 0.425781 0.267578 0.447266 0.292969 0.447266 0.320312 0.414062 0.349609 0.414062 0.349609 0.408203 0.339844 0.435547 0.308594 0.417969 0.279297 0.384766 0.300781 0.392578 0.332031 0.408203 0.339844 0.408203 0.339844
0 0.681641 0.320312 0.65625 0.341797 0.65625 0.341797 0.595703 0.332031 0.59375 0.275391 0.613281 0.263672 0.673828 0.277344 0.681641 0.320312 0.673828 0.316406 0.65625 0.275391 0.621094 0.279297 0.595703 0.304688 0.605469 0.326172 0.650391 0.332031 0.650391 0.332031 0.673828 0.316406
0 0.783203 0.367188 0.824219 0.314453 0.84375 0.310547 0.873047 0.335938 0.884766 0.386719 0.835938 0.427734 0.835938 0.427734 0.8125 0.427734 0.791016 0.40625 0.783203 0.367188 0.791016 0.371094 0.802734 0.40625 0.830078 0.417969 0.830078 0.417969 0.869141 0.386719 0.865234 0.347656 0.849609 0.34375 0.839844 0.318359 0.791016 0.371094
0 0.109375 0.400391 0.0683594 0.390625 0.0703125 0.333984 0.103516 0.347656 0.109375 0.400391 0.109375 0.400391 0.103516 0.390625 0.0996094 0.359375 0.078125 0.345703 0.0761719 0.375 0.103516 0.390625 0.103516 0.390625
0 0.242188 0.455078 0.203125 0.455078 0.162109 0.429688 0.166016 0.402344 0.207031 0.353516 0.246094 0.353516 0.287109 0.371094 0.291016 0.40625 0.279297 0.429688 0.242188 0.455078 0.242188 0.455078 0.240234 0.445312 0.267578 0.429688 0.283203 0.386719 0.253906 0.365234 0.214844 0.361328 0.169922 0.421875 0.199219 0.443359 0.240234 0.445312 0.240234 0.445312
0 0.740234 0.410156 0.722656 0.427734 0.722656 0.427734 0.679688 0.427734 0.669922 0.417969 0.679688 0.373047 0.740234 0.375 0.740234 0.410156 0.728516 0.398438 0.71875 0.376953 0.689453 0.390625 0.689453 0.410156 0.708984 0.414062 0.708984 0.414062 0.728516 0.398438
0 0.373047 0.453125 0.375 0.392578 0.421875 0.380859 0.466797 0.40625 0.466797 0.453125 0.449219 0.486328 0.449219 0.486328 0.373047 0.453125 0.380859 0.445312 0.443359 0.476562 0.443359 0.476562 0.458984 0.414062 0.414062 0.388672 0.386719 0.396484 0.376953 0.410156 0.380859 0.445312
0 0.964844 0.498047 0.9375 0.494141 0.908203 0.460938 0.914062 0.396484 0.941406 0.400391 0.962891 0.421875 0.974609 0.460938 0.974609 0.492188 0.964844 0.498047 0.964844 0.498047 0.962891 0.488281 0.951172 0.4375 0.925781 0.412109 0.916016 0.429688 0.923828 0.457031 0.945312 0.486328 0.962891 0.488281 0.962891 0.488281
0 0.996094 0.435547 0.996094 0.400391 0.996094 0.435547
0 0.589844 0.486328 0.587891 0.445312 0.621094 0.423828 0.660156 0.423828 0.677734 0.449219 0.673828 0.476562 0.652344 0.490234 0.652344 0.490234 0.589844 0.486328 0.601562 0.482422 0.642578 0.480469 0.642578 0.480469 0.666016 0.453125 0.65625 0.435547 0.599609 0.449219 0.591797 0.472656 0.601562 0.482422
0 0.689453 0.535156 0.689453 0.503906 0.722656 0.462891 0.769531 0.455078 0.810547 0.472656 0.798828 0.515625 0.765625 0.552734 0.765625 0.552734 0.71875 0.552734 0.689453 0.535156 0.697266 0.527344 0.710938 0.541016 0.759766 0.542969 0.759766 0.542969 0.794922 0.503906 0.802734 0.480469 0.789062 0.466797 0.730469 0.470703 0.701172 0.5 0.697266 0.527344
0 0.0390625 0.580078 0.0078125 0.580078 0 0.5625 0.046875 0.568359 0.0605469 0.53125 0.0195312 0.498047 0 0.501953 0.00390625 0.482422 0.0429688 0.490234 0.0683594 0.523438 0.0605469 0.570312 0.0390625 0.580078
0 0.833984 0.5625 0.833984 0.527344 0.855469 0.501953 0.882812 0.501953 0.908203 0.535156 0.912109 0.578125 0.890625 0.591797 0.890625 0.591797 0.855469 0.583984 0.833984 0.5625 0.841797 0.554688 0.884766 0.582031 0.884766 0.582031 0.904297 0.570312 0.904297 0.550781 0.890625 0.525391 0.863281 0.509766 0.841797 0.535156 0.841797 0.554688
0 0.460938 0.591797 0.408203 0.574219 0.396484 0.523438 0.410156 0.505859 0.492188 0.513672 0.521484 0.542969 0.503906 0.572266 0.460938 0.591797 0.460938 0.591797 0.458984 0.582031 0.507812 0.556641 0.509766 0.542969 0.484375 0.521484 0.417969 0.513672 0.404297 0.53125 0.408203 0.550781 0.433594 0.580078 0.458984 0.582031 0.458984 0.582031
0 0.644531 0.513672 0.654297 0.53125 0.632812 0.548828 0.632812 0.548828 0.566406 0.533203 0.560547 0.511719 0.644531 0.513672 0.640625 0.521484 0.580078 0.519531 0.585938 0.533203 0.626953 0.539062 0.626953 0.539062 0.640625 0.521484
0 0.125 0.673828 0.0800781 0.644531 0.103516 0.574219 0.152344 0.544922 0.214844 0.552734 0.228516 0.578125 0.224609 0.628906 0.175781 0.673828 0.175781 0.673828 0.125 0.673828 0.128906 0.666016 0.173828 0.664062 0.173828 0.664062 0.212891 0.628906 0.220703 0.585938 0.214844 0.564453 0.15625 0.552734 0.107422 0.585938 0.0878906 0.636719 0.128906 0.666016
0 0.578125 0.548828 0.591797 0.59375 0.5625 0.634766 0.5625 0.634766 0.541016 0.632812 0.521484 0.585938 0.546875 0.552734 0.578125 0.548828 0.574219 0.556641 0.542969 0.568359 0.533203 0.585938 0.544922 0.621094 0.560547 0.625 0.560547 0.625 0.583984 0.585938 0.574219 0.556641
0 0.988281 0.607422 0.958984 0.578125 0.964844 0.548828 0.998047 0.558594 0.996094 0.572266 0.976562 0.556641 0.966797 0.5625 0.980469 0.587891 0.998047 0.585938 0.988281 0.607422
0 0.761719 0.576172 0.832031 0.591797 0.869141 0.664062 0.851562 0.681641 0.851562 0.681641 0.8125 0.681641 0.773438 0.658203 0.740234 0.621094 0.740234 0.585938 0.761719 0.576172 0.765625 0.587891 0.755859 0.625 0.800781 0.666016 0.830078 0.671875 0.830078 0.671875 0.845703 0.644531 0.833984 0.609375 0.792969 0.587891 0.765625 0.587891
0 0.65625 0.599609 0.685547 0.617188 0.689453 0.679688 0.675781 0.708984 0.632812 0.728516 0.632812 0.728516 0.599609 0.71875 0.583984 0.632812 0.625 0.599609 0.65625 0.599609 0.652344 0.607422 0.625 0.611328 0.595703 0.648438 0.603516 0.703125 0.617188 0.720703 0.630859 0.71875 0.630859 0.71875 0.664062 0.705078 0.681641 0.675781 0.677734 0.625 0.652344 0.607422
0 0.34375 0.642578 0.386719 0.642578 0.404297 0.660156 0.404297 0.679688 0.386719 0.697266 0.386719 0.697266 0.345703 0.683594 0.333984 0.667969 0.34375 0.642578 0.351562 0.650391 0.349609 0.671875 0.380859 0.6875 0.380859 0.6875 0.396484 0.671875 0.392578 0.660156 0.351562 0.650391
0 0.458984 0.75 0.458984 0.675781 0.484375 0.642578 0.53125 0.638672 0.552734 0.675781 0.548828 0.714844 0.523438 0.748047 0.484375 0.771484 0.484375 0.771484 0.458984 0.75 0.466797 0.742188 0.486328 0.757812 0.486328 0.757812 0.529297 0.722656 0.523438 0.646484 0.484375 0.658203 0.466797 0.683594 0.466797 0.742188
0 0.0117188 0.822266 0 0.820312 0 0.806641 0.0390625 0.810547 0.0839844 0.78125 0.0996094 0.742188 0.0996094 0.699219 0.0351562 0.693359 0 0.732422 0 0.710938 0.03125 0.685547 0.101562 0.685547 0.0996094 0.777344 0.078125 0.802734 0.0117188 0.822266
0 0.748047 0.730469 0.748047 0.707031 0.761719 0.693359 0.792969 0.693359 0.810547 0.730469 0.814453 0.769531 0.792969 0.791016 0.792969 0.791016 0.748047 0.730469 0.755859 0.722656 0.771484 0.757812 0.794922 0.769531 0.794922 0.769531 0.806641 0.761719 0.802734 0.738281 0.777344 0.701172 0.755859 0.722656
0 0.980469 0.841797 0.951172 0.832031 0.919922 0.765625 0.923828 0.730469 0.953125 0.689453 0.998047 0.699219 0.996094 0.708984 0.960938 0.697266 0.931641 0.738281 0.958984 0.824219 0.972656 0.833984 0.998047 0.816406 0.980469 0.841797
0 0.226562 0.705078 0.236328 0.722656 0.228516 0.773438 0.199219 0.806641 0.171875 0.814453 0.171875 0.814453 0.144531 0.810547 0.134766 0.796875 0.142578 0.734375 0.164062 0.708984 0.226562 0.705078 0.21875 0.712891 0.191406 0.708984 0.154297 0.730469 0.146484 0.796875 0.166016 0.804688 0.166016 0.804688 0.1875 0.802734 0.216797 0.773438 0.228516 0.730469 0.21875 0.712891
0 0.302734 0.746094 0.289062 0.759766 0.289062 0.759766 0.259766 0.75 0.261719 0.716797 0.302734 0.722656 0.302734 0.746094 0.291016 0.746094 0.289062 0.724609 0.263672 0.730469 0.273438 0.748047 0.291016 0.746094 0.291016 0.746094
0 0.675781 0.732422 0.707031 0.740234 0.744141 0.789062 0.740234 0.859375 0.703125 0.900391 0.703125 0.900391 0.669922 0.886719 0.623047 0.8125 0.626953 0.773438 0.675781 0.732422 0.683594 0.740234 0.638672 0.785156 0.658203 0.855469 0.697266 0.890625 0.697266 0.890625 0.732422 0.832031 0.732422 0.804688 0.724609 0.773438 0.683594 0.740234
0 0.322266 0.875 0.314453 0.820312 0.324219 0.763672 0.378906 0.783203 0.400391 0.8125 0.400391 0.871094 0.375 0.904297 0.375 0.904297 0.332031 0.892578 0.322266 0.875 0.330078 0.871094 0.355469 0.892578 0.380859 0.890625 0.380859 0.890625 0.396484 0.84375 0.392578 0.816406 0.367188 0.787109 0.34375 0.783203 0.322266 0.828125 0.330078 0.871094
0 0.460938 0.783203 0.484375 0.787109 0.501953 0.820312 0.498047 0.875 0.480469 0.896484 0.480469 0.896484 0.460938 0.896484 0.435547 0.863281 0.435547 0.8125 0.460938 0.783203 0.460938 0.791016 0.443359 0.820312 0.443359 0.855469 0.474609 0.886719 0.474609 0.886719 0.490234 0.867188 0.494141 0.824219 0.484375 0.802734 0.460938 0.791016
0 0.236328 0.820312 0.253906 0.794922 0.277344 0.787109 0.294922 0.832031 0.269531 0.869141 0.269531 0.869141 0.244141 0.859375 0.236328 0.820312 0.244141 0.824219 0.251953 0.851562 0.271484 0.855469 0.271484 0.855469 0.283203 0.835938 0.273438 0.798828 0.244141 0.824219
0 0.816406 0.900391 0.794922 0.878906 0.779297 0.835938 0.804688 0.798828 0.855469 0.794922 0.880859 0.816406 0.888672 0.894531 0.875 0.908203 0.875 0.908203 0.816406 0.900391 0.820312 0.892578 0.873047 0.898438 0.873047 0.898438 0.873047 0.824219 0.847656 0.802734 0.8125 0.806641 0.787109 0.839844 0.794922 0.859375 0.820312 0.892578
0 0.109375 0.822266 0.15625 0.826172 0.162109 0.851562 0.128906 0.876953 0.128906 0.876953 0.0898438 0.873047 0.0800781 0.839844 0.109375 0.822266 0.113281 0.830078 0.0878906 0.847656 0.0898438 0.861328 0.123047 0.867188 0.123047 0.867188 0.154297 0.84375 0.148438 0.833984 0.113281 0.830078
0 0 0.962891 0.0527344 0.898438 0.0351562 0.876953 0.00390625 0.873047 0.00390625 0.861328 0.046875 0.873047 0.0605469 0.902344 0.0449219 0.933594 0 0.962891
0 0.511719 0.970703 0.501953 0.9375 0.501953 0.902344 0.535156 0.861328 0.566406 0.873047 0.591797 0.914062 0.587891 0.945312 0.554688 0.986328 0.554688 0.986328 0.511719 0.970703 0.519531 0.962891 0.552734 0.972656 0.552734 0.972656 0.572266 0.914062 0.550781 0.873047 0.517578 0.914062 0.513672 0.945312 0.519531 0.962891
0 0.164062 0.958984 0.142578 0.933594 0.138672 0.914062 0.15625 0.880859 0.205078 0.90625 0.208984 0.949219 0.195312 0.958984 0.195312 0.958984 0.164062 0.958984 0.171875 0.951172 0.189453 0.949219 0.189453 0.949219 0.201172 0.921875 0.164062 0.888672 0.150391 0.925781 0.171875 0.951172
0 0.964844 0.998047 0.951172 0.996094 0.978516 0.925781 0.960938 0.900391 0.912109 0.953125 0.908203 0.976562 0.919922 0.996094 0.900391 0.984375 0.919922 0.917969 0.953125 0.892578 0.96875 0.892578 0.986328 0.917969 0.964844 0.998047
0 0.75 0.998047 0.740234 0.996094 0.728516 0.945312 0.699219 0.927734 0.642578 0.9375 0.626953 0.96875 0.648438 0.998047 0.626953 0.988281 0.619141 0.960938 0.634766 0.929688 0.65625 0.916016 0.707031 0.919922 0.740234 0.945312 0.75 0.998047
0 0.46875 0.998047 0.455078 0.996094 0.455078 0.960938 0.425781 0.931641 0.388672 0.945312 0.375 0.998047 0.369141 0.972656 0.384766 0.933594 0.402344 0.923828 0.445312 0.931641 0.462891 0.953125 0.46875 0.998047
0 0.851562 0.998047 0.835938 0.962891 0.804688 0.998047 0.798828 0.992188 0.816406 0.958984 0.839844 0.955078 0.853516 0.964844 0.851562 0.998047
0 0.277344 0.998047 0.242188 0.978516 0.205078 0.996094 0.226562 0.970703 0.25 0.970703 0.277344 0.998047
