0 0.691406 0.0175781 0.650391 0 0.6875 0.00976562 0.707031 0 0.691406 0.0175781
0 0.833984 0.0820312 0.804688 0.0957031 0.804688 0.0957031 0.773438 0.0878906 0.751953 0.0625 0.744141 0.015625 0.753906 0.00195312 0.785156 0.00585938 0.833984 0.0507812 0.833984 0.0820312 0.822266 0.078125 0.830078 0.0703125 0.810547 0.0390625 0.765625 0.00976562 0.779297 0.0585938 0.800781 0.0800781 0.822266 0.078125 0.822266 0.078125
0 0.890625 0.0332031 0.851562 0.0332031 0.830078 0 0.839844 0 0.859375 0.0253906 0.886719 0.0253906 0.898438 0 0.890625 0.0332031
0 0.96875 0.0253906 0.949219 0.0253906 0.927734 0 0.960938 0.0175781 0.988281 0 0.96875 0.0253906
0 0.582031 0.0878906 0.541016 0.0703125 0.544922 0.03125 0.566406 0.0136719 0.595703 0.0273438 0.582031 0.0878906 0.582031 0.0878906 0.576172 0.078125 0.587891 0.046875 0.582031 0.0253906 0.558594 0.0292969 0.548828 0.0507812 0.554688 0.0722656 0.576172 0.078125 0.576172 0.078125
0 0.0078125 0.115234 0 0.109375 0.0214844 0.0664062 0 0.0332031 0.0292969 0.0625 0.0253906 0.0976562 0.0078125 0.115234
0 0.648438 0.0488281 0.683594 0.0527344 0.720703 0.101562 0.720703 0.125 0.679688 0.146484 0.679688 0.146484 0.623047 0.0976562 0.648438 0.0488281 0.652344 0.0566406 0.630859 0.0898438 0.65625 0.123047 0.685547 0.132812 0.685547 0.132812 0.712891 0.117188 0.708984 0.09375 0.683594 0.0644531 0.652344 0.0566406
0 0.566406 0.0957031 0.576172 0.113281 0.570312 0.142578 0.570312 0.142578 0.515625 0.134766 0.498047 0.0976562 0.519531 0.0839844 0.566406 0.0957031 0.558594 0.103516 0.535156 0.0917969 0.513672 0.101562 0.527344 0.130859 0.564453 0.132812 0.564453 0.132812 0.558594 0.103516
0 0.994141 0.128906 0.990234 0.15625 0.96875 0.169922 0.96875 0.169922 0.953125 0.166016 0.939453 0.140625 0.957031 0.103516 0.972656 0.103516 0.994141 0.128906 0.986328 0.132812 0.964844 0.111328 0.951172 0.125 0.951172 0.148438 0.970703 0.15625 0.970703 0.15625 0.986328 0.132812
0 0.886719 0.177734 0.867188 0.177734 0.841797 0.152344 0.851562 0.107422 0.871094 0.107422 0.892578 0.132812 0.896484 0.167969 0.886719 0.177734 0.886719 0.177734 0.880859 0.167969 0.888672 0.152344 0.863281 0.126953 0.857422 0.15625 0.880859 0.167969 0.880859 0.167969
0 0.730469 0.158203 0.753906 0.158203 0.771484 0.175781 0.767578 0.21875 0.742188 0.248047 0.742188 0.248047 0.726562 0.248047 0.716797 0.230469 0.716797 0.183594 0.730469 0.158203 0.732422 0.167969 0.724609 0.191406 0.736328 0.238281 0.736328 0.238281 0.755859 0.222656 0.763672 0.195312 0.746094 0.166016 0.732422 0.167969
0 0.603516 0.1875 0.609375 0.169922 0.652344 0.162109 0.677734 0.183594 0.666016 0.21875 0.648438 0.228516 0.648438 0.228516 0.615234 0.214844 0.603516 0.1875 0.611328 0.183594 0.623047 0.207031 0.646484 0.21875 0.646484 0.21875 0.666016 0.183594 0.632812 0.169922 0.611328 0.183594
0 0.121094 0.232422 0.0898438 0.228516 0.0644531 0.191406 0.078125 0.181641 0.132812 0.189453 0.142578 0.214844 0.121094 0.232422 0.121094 0.232422 0.115234 0.222656 0.132812 0.201172 0.0976562 0.189453 0.0761719 0.195312 0.0898438 0.216797 0.115234 0.222656 0.115234 0.222656
0 0.00390625 0.275391 0 0.236328 0.00390625 0.275391
0 0.0917969 0.257812 0.0859375 0.306641 0.0859375 0.306641 0.0488281 0.296875 0.0429688 0.236328 0.0742188 0.240234 0.0917969 0.257812 0.0839844 0.265625 0.0585938 0.244141 0.0605469 0.28125 0.0800781 0.296875 0.0800781 0.296875 0.0839844 0.265625
0 0.148438 0.298828 0.121094 0.294922 0.119141 0.269531 0.160156 0.248047 0.177734 0.261719 0.177734 0.277344 0.148438 0.298828 0.148438 0.298828 0.146484 0.289062 0.169922 0.269531 0.136719 0.267578 0.126953 0.277344 0.146484 0.289062 0.146484 0.289062
0 0.855469 0.318359 0.837891 0.296875 0.84375 0.267578 0.882812 0.259766 0.896484 0.269531 0.908203 0.304688 0.878906 0.322266 0.878906 0.322266 0.855469 0.318359 0.863281 0.310547 0.884766 0.308594 0.884766 0.308594 0.892578 0.292969 0.878906 0.275391 0.845703 0.28125 0.863281 0.310547
0 0.777344 0.333984 0.761719 0.333984 0.751953 0.308594 0.761719 0.267578 0.794922 0.28125 0.777344 0.333984 0.777344 0.333984 0.775391 0.324219 0.787109 0.292969 0.777344 0.279297 0.759766 0.292969 0.775391 0.324219 0.775391 0.324219
0 0.289062 0.365234 0.257812 0.365234 0.220703 0.34375 0.226562 0.333984 0.261719 0.357422 0.28125 0.357422 0.291016 0.34375 0.285156 0.322266 0.253906 0.306641 0.234375 0.306641 0.21875 0.330078 0.226562 0.298828 0.277344 0.302734 0.294922 0.316406 0.289062 0.365234
0 0.703125 0.330078 0.748047 0.339844 0.751953 0.367188 0.726562 0.392578 0.726562 0.392578 0.697266 0.378906 0.693359 0.335938 0.703125 0.330078 0.707031 0.337891 0.705078 0.355469 0.732422 0.375 0.732422 0.375 0.740234 0.347656 0.707031 0.337891
0 0.9375 0.408203 0.908203 0.390625 0.904297 0.355469 0.945312 0.337891 0.951172 0.394531 0.9375 0.408203 0.9375 0.408203 0.935547 0.398438 0.943359 0.359375 0.917969 0.357422 0.916016 0.382812 0.935547 0.398438 0.935547 0.398438
0 0.996094 0.408203 0.986328 0.394531 0.996094 0.345703 0.996094 0.408203
0 0.167969 0.357422 0.210938 0.361328 0.224609 0.390625 0.195312 0.408203 0.195312 0.408203 0.152344 0.408203 0.146484 0.371094 0.167969 0.357422 0.171875 0.365234 0.154297 0.378906 0.160156 0.400391 0.193359 0.398438 0.193359 0.398438 0.216797 0.386719 0.203125 0.369141 0.171875 0.365234
0 0.755859 0.398438 0.757812 0.373047 0.777344 0.369141 0.798828 0.382812 0.798828 0.398438 0.78125 0.408203 0.78125 0.408203 0.755859 0.398438 0.763672 0.394531 0.779297 0.398438 0.779297 0.398438 0.791016 0.390625 0.769531 0.376953 0.763672 0.394531
0 0.855469 0.431641 0.837891 0.417969 0.833984 0.386719 0.84375 0.376953 0.900391 0.386719 0.904297 0.414062 0.886719 0.431641 0.886719 0.431641 0.855469 0.431641 0.859375 0.423828 0.880859 0.421875 0.880859 0.421875 0.896484 0.40625 0.886719 0.388672 0.855469 0.380859 0.841797 0.390625 0.859375 0.423828
0 0.767578 0.449219 0.78125 0.423828 0.804688 0.423828 0.818359 0.441406 0.814453 0.464844 0.796875 0.474609 0.796875 0.474609 0.767578 0.449219 0.779297 0.441406 0.791016 0.460938 0.791016 0.460938 0.792969 0.431641 0.779297 0.441406
0 0 0.494141 0 0.447266 0.00976562 0.46875 0 0.494141
0 0.566406 0.458984 0.59375 0.458984 0.626953 0.5 0.621094 0.513672 0.59375 0.521484 0.59375 0.521484 0.560547 0.5 0.566406 0.458984 0.574219 0.466797 0.576172 0.503906 0.607422 0.507812 0.607422 0.507812 0.615234 0.496094 0.603516 0.480469 0.574219 0.466797
0 0.683594 0.466797 0.726562 0.474609 0.767578 0.515625 0.767578 0.535156 0.753906 0.544922 0.753906 0.544922 0.691406 0.537109 0.658203 0.5 0.658203 0.484375 0.683594 0.466797 0.691406 0.474609 0.681641 0.484375 0.6875 0.521484 0.748047 0.535156 0.748047 0.535156 0.759766 0.523438 0.71875 0.482422 0.691406 0.474609
0 0.447266 0.535156 0.447266 0.5 0.464844 0.474609 0.503906 0.490234 0.521484 0.515625 0.513672 0.566406 0.492188 0.576172 0.492188 0.576172 0.476562 0.576172 0.447266 0.535156 0.455078 0.527344 0.486328 0.566406 0.486328 0.566406 0.505859 0.558594 0.509766 0.515625 0.472656 0.482422 0.455078 0.527344
0 0.820312 0.482422 0.837891 0.507812 0.837891 0.539062 0.8125 0.560547 0.8125 0.560547 0.791016 0.554688 0.787109 0.515625 0.798828 0.492188 0.820312 0.482422 0.816406 0.490234 0.794922 0.539062 0.818359 0.546875 0.818359 0.546875 0.830078 0.511719 0.816406 0.490234
0 0.0585938 0.583984 0.0273438 0.576172 0.0214844 0.550781 0.0625 0.548828 0.0722656 0.574219 0.0585938 0.583984 0.0585938 0.583984 0.0566406 0.574219 0.0644531 0.566406 0.0546875 0.556641 0.0292969 0.558594 0.0566406 0.574219 0.0566406 0.574219
0 0.6875 0.630859 0.65625 0.626953 0.630859 0.597656 0.648438 0.564453 0.712891 0.59375 0.708984 0.617188 0.6875 0.630859 0.6875 0.630859 0.685547 0.621094 0.705078 0.601562 0.648438 0.576172 0.638672 0.589844 0.646484 0.601562 0.664062 0.619141 0.685547 0.621094 0.685547 0.621094
0 0.746094 0.607422 0.720703 0.582031 0.746094 0.564453 0.773438 0.568359 0.794922 0.585938 0.78125 0.607422 0.78125 0.607422 0.746094 0.607422 0.753906 0.599609 0.775391 0.597656 0.775391 0.597656 0.783203 0.585938 0.765625 0.576172 0.732422 0.582031 0.753906 0.599609
0 0.996094 0.611328 0.986328 0.597656 0.992188 0.560547 0.996094 0.611328
0 0 0.619141 0 0.572266 0 0.619141
0 0.896484 0.601562 0.908203 0.632812 0.859375 0.669922 0.859375 0.669922 0.810547 0.640625 0.810547 0.617188 0.84375 0.583984 0.867188 0.580078 0.896484 0.601562 0.888672 0.605469 0.859375 0.587891 0.818359 0.632812 0.839844 0.654297 0.865234 0.65625 0.865234 0.65625 0.896484 0.625 0.888672 0.605469
0 0.513672 0.632812 0.515625 0.587891 0.542969 0.587891 0.556641 0.601562 0.554688 0.646484 0.554688 0.646484 0.513672 0.632812 0.521484 0.625 0.548828 0.636719 0.548828 0.636719 0.548828 0.609375 0.523438 0.595703 0.521484 0.625
0 0.957031 0.603516 0.986328 0.613281 0.976562 0.658203 0.976562 0.658203 0.947266 0.644531 0.957031 0.603516 0.964844 0.611328 0.955078 0.625 0.966797 0.625 0.958984 0.640625 0.970703 0.648438 0.970703 0.648438 0.978516 0.621094 0.964844 0.611328
0 0.0664062 0.736328 0.0371094 0.6875 0.0761719 0.625 0.109375 0.611328 0.150391 0.652344 0.150391 0.695312 0.09375 0.740234 0.09375 0.740234 0.0664062 0.736328 0.0742188 0.728516 0.0878906 0.730469 0.0878906 0.730469 0.142578 0.6875 0.138672 0.648438 0.101562 0.626953 0.0488281 0.691406 0.0742188 0.728516
0 0.511719 0.681641 0.478516 0.664062 0.484375 0.630859 0.517578 0.65625 0.511719 0.681641 0.511719 0.681641 0.505859 0.671875 0.488281 0.646484 0.490234 0.664062 0.505859 0.671875 0.505859 0.671875
0 0.607422 0.664062 0.625 0.642578 0.648438 0.638672 0.666016 0.660156 0.640625 0.689453 0.640625 0.689453 0.617188 0.685547 0.607422 0.664062 0.615234 0.671875 0.634766 0.679688 0.634766 0.679688 0.654297 0.65625 0.640625 0.646484 0.615234 0.671875
0 0.769531 0.646484 0.775391 0.664062 0.761719 0.677734 0.761719 0.677734 0.730469 0.673828 0.720703 0.652344 0.769531 0.646484 0.765625 0.654297 0.732422 0.660156 0.755859 0.667969 0.755859 0.667969 0.765625 0.654297
0 0.984375 0.755859 0.960938 0.755859 0.947266 0.730469 0.958984 0.695312 0.996094 0.666016 0.962891 0.710938 0.96875 0.748047 0.998047 0.742188 0.984375 0.755859
0 0.802734 0.6875 0.792969 0.720703 0.792969 0.720703 0.78125 0.720703 0.771484 0.699219 0.78125 0.673828 0.802734 0.6875 0.794922 0.691406 0.785156 0.685547 0.791016 0.707031 0.791016 0.707031 0.794922 0.691406
0 0.683594 0.771484 0.666016 0.757812 0.683594 0.705078 0.730469 0.712891 0.755859 0.742188 0.755859 0.753906 0.726562 0.771484 0.726562 0.771484 0.683594 0.771484 0.691406 0.763672 0.720703 0.761719 0.720703 0.761719 0.744141 0.742188 0.714844 0.716797 0.6875 0.716797 0.673828 0.75 0.691406 0.763672
0 0 0.740234 0 0.708984 0 0.740234
0 0.226562 0.791016 0.205078 0.761719 0.205078 0.734375 0.234375 0.708984 0.253906 0.708984 0.279297 0.746094 0.279297 0.777344 0.253906 0.794922 0.253906 0.794922 0.226562 0.791016 0.234375 0.783203 0.259766 0.78125 0.259766 0.78125 0.263672 0.742188 0.242188 0.720703 0.220703 0.738281 0.220703 0.769531 0.234375 0.783203
0 0.632812 0.759766 0.597656 0.759766 0.580078 0.71875 0.640625 0.708984 0.654297 0.746094 0.632812 0.759766 0.632812 0.759766 0.630859 0.75 0.646484 0.738281 0.632812 0.716797 0.591797 0.722656 0.597656 0.748047 0.630859 0.75 0.630859 0.75
0 0.0820312 0.833984 0.0566406 0.832031 0.0527344 0.785156 0.0703125 0.759766 0.109375 0.751953 0.134766 0.773438 0.134766 0.792969 0.0820312 0.833984 0.0820312 0.833984 0.0800781 0.824219 0.126953 0.785156 0.113281 0.763672 0.0722656 0.773438 0.0605469 0.808594 0.0800781 0.824219 0.0800781 0.824219
0 0.90625 0.814453 0.892578 0.78125 0.945312 0.775391 0.958984 0.796875 0.949219 0.814453 0.949219 0.814453 0.90625 0.814453 0.914062 0.806641 0.943359 0.804688 0.943359 0.804688 0.929688 0.787109 0.908203 0.789062 0.914062 0.806641
0 0.193359 0.84375 0.253906 0.810547 0.267578 0.824219 0.271484 0.863281 0.238281 0.908203 0.238281 0.908203 0.201172 0.882812 0.193359 0.84375 0.201172 0.851562 0.205078 0.871094 0.236328 0.894531 0.236328 0.894531 0.263672 0.855469 0.25 0.822266 0.201172 0.851562
0 0.421875 0.826172 0.46875 0.830078 0.501953 0.871094 0.501953 0.902344 0.464844 0.931641 0.464844 0.931641 0.417969 0.931641 0.388672 0.894531 0.380859 0.867188 0.421875 0.826172 0.425781 0.833984 0.396484 0.867188 0.400391 0.898438 0.425781 0.923828 0.462891 0.921875 0.462891 0.921875 0.490234 0.902344 0.494141 0.875 0.460938 0.837891 0.425781 0.833984
0 0.736328 0.835938 0.785156 0.822266 0.794922 0.839844 0.78125 0.857422 0.78125 0.857422 0.746094 0.857422 0.736328 0.835938 0.744141 0.839844 0.775391 0.847656 0.775391 0.847656 0.783203 0.835938 0.769531 0.830078 0.744141 0.839844
0 0.169922 0.917969 0.121094 0.994141 0.121094 0.994141 0.105469 0.994141 0.0839844 0.972656 0.0410156 0.90625 0.0546875 0.869141 0.113281 0.837891 0.169922 0.890625 0.169922 0.917969 0.162109 0.914062 0.162109 0.898438 0.121094 0.849609 0.0488281 0.890625 0.0761719 0.945312 0.115234 0.984375 0.115234 0.984375 0.162109 0.914062
0 0.84375 0.947266 0.814453 0.9375 0.808594 0.896484 0.832031 0.896484 0.853516 0.914062 0.857422 0.933594 0.84375 0.947266 0.84375 0.947266 0.841797 0.9375 0.845703 0.921875 0.816406 0.904297 0.822266 0.929688 0.841797 0.9375 0.841797 0.9375
0 0.277344 0.998047 0.267578 0.996094 0.275391 0.957031 0.257812 0.927734 0.220703 0.996094 0.208984 0.996094 0.216797 0.949219 0.242188 0.912109 0.261719 0.912109 0.279297 0.9375 0.277344 0.998047
0 0.785156 0.978516 0.763672 0.972656 0.753906 0.923828 0.791016 0.933594 0.785156 0.978516 0.785156 0.978516 0.779297 0.96875 0.787109 0.949219 0.765625 0.931641 0.779297 0.96875 0.779297 0.96875
0 0.964844 0.998047 0.966797 0.933594 0.988281 0.931641 0.998047 0.949219 0.978516 0.941406 0.964844 0.998047
0 0.910156 0.998047 0.875 0.978516 0.853516 0.996094 0.869141 0.960938 0.882812 0.958984 0.910156 0.998047
0 0.015625 0.998047 0 0.970703 0.015625 0.998047
0 0.511719 0.998047 0.488281 0.986328 0.447266 0.996094 0.503906 0.974609 0.511719 0.998047
