0 0.046875 0.0214844 0.0273438 0.0214844 0.00585938 0 0.0390625 0.0136719 0.0507812 0 0.0566406 0.0117188 0.046875 0.0214844
0 0.0859375 0.0136719 0.0683594 0 0.103516 0 0.0859375 0.0136719
0 0.203125 0.0722656 0.1875 0.0722656 0.166016 0.0507812 0.166016 0 0.177734 0.046875 0.195312 0.0644531 0.246094 0 0.224609 0.0546875 0.203125 0.0722656
0 0.378906 0.0332031 0.353516 0.0234375 0.347656 0 0.371094 0.0214844 0.390625 0 0.419922 0 0.378906 0.0332031
0 0.681641 0.0429688 0.677734 0.078125 0.652344 0.107422 0.589844 0.130859 0.589844 0.130859 0.5625 0.130859 0.552734 0.109375 0.548828 0.0273438 0.585938 0 0.664062 0 0.681641 0.0429688 0.673828 0.046875 0.652344 0.00195312 0.597656 0.00585938 0.556641 0.0429688 0.564453 0.113281 0.583984 0.121094 0.583984 0.121094 0.617188 0.115234 0.669922 0.0742188 0.673828 0.046875
0 0.789062 0.00976562 0.736328 0 0.806641 0 0.789062 0.00976562
0 0.941406 0.0839844 0.90625 0.0839844 0.861328 0.0507812 0.853516 0.0195312 0.871094 0 0.888672 0 0.861328 0.0273438 0.865234 0.0390625 0.914062 0.0761719 0.960938 0.0605469 0.998047 0.0195312 0.994141 0.0390625 0.941406 0.0839844
0 0.996094 0.00195312 0.966797 0 0.996094 0.00195312
0 0.472656 0.00585938 0.525391 0.0273438 0.533203 0.0546875 0.523438 0.0683594 0.523438 0.0683594 0.5 0.0683594 0.478516 0.046875 0.466797 0.03125 0.472656 0.00585938 0.480469 0.0136719 0.482422 0.0351562 0.517578 0.0585938 0.517578 0.0585938 0.521484 0.0390625 0.480469 0.0136719
0 0.0527344 0.0390625 0.0898438 0.0175781 0.0917969 0.0546875 0.0742188 0.0839844 0.0742188 0.0839844 0.0566406 0.078125 0.0527344 0.0390625 0.0605469 0.046875 0.0722656 0.0703125 0.0722656 0.0703125 0.0820312 0.0292969 0.0605469 0.046875
0 0.300781 0.0214844 0.339844 0.0214844 0.349609 0.0351562 0.345703 0.0859375 0.328125 0.115234 0.328125 0.115234 0.294922 0.0703125 0.300781 0.0214844 0.304688 0.0292969 0.302734 0.0625 0.326172 0.0976562 0.326172 0.0976562 0.341797 0.0429688 0.332031 0.0292969 0.304688 0.0292969
0 0.708984 0.0742188 0.738281 0.0214844 0.767578 0.03125 0.779297 0.0625 0.775391 0.101562 0.75 0.134766 0.75 0.134766 0.722656 0.130859 0.708984 0.105469 0.708984 0.0742188 0.716797 0.0820312 0.724609 0.117188 0.744141 0.125 0.744141 0.125 0.771484 0.078125 0.75 0.0292969 0.716797 0.0820312
0 0.0957031 0.109375 0.105469 0.0371094 0.150391 0.0625 0.146484 0.105469 0.128906 0.130859 0.128906 0.130859 0.0957031 0.109375 0.103516 0.101562 0.123047 0.121094 0.123047 0.121094 0.142578 0.0703125 0.113281 0.0449219 0.103516 0.101562
0 0.265625 0.0410156 0.279297 0.0625 0.257812 0.130859 0.257812 0.130859 0.224609 0.101562 0.216797 0.078125 0.246094 0.0410156 0.265625 0.0410156 0.257812 0.0488281 0.228516 0.0742188 0.228516 0.0898438 0.255859 0.117188 0.255859 0.117188 0.271484 0.0820312 0.257812 0.0488281
0 0.0078125 0.134766 0 0.125 0.0136719 0.105469 0.0136719 0.0742188 0 0.0488281 0.0214844 0.0664062 0.0214844 0.113281 0.0078125 0.134766
0 0.351562 0.162109 0.337891 0.152344 0.357422 0.0820312 0.398438 0.0644531 0.447266 0.078125 0.443359 0.132812 0.414062 0.162109 0.414062 0.162109 0.351562 0.162109 0.355469 0.154297 0.408203 0.152344 0.408203 0.152344 0.435547 0.125 0.439453 0.0859375 0.40625 0.0722656 0.357422 0.105469 0.345703 0.144531 0.355469 0.154297
0 0.167969 0.0800781 0.203125 0.0839844 0.224609 0.121094 0.224609 0.148438 0.1875 0.166016 0.1875 0.166016 0.167969 0.166016 0.146484 0.136719 0.167969 0.0800781 0.175781 0.0878906 0.154297 0.121094 0.181641 0.15625 0.181641 0.15625 0.216797 0.140625 0.212891 0.113281 0.191406 0.0878906 0.175781 0.0878906
0 0.492188 0.193359 0.472656 0.193359 0.447266 0.15625 0.480469 0.107422 0.507812 0.111328 0.529297 0.136719 0.525391 0.164062 0.492188 0.193359 0.492188 0.193359 0.486328 0.183594 0.521484 0.148438 0.492188 0.115234 0.458984 0.144531 0.470703 0.175781 0.486328 0.183594 0.486328 0.183594
0 0.882812 0.205078 0.853516 0.179688 0.871094 0.126953 0.898438 0.126953 0.951172 0.15625 0.947266 0.183594 0.917969 0.208984 0.917969 0.208984 0.882812 0.205078 0.890625 0.197266 0.912109 0.199219 0.912109 0.199219 0.943359 0.164062 0.878906 0.134766 0.865234 0.175781 0.890625 0.197266
0 0.0175781 0.148438 0.03125 0.130859 0.0546875 0.130859 0.0722656 0.160156 0.0585938 0.201172 0.0585938 0.201172 0.0253906 0.1875 0.0175781 0.148438 0.0253906 0.15625 0.0292969 0.171875 0.0429688 0.189453 0.0566406 0.1875 0.0566406 0.1875 0.0644531 0.167969 0.0390625 0.138672 0.0253906 0.15625
0 0.996094 0.181641 0.996094 0.146484 0.996094 0.181641
0 0 0.193359 0.00390625 0.154297 0.00976562 0.183594 0 0.193359
0 0.253906 0.197266 0.214844 0.193359 0.205078 0.171875 0.234375 0.154297 0.265625 0.158203 0.271484 0.183594 0.253906 0.197266 0.253906 0.197266 0.251953 0.1875 0.263672 0.175781 0.25 0.162109 0.216797 0.175781 0.230469 0.189453 0.251953 0.1875 0.251953 0.1875
0 0.580078 0.183594 0.605469 0.158203 0.652344 0.158203 0.662109 0.179688 0.654297 0.214844 0.597656 0.244141 0.597656 0.244141 0.576172 0.230469 0.580078 0.183594 0.587891 0.191406 0.583984 0.21875 0.603516 0.226562 0.603516 0.226562 0.646484 0.207031 0.654297 0.1875 0.644531 0.166016 0.617188 0.166016 0.587891 0.191406
0 0.740234 0.195312 0.769531 0.162109 0.796875 0.154297 0.822266 0.191406 0.822266 0.214844 0.806641 0.242188 0.777344 0.259766 0.777344 0.259766 0.744141 0.234375 0.740234 0.195312 0.748047 0.203125 0.759766 0.238281 0.775391 0.242188 0.775391 0.242188 0.802734 0.203125 0.789062 0.162109 0.748047 0.203125
0 0.0976562 0.185547 0.167969 0.185547 0.181641 0.199219 0.181641 0.226562 0.128906 0.255859 0.128906 0.255859 0.0703125 0.248047 0.0683594 0.21875 0.0976562 0.185547 0.105469 0.193359 0.0878906 0.207031 0.0761719 0.230469 0.123047 0.246094 0.123047 0.246094 0.173828 0.21875 0.160156 0.193359 0.105469 0.193359
0 0.363281 0.287109 0.330078 0.269531 0.314453 0.230469 0.320312 0.208984 0.365234 0.21875 0.373047 0.28125 0.363281 0.287109 0.363281 0.287109 0.361328 0.277344 0.361328 0.230469 0.328125 0.216797 0.337891 0.261719 0.361328 0.277344 0.361328 0.277344
0 0.460938 0.216797 0.490234 0.242188 0.474609 0.28125 0.445312 0.294922 0.445312 0.294922 0.40625 0.291016 0.384766 0.261719 0.396484 0.226562 0.414062 0.212891 0.460938 0.216797 0.457031 0.224609 0.421875 0.220703 0.396484 0.261719 0.414062 0.283203 0.439453 0.285156 0.439453 0.285156 0.460938 0.279297 0.482422 0.25 0.457031 0.224609
0 0.710938 0.294922 0.667969 0.291016 0.642578 0.257812 0.675781 0.236328 0.714844 0.236328 0.724609 0.285156 0.710938 0.294922 0.710938 0.294922 0.708984 0.285156 0.716797 0.265625 0.703125 0.240234 0.654297 0.261719 0.675781 0.283203 0.708984 0.285156 0.708984 0.285156
0 0.898438 0.337891 0.875 0.337891 0.837891 0.300781 0.841797 0.269531 0.890625 0.240234 0.90625 0.240234 0.943359 0.273438 0.935547 0.308594 0.898438 0.337891 0.898438 0.337891 0.896484 0.328125 0.919922 0.3125 0.935547 0.28125 0.921875 0.263672 0.882812 0.251953 0.845703 0.28125 0.845703 0.292969 0.863281 0.318359 0.896484 0.328125 0.896484 0.328125
0 0.0390625 0.318359 0 0.304688 0 0.287109 0.0273438 0.310547 0.0449219 0.296875 0.0234375 0.259766 0 0.265625 0 0.251953 0.03125 0.251953 0.0449219 0.265625 0.0527344 0.300781 0.0390625 0.318359
0 0.199219 0.263672 0.25 0.263672 0.283203 0.296875 0.287109 0.359375 0.261719 0.388672 0.261719 0.388672 0.214844 0.376953 0.189453 0.347656 0.185547 0.289062 0.199219 0.263672 0.207031 0.271484 0.193359 0.308594 0.201172 0.332031 0.238281 0.369141 0.263672 0.375 0.263672 0.375 0.283203 0.332031 0.271484 0.296875 0.242188 0.271484 0.207031 0.271484
0 0.521484 0.339844 0.558594 0.294922 0.603516 0.328125 0.599609 0.398438 0.570312 0.423828 0.570312 0.423828 0.541016 0.40625 0.521484 0.371094 0.521484 0.339844 0.529297 0.347656 0.533203 0.375 0.564453 0.410156 0.564453 0.410156 0.591797 0.378906 0.580078 0.375 0.587891 0.351562 0.566406 0.306641 0.529297 0.347656
0 0.996094 0.380859 0.974609 0.347656 0.974609 0.320312 0.996094 0.298828 0.982422 0.328125 0.996094 0.380859
0 0.181641 0.375 0.181641 0.390625 0.132812 0.427734 0.132812 0.427734 0.0820312 0.412109 0.0449219 0.363281 0.0625 0.337891 0.105469 0.314453 0.136719 0.322266 0.181641 0.375 0.173828 0.382812 0.140625 0.337891 0.105469 0.326172 0.0566406 0.363281 0.09375 0.404297 0.119141 0.414062 0.119141 0.414062 0.173828 0.382812
0 0.494141 0.351562 0.457031 0.400391 0.457031 0.400391 0.414062 0.396484 0.400391 0.351562 0.429688 0.318359 0.484375 0.314453 0.494141 0.351562 0.486328 0.347656 0.476562 0.322266 0.433594 0.330078 0.419922 0.351562 0.419922 0.378906 0.451172 0.390625 0.451172 0.390625 0.486328 0.347656
0 0.701172 0.394531 0.660156 0.447266 0.660156 0.447266 0.634766 0.445312 0.619141 0.414062 0.619141 0.378906 0.660156 0.330078 0.683594 0.322266 0.701172 0.394531 0.693359 0.386719 0.679688 0.333984 0.634766 0.382812 0.638672 0.429688 0.654297 0.4375 0.654297 0.4375 0.693359 0.386719
0 0.773438 0.412109 0.75 0.412109 0.736328 0.398438 0.736328 0.375 0.773438 0.341797 0.820312 0.341797 0.822266 0.375 0.773438 0.412109 0.773438 0.412109 0.771484 0.402344 0.806641 0.378906 0.8125 0.349609 0.78125 0.349609 0.751953 0.371094 0.748047 0.398438 0.771484 0.402344 0.771484 0.402344
0 0.857422 0.375 0.882812 0.349609 0.910156 0.349609 0.919922 0.378906 0.894531 0.412109 0.894531 0.412109 0.857422 0.398438 0.857422 0.375 0.865234 0.382812 0.888672 0.402344 0.888672 0.402344 0.912109 0.371094 0.902344 0.357422 0.878906 0.361328 0.865234 0.382812
0 0.0234375 0.490234 0 0.488281 0.0214844 0.472656 0 0.380859 0.0332031 0.40625 0.0234375 0.490234
0 0.226562 0.392578 0.255859 0.414062 0.255859 0.4375 0.238281 0.447266 0.238281 0.447266 0.181641 0.433594 0.203125 0.392578 0.226562 0.392578 0.222656 0.400391 0.189453 0.425781 0.232422 0.4375 0.232422 0.4375 0.248047 0.421875 0.222656 0.400391
0 0.416016 0.457031 0.398438 0.466797 0.398438 0.466797 0.357422 0.453125 0.355469 0.419922 0.390625 0.408203 0.416016 0.414062 0.416016 0.457031 0.408203 0.449219 0.402344 0.419922 0.361328 0.429688 0.378906 0.458984 0.392578 0.457031 0.392578 0.457031 0.408203 0.449219
0 0.822266 0.558594 0.810547 0.484375 0.84375 0.443359 0.890625 0.427734 0.904297 0.445312 0.904297 0.527344 0.859375 0.564453 0.859375 0.564453 0.822266 0.558594 0.830078 0.550781 0.853516 0.554688 0.853516 0.554688 0.892578 0.515625 0.878906 0.447266 0.835938 0.466797 0.818359 0.492188 0.830078 0.550781
0 0.244141 0.527344 0.261719 0.447266 0.273438 0.447266 0.294922 0.480469 0.294922 0.53125 0.28125 0.548828 0.28125 0.548828 0.261719 0.548828 0.244141 0.527344 0.251953 0.519531 0.275391 0.539062 0.275391 0.539062 0.287109 0.523438 0.287109 0.488281 0.269531 0.458984 0.251953 0.519531
0 0.568359 0.5 0.585938 0.447266 0.621094 0.458984 0.638672 0.488281 0.638672 0.511719 0.621094 0.521484 0.621094 0.521484 0.585938 0.517578 0.568359 0.5 0.576172 0.496094 0.615234 0.511719 0.615234 0.511719 0.630859 0.492188 0.589844 0.455078 0.576172 0.496094
0 0.347656 0.525391 0.332031 0.525391 0.310547 0.503906 0.3125 0.455078 0.349609 0.472656 0.357422 0.511719 0.347656 0.525391 0.347656 0.525391 0.345703 0.515625 0.349609 0.492188 0.320312 0.466797 0.318359 0.496094 0.345703 0.515625 0.345703 0.515625
0 0.476562 0.451172 0.509766 0.472656 0.521484 0.511719 0.503906 0.533203 0.503906 0.533203 0.472656 0.533203 0.443359 0.515625 0.4375 0.455078 0.476562 0.451172 0.472656 0.458984 0.453125 0.458984 0.447266 0.503906 0.480469 0.525391 0.501953 0.523438 0.501953 0.523438 0.513672 0.507812 0.505859 0.484375 0.472656 0.458984
0 0.949219 0.451172 0.994141 0.488281 0.994141 0.523438 0.972656 0.552734 0.972656 0.552734 0.941406 0.552734 0.919922 0.507812 0.923828 0.480469 0.949219 0.451172 0.953125 0.458984 0.927734 0.5 0.943359 0.539062 0.966797 0.542969 0.966797 0.542969 0.982422 0.527344 0.986328 0.496094 0.953125 0.458984
0 0.0996094 0.515625 0.105469 0.490234 0.132812 0.490234 0.154297 0.507812 0.15625 0.552734 0.15625 0.552734 0.132812 0.552734 0.0996094 0.515625 0.150391 0.542969 0.107422 0.511719 0.113281 0.498047 0.150391 0.519531 0.138672 0.5625 0.0664062 0.529297 0.046875 0.533203 0.0566406 0.589844 0.0644531 0.582031 0.103516 0.613281 0.103516 0.613281 0.130859 0.585938 0.130859 0.570312 0.0625 0.541016 0.0644531 0.582031 0.0566406 0.589844 0.0898438 0.623047 0.117188 0.630859 0.117188 0.630859 0.142578 0.589844 0.138672 0.5625 0.150391 0.519531 0.150391 0.542969 0.150391 0.542969
0 0.402344 0.583984 0.371094 0.580078 0.365234 0.550781 0.380859 0.511719 0.414062 0.498047 0.439453 0.519531 0.439453 0.539062 0.402344 0.583984 0.402344 0.583984 0.400391 0.574219 0.431641 0.53125 0.410156 0.509766 0.384766 0.523438 0.373047 0.558594 0.378906 0.572266 0.400391 0.574219 0.400391 0.574219
0 0.623047 0.550781 0.632812 0.537109 0.675781 0.541016 0.701172 0.5625 0.708984 0.628906 0.699219 0.638672 0.699219 0.638672 0.671875 0.634766 0.630859 0.59375 0.623047 0.550781 0.630859 0.554688 0.638672 0.585938 0.671875 0.623047 0.693359 0.628906 0.693359 0.628906 0.689453 0.585938 0.648438 0.541016 0.640625 0.544922 0.630859 0.554688
0 0.585938 0.548828 0.595703 0.554688 0.591797 0.59375 0.554688 0.623047 0.554688 0.623047 0.537109 0.621094 0.537109 0.59375 0.5625 0.556641 0.585938 0.548828 0.582031 0.556641 0.556641 0.578125 0.544922 0.601562 0.552734 0.613281 0.552734 0.613281 0.583984 0.585938 0.582031 0.556641
0 0.757812 0.646484 0.732422 0.605469 0.732422 0.558594 0.816406 0.568359 0.841797 0.605469 0.841797 0.632812 0.824219 0.646484 0.824219 0.646484 0.757812 0.646484 0.765625 0.638672 0.818359 0.636719 0.818359 0.636719 0.833984 0.613281 0.804688 0.572266 0.740234 0.566406 0.740234 0.597656 0.765625 0.638672
0 0.154297 0.578125 0.164062 0.564453 0.195312 0.564453 0.224609 0.589844 0.236328 0.640625 0.222656 0.662109 0.222656 0.662109 0.162109 0.636719 0.154297 0.578125 0.162109 0.585938 0.166016 0.625 0.220703 0.648438 0.220703 0.648438 0.220703 0.601562 0.199219 0.576172 0.175781 0.572266 0.162109 0.585938
0 0.357422 0.617188 0.339844 0.658203 0.339844 0.658203 0.285156 0.638672 0.275391 0.597656 0.339844 0.587891 0.357422 0.617188 0.349609 0.621094 0.296875 0.599609 0.287109 0.625 0.333984 0.648438 0.333984 0.648438 0.349609 0.621094
0 0.921875 0.591797 0.982422 0.636719 0.986328 0.671875 0.949219 0.716797 0.949219 0.716797 0.921875 0.705078 0.884766 0.65625 0.884766 0.625 0.921875 0.591797 0.921875 0.599609 0.892578 0.632812 0.892578 0.648438 0.933594 0.701172 0.951172 0.703125 0.951172 0.703125 0.978516 0.664062 0.974609 0.644531 0.921875 0.599609
0 0 0.666016 0 0.603516 0.0214844 0.625 0 0.666016
0 0.457031 0.611328 0.486328 0.644531 0.449219 0.689453 0.449219 0.689453 0.394531 0.681641 0.365234 0.648438 0.421875 0.611328 0.457031 0.611328 0.449219 0.619141 0.380859 0.648438 0.394531 0.669922 0.443359 0.679688 0.443359 0.679688 0.474609 0.640625 0.449219 0.619141
0 0.560547 0.664062 0.564453 0.640625 0.578125 0.626953 0.613281 0.626953 0.615234 0.65625 0.578125 0.673828 0.578125 0.673828 0.560547 0.664062 0.568359 0.65625 0.591797 0.660156 0.591797 0.660156 0.607422 0.648438 0.605469 0.634766 0.585938 0.634766 0.568359 0.65625
0 0.634766 0.671875 0.634766 0.648438 0.648438 0.638672 0.666016 0.648438 0.660156 0.677734 0.660156 0.677734 0.634766 0.671875 0.642578 0.664062 0.654297 0.667969 0.654297 0.667969 0.648438 0.650391 0.642578 0.664062
0 0.259766 0.714844 0.242188 0.650391 0.277344 0.646484 0.310547 0.667969 0.296875 0.728516 0.296875 0.728516 0.259766 0.714844 0.267578 0.707031 0.283203 0.710938 0.283203 0.710938 0.302734 0.675781 0.28125 0.658203 0.253906 0.658203 0.267578 0.707031
0 0.128906 0.767578 0.107422 0.757812 0.0996094 0.699219 0.15625 0.666016 0.1875 0.666016 0.193359 0.730469 0.167969 0.763672 0.128906 0.767578 0.128906 0.767578 0.126953 0.757812 0.160156 0.755859 0.181641 0.730469 0.189453 0.699219 0.179688 0.673828 0.115234 0.699219 0.111328 0.738281 0.126953 0.757812 0.126953 0.757812
0 0.75 0.712891 0.720703 0.664062 0.746094 0.662109 0.800781 0.685547 0.796875 0.716797 0.796875 0.716797 0.75 0.712891 0.757812 0.705078 0.791016 0.707031 0.791016 0.707031 0.789062 0.689453 0.732422 0.671875 0.757812 0.705078
0 0.568359 0.714844 0.535156 0.751953 0.535156 0.751953 0.501953 0.710938 0.53125 0.669922 0.572266 0.691406 0.568359 0.714844 0.564453 0.703125 0.539062 0.681641 0.513672 0.703125 0.537109 0.734375 0.537109 0.734375 0.564453 0.703125
0 0.669922 0.730469 0.669922 0.691406 0.6875 0.681641 0.724609 0.699219 0.716797 0.726562 0.699219 0.736328 0.699219 0.736328 0.669922 0.730469 0.677734 0.722656 0.693359 0.726562 0.693359 0.726562 0.712891 0.710938 0.699219 0.693359 0.683594 0.693359 0.677734 0.722656
0 0.632812 0.728516 0.605469 0.724609 0.599609 0.695312 0.65625 0.685547 0.662109 0.707031 0.632812 0.728516 0.632812 0.728516 0.623047 0.71875 0.644531 0.693359 0.611328 0.703125 0.623047 0.71875 0.623047 0.71875
0 0.433594 0.716797 0.460938 0.720703 0.470703 0.734375 0.470703 0.753906 0.453125 0.767578 0.453125 0.767578 0.423828 0.761719 0.433594 0.716797 0.4375 0.724609 0.431641 0.753906 0.451172 0.757812 0.451172 0.757812 0.462891 0.742188 0.4375 0.724609
0 0.767578 0.796875 0.779297 0.753906 0.8125 0.724609 0.851562 0.724609 0.849609 0.757812 0.804688 0.806641 0.804688 0.806641 0.767578 0.796875 0.775391 0.792969 0.798828 0.796875 0.798828 0.796875 0.837891 0.757812 0.84375 0.732422 0.820312 0.732422 0.791016 0.753906 0.775391 0.792969
0 0.310547 0.808594 0.265625 0.853516 0.265625 0.853516 0.236328 0.851562 0.232422 0.789062 0.253906 0.759766 0.289062 0.751953 0.306641 0.761719 0.310547 0.808594 0.302734 0.804688 0.292969 0.763672 0.261719 0.767578 0.240234 0.796875 0.244141 0.84375 0.263672 0.84375 0.263672 0.84375 0.302734 0.804688
0 0.644531 0.748047 0.6875 0.751953 0.724609 0.773438 0.740234 0.84375 0.71875 0.857422 0.71875 0.857422 0.667969 0.849609 0.638672 0.824219 0.634766 0.757812 0.644531 0.748047 0.652344 0.755859 0.642578 0.785156 0.666016 0.820312 0.695312 0.837891 0.716797 0.835938 0.716797 0.835938 0.728516 0.824219 0.720703 0.796875 0.691406 0.763672 0.652344 0.755859
0 0.996094 0.896484 0.941406 0.884766 0.919922 0.863281 0.912109 0.789062 0.921875 0.779297 0.957031 0.763672 0.998047 0.765625 0.996094 0.791016 0.953125 0.783203 0.919922 0.796875 0.919922 0.84375 0.935547 0.867188 0.992188 0.884766 0.996094 0.896484
0 0.0703125 0.779297 0.107422 0.804688 0.115234 0.859375 0.0429688 0.908203 0.0429688 0.908203 0.0175781 0.875 0.00195312 0.820312 0.0429688 0.783203 0.0703125 0.779297 0.0625 0.787109 0.0136719 0.824219 0.0292969 0.878906 0.0449219 0.894531 0.0449219 0.894531 0.107422 0.851562 0.0917969 0.800781 0.0625 0.787109
0 0.599609 0.871094 0.574219 0.896484 0.574219 0.896484 0.554688 0.896484 0.533203 0.867188 0.533203 0.820312 0.546875 0.806641 0.582031 0.806641 0.599609 0.839844 0.599609 0.871094 0.591797 0.867188 0.591797 0.847656 0.574219 0.814453 0.554688 0.814453 0.541016 0.828125 0.541016 0.859375 0.568359 0.886719 0.568359 0.886719 0.591797 0.867188
0 0.480469 0.826172 0.494141 0.839844 0.498047 0.863281 0.472656 0.888672 0.472656 0.888672 0.423828 0.867188 0.421875 0.830078 0.480469 0.826172 0.472656 0.833984 0.4375 0.833984 0.427734 0.847656 0.435547 0.867188 0.466797 0.878906 0.466797 0.878906 0.486328 0.867188 0.486328 0.847656 0.472656 0.833984
0 0.337891 0.910156 0.333984 0.863281 0.355469 0.837891 0.378906 0.837891 0.404297 0.851562 0.404297 0.886719 0.359375 0.923828 0.359375 0.923828 0.337891 0.910156 0.345703 0.902344 0.361328 0.910156 0.361328 0.910156 0.396484 0.878906 0.396484 0.859375 0.363281 0.845703 0.341797 0.871094 0.345703 0.902344
0 0.269531 0.869141 0.296875 0.865234 0.322266 0.882812 0.320312 0.947266 0.320312 0.947266 0.304688 0.947266 0.275391 0.910156 0.269531 0.869141 0.277344 0.873047 0.279297 0.898438 0.314453 0.9375 0.314453 0.9375 0.314453 0.890625 0.277344 0.873047
0 0.810547 0.914062 0.78125 0.955078 0.78125 0.955078 0.738281 0.947266 0.732422 0.917969 0.746094 0.884766 0.769531 0.869141 0.800781 0.869141 0.810547 0.914062 0.802734 0.910156 0.792969 0.876953 0.769531 0.880859 0.744141 0.90625 0.744141 0.9375 0.775391 0.945312 0.775391 0.945312 0.802734 0.910156
0 0.181641 0.960938 0.181641 0.929688 0.205078 0.890625 0.234375 0.876953 0.251953 0.898438 0.255859 0.929688 0.21875 0.970703 0.21875 0.970703 0.181641 0.960938 0.189453 0.953125 0.212891 0.960938 0.212891 0.960938 0.248047 0.921875 0.226562 0.884766 0.189453 0.9375 0.189453 0.953125
0 0.429688 0.908203 0.486328 0.9375 0.490234 0.976562 0.46875 0.998047 0.46875 0.998047 0.419922 0.984375 0.412109 0.933594 0.429688 0.908203 0.433594 0.919922 0.419922 0.957031 0.447266 0.972656 0.447266 0.972656 0.46875 0.966797 0.478516 0.949219 0.433594 0.919922
0 0.046875 0.998047 0.0371094 0.996094 0.0410156 0.957031 0.015625 0.923828 0 0.925781 0.00390625 0.916016 0.0234375 0.916016 0.0488281 0.949219 0.046875 0.998047
0 0.175781 0.998047 0.128906 0.966797 0.109375 0.970703 0.111328 0.992188 0.0976562 0.998047 0.0996094 0.960938 0.136719 0.958984 0.175781 0.998047
