0 0.101562 0.0722656 0.0703125 0.0722656 0.0292969 0.0429688 0.03125 0 0.0488281 0 0.0371094 0.0390625 0.078125 0.0644531 0.115234 0.0507812 0.134766 0 0.126953 0.0507812 0.101562 0.0722656
0 0.421875 0 0.4375 0 0.451172 0.0195312 0.451172 0.046875 0.4375 0.0644531 0.4375 0.0644531 0.421875 0.0644531 0.404297 0.0429688 0.404297 0.015625 0.421875 0 0.425781 0.00976562 0.412109 0.0351562 0.431641 0.0546875 0.431641 0.0546875 0.443359 0.0273438 0.425781 0.00976562
0 0.667969 0.0449219 0.644531 0.0449219 0.611328 0 0.660156 0.0371094 0.710938 0 0.667969 0.0449219
0 0.738281 0 0.753906 0 0.767578 0.015625 0.761719 0.0566406 0.761719 0.0566406 0.728516 0.0507812 0.724609 0.0117188 0.738281 0 0.746094 0.00585938 0.736328 0.0429688 0.755859 0.046875 0.755859 0.046875 0.746094 0.00585938
0 0.828125 0.0488281 0.800781 0.0488281 0.783203 0.0351562 0.789062 0.00195312 0.814453 0 0.791016 0.0273438 0.808594 0.0410156 0.853516 0.0195312 0.832031 0 0.861328 0.0117188 0.861328 0.0273438 0.828125 0.0488281
0 0.933594 0.0214844 0.898438 0.0175781 0.896484 0 0.933594 0.00976562 0.966797 0 0.933594 0.0214844
0 0.189453 0.0742188 0.185547 0.0351562 0.203125 0.00585938 0.230469 0.00585938 0.236328 0.0429688 0.214844 0.0800781 0.214844 0.0800781 0.189453 0.0742188 0.197266 0.0664062 0.208984 0.0703125 0.208984 0.0703125 0.228516 0.0351562 0.222656 0.0136719 0.207031 0.0175781 0.193359 0.0429688 0.197266 0.0664062
0 0.484375 0.0761719 0.466797 0.0507812 0.470703 0.03125 0.5 0.0175781 0.523438 0.0332031 0.548828 0.0664062 0.535156 0.0878906 0.535156 0.0878906 0.484375 0.0761719 0.492188 0.0683594 0.529297 0.078125 0.529297 0.078125 0.537109 0.0664062 0.511719 0.0371094 0.488281 0.0292969 0.478516 0.0390625 0.492188 0.0683594
0 0.273438 0.134766 0.244141 0.109375 0.240234 0.0703125 0.253906 0.0449219 0.302734 0.0585938 0.310547 0.113281 0.300781 0.134766 0.300781 0.134766 0.273438 0.134766 0.28125 0.126953 0.294922 0.125 0.294922 0.125 0.298828 0.0742188 0.261719 0.0527344 0.248047 0.0976562 0.28125 0.126953
0 0.871094 0.0605469 0.890625 0.0644531 0.935547 0.109375 0.916016 0.152344 0.882812 0.177734 0.882812 0.177734 0.863281 0.173828 0.830078 0.128906 0.845703 0.0820312 0.871094 0.0605469 0.871094 0.0722656 0.849609 0.109375 0.849609 0.132812 0.863281 0.158203 0.884766 0.164062 0.884766 0.164062 0.916016 0.105469 0.871094 0.0722656
0 0.171875 0.177734 0.134766 0.164062 0.130859 0.101562 0.199219 0.0878906 0.216797 0.105469 0.212891 0.125 0.189453 0.167969 0.171875 0.177734 0.171875 0.177734 0.166016 0.167969 0.193359 0.144531 0.199219 0.107422 0.146484 0.105469 0.134766 0.140625 0.166016 0.167969 0.166016 0.167969
0 0.398438 0.216797 0.378906 0.208984 0.341797 0.160156 0.345703 0.125 0.382812 0.0839844 0.392578 0.0898438 0.353516 0.132812 0.349609 0.152344 0.390625 0.205078 0.425781 0.185547 0.447266 0.15625 0.396484 0.0898438 0.455078 0.136719 0.439453 0.1875 0.398438 0.216797
0 0.746094 0.197266 0.693359 0.15625 0.693359 0.132812 0.71875 0.0996094 0.769531 0.0878906 0.810547 0.125 0.818359 0.160156 0.808594 0.177734 0.746094 0.197266 0.746094 0.197266 0.744141 0.1875 0.800781 0.169922 0.810547 0.152344 0.794922 0.121094 0.761719 0.0957031 0.722656 0.111328 0.701172 0.140625 0.744141 0.1875 0.744141 0.1875
0 0.996094 0.189453 0.951172 0.167969 0.951172 0.144531 0.980469 0.107422 0.998047 0.113281 0.966797 0.136719 0.958984 0.160156 0.992188 0.173828 0.996094 0.189453
0 0.0507812 0.169922 0.015625 0.162109 0.0136719 0.132812 0.0390625 0.119141 0.0859375 0.123047 0.0839844 0.148438 0.0507812 0.169922 0.0507812 0.169922 0.0449219 0.160156 0.0800781 0.132812 0.0273438 0.134766 0.0214844 0.152344 0.0449219 0.160156 0.0449219 0.160156
0 0.478516 0.1875 0.490234 0.144531 0.515625 0.123047 0.542969 0.123047 0.619141 0.164062 0.601562 0.197266 0.554688 0.224609 0.554688 0.224609 0.527344 0.224609 0.478516 0.1875 0.486328 0.183594 0.527344 0.212891 0.548828 0.214844 0.548828 0.214844 0.611328 0.171875 0.53125 0.130859 0.494141 0.15625 0.486328 0.183594
0 0.705078 0.230469 0.671875 0.255859 0.671875 0.255859 0.632812 0.248047 0.619141 0.21875 0.623047 0.199219 0.664062 0.173828 0.683594 0.177734 0.705078 0.214844 0.705078 0.230469 0.697266 0.226562 0.675781 0.185547 0.626953 0.210938 0.640625 0.240234 0.666016 0.246094 0.666016 0.246094 0.697266 0.226562
0 0.890625 0.298828 0.839844 0.294922 0.808594 0.279297 0.787109 0.238281 0.794922 0.207031 0.835938 0.193359 0.867188 0.212891 0.888672 0.242188 0.890625 0.298828 0.890625 0.298828 0.884766 0.289062 0.876953 0.238281 0.839844 0.205078 0.798828 0.222656 0.798828 0.25 0.824219 0.279297 0.884766 0.289062 0.884766 0.289062
0 0.457031 0.205078 0.490234 0.222656 0.498047 0.25 0.494141 0.296875 0.476562 0.310547 0.476562 0.310547 0.449219 0.306641 0.431641 0.28125 0.431641 0.242188 0.457031 0.205078 0.460938 0.212891 0.443359 0.238281 0.439453 0.273438 0.449219 0.294922 0.474609 0.300781 0.474609 0.300781 0.490234 0.253906 0.460938 0.212891
0 0 0.251953 0 0.212891 0 0.251953
0 0.136719 0.216797 0.193359 0.246094 0.160156 0.294922 0.101562 0.318359 0.101562 0.318359 0.0742188 0.318359 0.0527344 0.296875 0.0644531 0.257812 0.0898438 0.232422 0.136719 0.216797 0.132812 0.224609 0.0859375 0.248047 0.0605469 0.289062 0.0742188 0.306641 0.0957031 0.308594 0.0957031 0.308594 0.152344 0.287109 0.181641 0.25 0.132812 0.224609
0 0.933594 0.357422 0.912109 0.34375 0.904297 0.289062 0.933594 0.244141 0.972656 0.220703 0.996094 0.220703 0.996094 0.240234 0.96875 0.236328 0.935547 0.257812 0.912109 0.304688 0.925781 0.345703 0.996094 0.318359 0.998047 0.332031 0.933594 0.357422
0 0.525391 0.332031 0.525391 0.292969 0.546875 0.251953 0.582031 0.267578 0.599609 0.292969 0.589844 0.357422 0.589844 0.357422 0.546875 0.353516 0.525391 0.332031 0.533203 0.328125 0.5625 0.349609 0.583984 0.347656 0.583984 0.347656 0.591797 0.296875 0.550781 0.263672 0.533203 0.328125
0 0.394531 0.287109 0.380859 0.371094 0.328125 0.400391 0.328125 0.400391 0.308594 0.400391 0.291016 0.382812 0.298828 0.292969 0.394531 0.287109 0.386719 0.291016 0.306641 0.300781 0.294922 0.363281 0.308594 0.388672 0.326172 0.390625 0.326172 0.390625 0.384766 0.335938 0.386719 0.291016
0 0.71875 0.279297 0.763672 0.300781 0.759766 0.332031 0.730469 0.353516 0.730469 0.353516 0.697266 0.328125 0.697266 0.300781 0.71875 0.279297 0.71875 0.287109 0.705078 0.320312 0.722656 0.341797 0.736328 0.339844 0.736328 0.339844 0.755859 0.308594 0.71875 0.287109
0 0.207031 0.435547 0.177734 0.40625 0.167969 0.310547 0.191406 0.310547 0.259766 0.351562 0.267578 0.417969 0.246094 0.435547 0.246094 0.435547 0.207031 0.435547 0.214844 0.427734 0.240234 0.425781 0.240234 0.425781 0.259766 0.410156 0.251953 0.367188 0.183594 0.322266 0.185547 0.398438 0.214844 0.427734
0 0.775391 0.34375 0.824219 0.314453 0.841797 0.328125 0.841797 0.359375 0.816406 0.373047 0.816406 0.373047 0.78125 0.369141 0.775391 0.34375 0.783203 0.351562 0.792969 0.365234 0.810547 0.363281 0.810547 0.363281 0.833984 0.351562 0.824219 0.326172 0.783203 0.351562
0 0 0.400391 0.0292969 0.328125 0 0.337891 0 0.328125 0.0351562 0.318359 0.0332031 0.359375 0 0.400391
0 0.492188 0.447266 0.472656 0.447266 0.451172 0.417969 0.451172 0.371094 0.476562 0.337891 0.529297 0.378906 0.521484 0.425781 0.492188 0.447266 0.492188 0.447266 0.490234 0.4375 0.517578 0.414062 0.521484 0.386719 0.480469 0.353516 0.458984 0.378906 0.458984 0.410156 0.480469 0.439453 0.490234 0.4375 0.490234 0.4375
0 0.146484 0.382812 0.150391 0.410156 0.121094 0.443359 0.121094 0.443359 0.0644531 0.425781 0.0664062 0.376953 0.105469 0.365234 0.146484 0.382812 0.138672 0.386719 0.09375 0.373047 0.0722656 0.386719 0.0722656 0.417969 0.115234 0.433594 0.115234 0.433594 0.134766 0.417969 0.138672 0.386719
0 0.667969 0.365234 0.695312 0.373047 0.705078 0.382812 0.695312 0.412109 0.695312 0.412109 0.65625 0.408203 0.646484 0.378906 0.667969 0.365234 0.667969 0.376953 0.658203 0.390625 0.677734 0.402344 0.677734 0.402344 0.693359 0.390625 0.667969 0.376953
0 0.576172 0.402344 0.605469 0.376953 0.625 0.376953 0.642578 0.394531 0.638672 0.445312 0.617188 0.462891 0.617188 0.462891 0.59375 0.462891 0.576172 0.421875 0.576172 0.402344 0.583984 0.410156 0.599609 0.453125 0.611328 0.453125 0.611328 0.453125 0.630859 0.4375 0.634766 0.402344 0.617188 0.384766 0.583984 0.410156
0 0.978516 0.441406 0.96875 0.494141 0.96875 0.494141 0.902344 0.490234 0.853516 0.453125 0.841797 0.410156 0.871094 0.373047 0.933594 0.376953 0.962891 0.394531 0.978516 0.441406 0.970703 0.445312 0.949219 0.396484 0.890625 0.380859 0.861328 0.398438 0.853516 0.433594 0.878906 0.462891 0.910156 0.482422 0.962891 0.484375 0.962891 0.484375 0.970703 0.445312
0 0.720703 0.464844 0.728516 0.410156 0.746094 0.392578 0.800781 0.400391 0.806641 0.445312 0.753906 0.474609 0.753906 0.474609 0.720703 0.464844 0.728516 0.457031 0.748047 0.464844 0.748047 0.464844 0.798828 0.4375 0.792969 0.408203 0.753906 0.400391 0.736328 0.417969 0.728516 0.457031
0 0.322266 0.433594 0.347656 0.408203 0.410156 0.404297 0.427734 0.425781 0.419922 0.480469 0.402344 0.498047 0.367188 0.505859 0.367188 0.505859 0.332031 0.505859 0.318359 0.488281 0.322266 0.433594 0.330078 0.4375 0.326172 0.480469 0.339844 0.498047 0.365234 0.496094 0.365234 0.496094 0.394531 0.490234 0.412109 0.472656 0.419922 0.433594 0.402344 0.412109 0.355469 0.416016 0.330078 0.4375
0 0.0410156 0.511719 0.0664062 0.466797 0.134766 0.476562 0.134766 0.507812 0.105469 0.533203 0.105469 0.533203 0.0625 0.533203 0.0410156 0.511719 0.0488281 0.507812 0.0703125 0.525391 0.0996094 0.523438 0.0996094 0.523438 0.126953 0.5 0.126953 0.484375 0.0742188 0.474609 0.0488281 0.507812
0 0.1875 0.599609 0.167969 0.599609 0.150391 0.578125 0.150391 0.515625 0.203125 0.470703 0.226562 0.474609 0.240234 0.519531 0.236328 0.566406 0.226562 0.583984 0.1875 0.599609 0.1875 0.599609 0.185547 0.589844 0.21875 0.576172 0.228516 0.558594 0.232422 0.527344 0.21875 0.482422 0.158203 0.53125 0.158203 0.570312 0.185547 0.589844 0.185547 0.589844
0 0.314453 0.523438 0.300781 0.544922 0.300781 0.544922 0.273438 0.541016 0.259766 0.523438 0.255859 0.484375 0.265625 0.474609 0.310547 0.5 0.314453 0.523438 0.306641 0.515625 0.273438 0.486328 0.271484 0.515625 0.294922 0.535156 0.294922 0.535156 0.306641 0.515625
0 0.628906 0.486328 0.658203 0.496094 0.65625 0.529297 0.65625 0.529297 0.632812 0.529297 0.615234 0.511719 0.628906 0.486328 0.632812 0.494141 0.626953 0.511719 0.650391 0.519531 0.650391 0.519531 0.654297 0.507812 0.632812 0.494141
0 0.740234 0.535156 0.796875 0.490234 0.822266 0.523438 0.822266 0.550781 0.773438 0.587891 0.773438 0.587891 0.748047 0.578125 0.740234 0.535156 0.748047 0.542969 0.767578 0.578125 0.767578 0.578125 0.802734 0.546875 0.789062 0.501953 0.748047 0.542969
0 0.546875 0.599609 0.511719 0.595703 0.462891 0.546875 0.480469 0.509766 0.546875 0.501953 0.587891 0.527344 0.583984 0.570312 0.546875 0.599609 0.546875 0.599609 0.544922 0.589844 0.576172 0.5625 0.580078 0.535156 0.550781 0.513672 0.519531 0.509766 0.478516 0.546875 0.519531 0.587891 0.544922 0.589844 0.544922 0.589844
0 0.433594 0.517578 0.455078 0.542969 0.455078 0.585938 0.439453 0.613281 0.410156 0.630859 0.410156 0.630859 0.347656 0.619141 0.341797 0.589844 0.359375 0.537109 0.433594 0.517578 0.429688 0.525391 0.382812 0.537109 0.357422 0.558594 0.349609 0.605469 0.404297 0.621094 0.404297 0.621094 0.425781 0.611328 0.447266 0.578125 0.447266 0.550781 0.429688 0.525391
0 0.867188 0.572266 0.841797 0.566406 0.847656 0.529297 0.871094 0.525391 0.880859 0.535156 0.884766 0.558594 0.867188 0.572266 0.867188 0.572266 0.865234 0.5625 0.863281 0.537109 0.849609 0.558594 0.865234 0.5625 0.865234 0.5625
0 0.941406 0.587891 0.917969 0.587891 0.904297 0.574219 0.914062 0.521484 0.96875 0.521484 0.986328 0.535156 0.974609 0.574219 0.941406 0.587891 0.941406 0.587891 0.939453 0.578125 0.970703 0.554688 0.957031 0.529297 0.929688 0.529297 0.912109 0.542969 0.912109 0.566406 0.939453 0.578125 0.939453 0.578125
0 0.232422 0.652344 0.236328 0.613281 0.257812 0.580078 0.285156 0.583984 0.310547 0.621094 0.310547 0.65625 0.277344 0.693359 0.277344 0.693359 0.261719 0.693359 0.232422 0.652344 0.240234 0.648438 0.271484 0.683594 0.271484 0.683594 0.298828 0.65625 0.302734 0.628906 0.291016 0.601562 0.265625 0.587891 0.240234 0.648438
0 0.996094 0.662109 0.986328 0.652344 0.996094 0.591797 0.996094 0.662109
0 0.609375 0.685547 0.587891 0.660156 0.589844 0.607422 0.632812 0.607422 0.658203 0.625 0.644531 0.689453 0.644531 0.689453 0.609375 0.685547 0.617188 0.677734 0.638672 0.679688 0.638672 0.679688 0.650391 0.632812 0.625 0.615234 0.597656 0.615234 0.595703 0.652344 0.617188 0.677734
0 0.824219 0.599609 0.853516 0.613281 0.839844 0.646484 0.839844 0.646484 0.814453 0.636719 0.814453 0.605469 0.824219 0.599609 0.824219 0.607422 0.822266 0.628906 0.837891 0.636719 0.837891 0.636719 0.845703 0.621094 0.824219 0.607422
0 0.107422 0.675781 0.0703125 0.705078 0.0703125 0.705078 0.0273438 0.705078 0.0214844 0.671875 0.078125 0.607422 0.107422 0.640625 0.107422 0.675781 0.0996094 0.671875 0.0996094 0.648438 0.078125 0.623047 0.0410156 0.652344 0.0292969 0.679688 0.0351562 0.697266 0.0644531 0.695312 0.0644531 0.695312 0.0996094 0.671875
0 0.503906 0.685547 0.464844 0.681641 0.451172 0.652344 0.472656 0.619141 0.519531 0.611328 0.541016 0.648438 0.503906 0.685547 0.503906 0.685547 0.498047 0.675781 0.525391 0.652344 0.511719 0.626953 0.470703 0.636719 0.478516 0.667969 0.498047 0.675781 0.498047 0.675781
0 0.796875 0.666016 0.746094 0.654297 0.748047 0.632812 0.761719 0.619141 0.792969 0.619141 0.802734 0.640625 0.796875 0.666016 0.796875 0.666016 0.791016 0.65625 0.777344 0.626953 0.751953 0.644531 0.791016 0.65625 0.791016 0.65625
0 0.849609 0.710938 0.853516 0.660156 0.875 0.630859 0.910156 0.634766 0.912109 0.691406 0.871094 0.724609 0.871094 0.724609 0.849609 0.710938 0.857422 0.703125 0.873047 0.710938 0.873047 0.710938 0.904297 0.683594 0.902344 0.642578 0.882812 0.638672 0.861328 0.667969 0.857422 0.703125
0 0.341797 0.6875 0.341797 0.660156 0.359375 0.646484 0.388672 0.660156 0.375 0.693359 0.375 0.693359 0.341797 0.6875 0.349609 0.679688 0.369141 0.683594 0.369141 0.683594 0.373047 0.667969 0.359375 0.658203 0.349609 0.679688
0 0.810547 0.699219 0.816406 0.669922 0.841797 0.6875 0.832031 0.712891 0.832031 0.712891 0.810547 0.699219 0.822266 0.699219 0.833984 0.699219 0.833984 0.699219 0.820312 0.681641 0.822266 0.699219
0 0.554688 0.791016 0.523438 0.787109 0.498047 0.738281 0.53125 0.779297 0.558594 0.779297 0.587891 0.746094 0.583984 0.703125 0.558594 0.689453 0.515625 0.708984 0.503906 0.728516 0.498047 0.71875 0.53125 0.689453 0.574219 0.681641 0.595703 0.707031 0.595703 0.75 0.583984 0.773438 0.554688 0.791016
0 0.964844 0.755859 0.931641 0.738281 0.927734 0.6875 0.9375 0.681641 0.964844 0.689453 0.982422 0.710938 0.982422 0.742188 0.964844 0.755859 0.964844 0.755859 0.962891 0.746094 0.974609 0.71875 0.945312 0.689453 0.935547 0.71875 0.962891 0.746094 0.962891 0.746094
0 0.710938 0.767578 0.666016 0.753906 0.669922 0.714844 0.699219 0.697266 0.705078 0.707031 0.677734 0.722656 0.673828 0.746094 0.710938 0.755859 0.724609 0.730469 0.712891 0.707031 0.722656 0.705078 0.732422 0.738281 0.710938 0.767578
0 0.216797 0.84375 0.208984 0.761719 0.277344 0.736328 0.310547 0.765625 0.314453 0.800781 0.28125 0.837891 0.253906 0.849609 0.253906 0.849609 0.216797 0.84375 0.224609 0.839844 0.248047 0.839844 0.248047 0.839844 0.269531 0.833984 0.306641 0.796875 0.302734 0.773438 0.269531 0.744141 0.216797 0.769531 0.224609 0.839844
0 0.0078125 0.837891 0 0.832031 0.0175781 0.808594 0 0.761719 0.00390625 0.740234 0.0214844 0.75 0.0332031 0.789062 0.0332031 0.8125 0.0078125 0.837891
0 0.833984 0.789062 0.839844 0.748047 0.865234 0.757812 0.863281 0.798828 0.863281 0.798828 0.833984 0.789062 0.841797 0.78125 0.857422 0.789062 0.857422 0.789062 0.847656 0.755859 0.841797 0.78125
0 0.474609 0.777344 0.462891 0.824219 0.4375 0.841797 0.4375 0.841797 0.390625 0.841797 0.369141 0.820312 0.369141 0.792969 0.398438 0.759766 0.453125 0.759766 0.474609 0.777344 0.466797 0.78125 0.417969 0.763672 0.404297 0.769531 0.384766 0.828125 0.431641 0.832031 0.431641 0.832031 0.455078 0.816406 0.466797 0.78125
0 0.71875 0.853516 0.699219 0.837891 0.689453 0.804688 0.707031 0.791016 0.746094 0.794922 0.759766 0.816406 0.759766 0.847656 0.75 0.853516 0.75 0.853516 0.71875 0.853516 0.726562 0.845703 0.744141 0.84375 0.744141 0.84375 0.751953 0.824219 0.738281 0.802734 0.701172 0.804688 0.707031 0.830078 0.726562 0.845703
0 0.888672 0.84375 0.894531 0.806641 0.935547 0.824219 0.929688 0.861328 0.929688 0.861328 0.888672 0.84375 0.896484 0.835938 0.923828 0.851562 0.923828 0.851562 0.927734 0.832031 0.902344 0.814453 0.896484 0.835938
0 0.0625 0.814453 0.101562 0.814453 0.130859 0.839844 0.138672 0.890625 0.113281 0.912109 0.113281 0.912109 0.0859375 0.912109 0.0566406 0.882812 0.0527344 0.824219 0.0625 0.814453 0.0664062 0.822266 0.0644531 0.875 0.09375 0.904297 0.111328 0.902344 0.111328 0.902344 0.111328 0.835938 0.09375 0.822266 0.0664062 0.822266
0 0.501953 0.847656 0.519531 0.822266 0.554688 0.822266 0.576172 0.835938 0.568359 0.863281 0.546875 0.876953 0.546875 0.876953 0.505859 0.867188 0.501953 0.847656 0.509766 0.851562 0.519531 0.865234 0.541016 0.867188 0.541016 0.867188 0.564453 0.84375 0.550781 0.830078 0.523438 0.833984 0.509766 0.851562
0 0.996094 0.888672 0.958984 0.867188 0.949219 0.826172 0.998047 0.828125 0.996094 0.841797 0.958984 0.839844 0.996094 0.888672
0 0.839844 0.837891 0.863281 0.837891 0.880859 0.855469 0.882812 0.900391 0.882812 0.900391 0.849609 0.890625 0.839844 0.837891 0.847656 0.845703 0.849609 0.871094 0.876953 0.890625 0.876953 0.890625 0.869141 0.855469 0.847656 0.845703
0 0.673828 0.867188 0.673828 0.917969 0.660156 0.935547 0.660156 0.935547 0.628906 0.931641 0.615234 0.90625 0.619141 0.863281 0.644531 0.841797 0.673828 0.867188 0.666016 0.871094 0.640625 0.853516 0.623047 0.898438 0.636719 0.923828 0.654297 0.925781 0.654297 0.925781 0.666016 0.910156 0.666016 0.871094
0 0.398438 0.951172 0.375 0.947266 0.357422 0.925781 0.353516 0.886719 0.367188 0.865234 0.390625 0.869141 0.419922 0.902344 0.398438 0.951172 0.398438 0.951172 0.392578 0.941406 0.404297 0.914062 0.375 0.880859 0.365234 0.914062 0.392578 0.941406 0.392578 0.941406
0 0.0585938 0.978516 0 0.964844 0 0.951172 0.0351562 0.970703 0.0644531 0.957031 0.0488281 0.914062 0.03125 0.900391 0 0.912109 0.00390625 0.896484 0.0351562 0.892578 0.0683594 0.921875 0.0722656 0.964844 0.0585938 0.978516
0 0.826172 0.964844 0.789062 0.994141 0.789062 0.994141 0.720703 0.988281 0.716797 0.933594 0.753906 0.896484 0.789062 0.892578 0.837891 0.925781 0.826172 0.964844 0.818359 0.960938 0.826172 0.929688 0.78125 0.900391 0.732422 0.925781 0.724609 0.96875 0.734375 0.986328 0.783203 0.984375 0.783203 0.984375 0.818359 0.960938
0 0.554688 0.900391 0.568359 0.914062 0.564453 0.941406 0.542969 0.958984 0.542969 0.958984 0.519531 0.955078 0.505859 0.9375 0.509766 0.910156 0.53125 0.900391 0.554688 0.900391 0.546875 0.908203 0.513672 0.925781 0.517578 0.941406 0.537109 0.949219 0.537109 0.949219 0.560547 0.925781 0.546875 0.908203
0 0.335938 0.998047 0.322266 0.949219 0.296875 0.923828 0.273438 0.923828 0.248047 0.949219 0.240234 0.976562 0.25 0.998047 0.232422 0.984375 0.232422 0.957031 0.265625 0.912109 0.304688 0.916016 0.330078 0.941406 0.335938 0.998047
0 0.128906 0.998047 0.119141 0.996094 0.130859 0.964844 0.113281 0.955078 0.078125 0.998047 0.0722656 0.980469 0.117188 0.943359 0.138672 0.957031 0.128906 0.998047
0 0.960938 0.998047 0.955078 0.984375 0.966797 0.960938 0.996094 0.955078 0.974609 0.96875 0.960938 0.998047
0 0.679688 0.998047 0.65625 0.974609 0.621094 0.978516 0.601562 0.998047 0.587891 0.988281 0.609375 0.962891 0.660156 0.966797 0.679688 0.998047
0 0.445312 0.998047 0.417969 0.978516 0.390625 0.998047 0.376953 0.992188 0.425781 0.966797 0.445312 0.998047
