0 0.15625 0.107422 0.0917969 0.0898438 0.0800781 0.0703125 0.0761719 0 0.107422 0.00390625 0.111328 0.0703125 0.152344 0.0800781 0.185547 0.0664062 0.214844 0 0.242188 0 0.205078 0.0820312 0.15625 0.107422
0 0.292969 0.123047 0.271484 0.0820312 0.267578 0.0429688 0.3125 0 0.382812 0 0.419922 0.046875 0.408203 0.113281 0.363281 0.126953 0.363281 0.126953 0.292969 0.123047 0.304688 0.0957031 0.376953 0.0976562 0.376953 0.0976562 0.396484 0.078125 0.382812 0.0371094 0.339844 0.0136719 0.298828 0.0429688 0.304688 0.0957031
0 0.726562 0.0371094 0.6875 0.0332031 0.646484 0 0.679688 0 0.703125 0.0136719 0.738281 0 0.771484 0 0.726562 0.0371094
0 0.574219 0.0605469 0.648438 0.0566406 0.673828 0.0859375 0.662109 0.160156 0.605469 0.224609 0.5625 0.240234 0.5625 0.240234 0.515625 0.228516 0.486328 0.195312 0.505859 0.105469 0.574219 0.0605469 0.585938 0.0839844 0.529297 0.121094 0.517578 0.195312 0.539062 0.212891 0.568359 0.210938 0.568359 0.210938 0.623047 0.167969 0.642578 0.136719 0.644531 0.0917969 0.628906 0.0957031 0.617188 0.0800781 0.585938 0.0839844
0 0.996094 0.123047 0.982422 0.09375 0.996094 0.0566406 0.996094 0.123047
0 0.337891 0.0957031 0.00390625 0.00390625
0 0.757812 0.279297 0.710938 0.271484 0.689453 0.214844 0.720703 0.121094 0.746094 0.0957031 0.779297 0.125 0.802734 0.175781 0.783203 0.261719 0.757812 0.279297 0.757812 0.279297 0.751953 0.253906 0.767578 0.222656 0.751953 0.175781 0.734375 0.162109 0.716797 0.222656 0.730469 0.251953 0.751953 0.253906 0.751953 0.253906
0 0.00390625 0.228516 0 0.126953 0.00976562 0.175781 0.00390625 0.228516
0 0.300781 0.306641 0.283203 0.273438 0.298828 0.207031 0.335938 0.162109 0.367188 0.150391 0.408203 0.171875 0.435547 0.234375 0.431641 0.285156 0.378906 0.310547 0.378906 0.310547 0.300781 0.306641 0.314453 0.28125 0.326172 0.285156 0.326172 0.285156 0.371094 0.263672 0.365234 0.257812 0.380859 0.246094 0.388672 0.21875 0.355469 0.189453 0.333984 0.203125 0.306641 0.25 0.314453 0.28125
0 0.845703 0.195312 0.853516 0.171875 0.878906 0.158203 0.957031 0.158203 0.986328 0.183594 0.990234 0.28125 0.964844 0.314453 0.921875 0.330078 0.921875 0.330078 0.882812 0.330078 0.867188 0.318359 0.845703 0.265625 0.845703 0.195312 0.869141 0.207031 0.873047 0.261719 0.894531 0.279297 0.931641 0.285156 0.931641 0.285156 0.962891 0.261719 0.947266 0.1875 0.882812 0.185547 0.869141 0.207031
0 0.982422 0.169922 0.00390625 0.00390625
0 0.632812 0.279297 0.662109 0.320312 0.650391 0.390625 0.605469 0.423828 0.605469 0.423828 0.5625 0.392578 0.546875 0.396484 0.529297 0.363281 0.541016 0.296875 0.566406 0.267578 0.632812 0.279297 0.621094 0.302734 0.59375 0.302734 0.564453 0.324219 0.576172 0.367188 0.603516 0.390625 0.603516 0.390625 0.630859 0.367188 0.634766 0.328125 0.621094 0.302734
0 0.986328 0.294922 0.00390625 0.00390625
0 0.572266 0.412109 0.00390625 0.00390625
0 0.646484 0.492188 0.699219 0.470703 0.742188 0.478516 0.746094 0.458984 0.789062 0.474609 0.830078 0.527344 0.830078 0.5625 0.804688 0.595703 0.773438 0.607422 0.773438 0.607422 0.671875 0.599609 0.638672 0.542969 0.646484 0.492188 0.669922 0.503906 0.666016 0.542969 0.6875 0.572266 0.751953 0.582031 0.751953 0.582031 0.78125 0.580078 0.802734 0.5625 0.802734 0.535156 0.78125 0.505859 0.714844 0.494141 0.669922 0.503906
0 0.712891 0.470703 0.00390625 0.00390625
0 0.736328 0.470703 0.00390625 0.00390625
0 0.798828 0.560547 0.00390625 0.00390625
0 0.992188 0.916016 0.964844 0.916016 0.939453 0.898438 0.916016 0.832031 0.916016 0.777344 0.955078 0.722656 0.996094 0.693359 0.998047 0.722656 0.951172 0.765625 0.939453 0.796875 0.962891 0.882812 0.998047 0.886719 0.992188 0.916016
0 0.798828 0.855469 0.761719 0.884766 0.761719 0.884766 0.683594 0.873047 0.658203 0.835938 0.654297 0.800781 0.707031 0.736328 0.773438 0.736328 0.818359 0.792969 0.798828 0.855469 0.775391 0.84375 0.791016 0.808594 0.78125 0.783203 0.75 0.759766 0.730469 0.759766 0.685547 0.792969 0.677734 0.816406 0.699219 0.849609 0.748047 0.859375 0.748047 0.859375 0.775391 0.84375
0 0.457031 0.771484 0.460938 0.763672 0.486328 0.796875 0.474609 0.828125 0.425781 0.857422 0.425781 0.857422 0.390625 0.857422 0.353516 0.839844 0.349609 0.789062 0.394531 0.736328 0.417969 0.759766 0.441406 0.755859 0.457031 0.771484 0.445312 0.787109 0.421875 0.779297 0.402344 0.791016 0.386719 0.779297 0.376953 0.789062 0.382812 0.826172 0.427734 0.828125 0.427734 0.828125 0.458984 0.804688 0.445312 0.787109
0 0.736328 0.892578 0.00390625 0.00390625
0 0.835938 0.998047 0.816406 0.998047 0.777344 0.951172 0.748047 0.96875 0.738281 0.998047 0.712891 0.996094 0.736328 0.941406 0.765625 0.919922 0.806641 0.933594 0.837891 0.972656 0.835938 0.998047
0 0.992188 0.998047 0.935547 0.996094 0.958984 0.980469 0.953125 0.958984 0.988281 0.955078 0.998047 0.960938 0.992188 0.998047
