0 0.0195312 0.0605469 0 0.0585938 0 0 0.0117188 0.0332031 0.0507812 0 0.0742188 0 0.0566406 0.0351562 0.0195312 0.0605469
0 0.160156 0.0175781 0.119141 0 0.189453 0 0.160156 0.0175781
0 0.246094 0 0.273438 0.0136719 0.330078 0.0976562 0.322266 0.136719 0.285156 0.158203 0.285156 0.158203 0.230469 0.146484 0.197266 0.105469 0.189453 0.046875 0.222656 0.00195312 0.246094 0 0.246094 0.0253906 0.220703 0.0390625 0.212891 0.0664062 0.240234 0.121094 0.271484 0.132812 0.271484 0.132812 0.298828 0.125 0.302734 0.101562 0.246094 0.0253906
0 0.4375 0.111328 0.410156 0.111328 0.361328 0.078125 0.363281 0 0.392578 0 0.384766 0.0625 0.414062 0.0839844 0.449219 0.0839844 0.462891 0.0625 0.398438 0 0.441406 0.00195312 0.490234 0.0546875 0.482422 0.0898438 0.4375 0.111328
0 0.632812 0.146484 0.597656 0.146484 0.568359 0.121094 0.544922 0.0625 0.546875 0 0.591797 0 0.572266 0.0703125 0.595703 0.0859375 0.595703 0.109375 0.609375 0.123047 0.652344 0.107422 0.685547 0.078125 0.693359 0 0.724609 0.00390625 0.716797 0.078125 0.632812 0.146484
0 0.490234 0.0488281 0.00390625 0.00390625
0 0.00976562 0.136719 0.0390625 0.0917969 0.113281 0.0800781 0.142578 0.125 0.130859 0.15625 0.078125 0.205078 0.078125 0.205078 0.0625 0.205078 0.0195312 0.169922 0.00976562 0.136719 0.0371094 0.136719 0.0371094 0.148438 0.0722656 0.175781 0.0722656 0.175781 0.115234 0.132812 0.105469 0.107422 0.0585938 0.115234 0.0371094 0.136719
0 0.4375 0.166016 0.482422 0.207031 0.474609 0.289062 0.433594 0.341797 0.367188 0.373047 0.367188 0.373047 0.328125 0.357422 0.310547 0.328125 0.306641 0.277344 0.318359 0.230469 0.367188 0.166016 0.4375 0.166016 0.425781 0.189453 0.367188 0.205078 0.345703 0.234375 0.333984 0.277344 0.337891 0.324219 0.373047 0.34375 0.373047 0.34375 0.410156 0.322266 0.455078 0.265625 0.455078 0.210938 0.425781 0.189453
0 0.216797 0.246094 0.212891 0.285156 0.164062 0.318359 0.164062 0.318359 0.128906 0.294922 0.0996094 0.253906 0.107422 0.207031 0.132812 0.189453 0.167969 0.193359 0.216797 0.246094 0.193359 0.25 0.140625 0.216797 0.126953 0.226562 0.126953 0.253906 0.162109 0.285156 0.162109 0.285156 0.189453 0.273438 0.193359 0.25
0 0.775391 0.375 0.751953 0.410156 0.691406 0.427734 0.691406 0.427734 0.648438 0.416016 0.619141 0.386719 0.623047 0.3125 0.683594 0.263672 0.722656 0.271484 0.775391 0.316406 0.779297 0.332031 0.775391 0.375 0.748047 0.375 0.751953 0.339844 0.738281 0.314453 0.695312 0.291016 0.6875 0.306641 0.660156 0.310547 0.642578 0.339844 0.65625 0.388672 0.705078 0.398438 0.705078 0.398438 0.748047 0.375
0 0.181641 0.275391 0.00390625 0.00390625
0 0.138672 0.349609 0.00390625 0.00390625
0 0.0800781 0.507812 0.0644531 0.453125 0.0722656 0.414062 0.0996094 0.378906 0.15625 0.345703 0.195312 0.365234 0.228516 0.402344 0.224609 0.457031 0.179688 0.513672 0.121094 0.537109 0.121094 0.537109 0.0800781 0.507812 0.103516 0.5 0.146484 0.503906 0.146484 0.503906 0.189453 0.464844 0.205078 0.421875 0.179688 0.384766 0.152344 0.376953 0.111328 0.402344 0.0917969 0.441406 0.103516 0.5
0 0.419922 0.71875 0.378906 0.744141 0.378906 0.744141 0.308594 0.736328 0.283203 0.714844 0.267578 0.671875 0.271484 0.613281 0.332031 0.576172 0.355469 0.576172 0.375 0.599609 0.394531 0.599609 0.443359 0.652344 0.443359 0.683594 0.419922 0.71875 0.394531 0.708984 0.396484 0.695312 0.353516 0.640625 0.349609 0.613281 0.324219 0.603516 0.294922 0.636719 0.294922 0.667969 0.316406 0.708984 0.357422 0.71875 0.357422 0.71875 0.394531 0.708984
