0 0.484375 0.0410156 0.523438 0.0449219 0.566406 0.0253906 0.595703 0.0390625 0.615234 0.09375 0.578125 0.154297 0.539062 0.166016 0.539062 0.166016 0.480469 0.158203 0.447266 0.117188 0.447266 0.0898438 0.484375 0.0410156 0.492188 0.0683594 0.474609 0.105469 0.490234 0.125 0.482422 0.128906 0.548828 0.136719 0.548828 0.136719 0.583984 0.105469 0.576172 0.0625 0.492188 0.0683594
0 0.402344 0.154297 0.332031 0.197266 0.332031 0.197266 0.269531 0.177734 0.244141 0.152344 0.232422 0.105469 0.244141 0.0742188 0.289062 0.0410156 0.320312 0.0449219 0.324219 0.0605469 0.351562 0.0488281 0.421875 0.0605469 0.439453 0.0820312 0.431641 0.136719 0.414062 0.158203 0.402344 0.154297 0.400391 0.132812 0.410156 0.0839844 0.347656 0.0761719 0.332031 0.0917969 0.3125 0.0917969 0.277344 0.0800781 0.263672 0.09375 0.267578 0.140625 0.326172 0.171875 0.326172 0.171875 0.400391 0.132812
0 0.400391 0.169922 0.00390625 0.00390625
0 0 0.275391 0 0.183594 0.0078125 0.181641 0.0253906 0.191406 0.0332031 0.238281 0.0253906 0.261719 0 0.275391
0 0.105469 0.314453 0.0683594 0.285156 0.0683594 0.230469 0.0976562 0.185547 0.144531 0.177734 0.169922 0.203125 0.181641 0.292969 0.177734 0.3125 0.160156 0.318359 0.160156 0.318359 0.105469 0.314453 0.113281 0.291016 0.154297 0.292969 0.154297 0.292969 0.150391 0.21875 0.128906 0.201172 0.0996094 0.21875 0.0917969 0.273438 0.113281 0.291016
0 0.410156 0.189453 0.435547 0.199219 0.466797 0.246094 0.466797 0.300781 0.429688 0.341797 0.429688 0.341797 0.384766 0.324219 0.369141 0.277344 0.369141 0.21875 0.410156 0.189453 0.410156 0.212891 0.396484 0.230469 0.392578 0.269531 0.404297 0.308594 0.427734 0.308594 0.427734 0.308594 0.443359 0.257812 0.410156 0.212891
0 0.615234 0.320312 0.611328 0.289062 0.599609 0.28125 0.607422 0.242188 0.660156 0.189453 0.722656 0.193359 0.744141 0.226562 0.736328 0.273438 0.707031 0.314453 0.660156 0.345703 0.660156 0.345703 0.636719 0.345703 0.615234 0.320312 0.634766 0.304688 0.644531 0.318359 0.658203 0.316406 0.658203 0.316406 0.705078 0.28125 0.707031 0.216797 0.667969 0.220703 0.634766 0.25 0.634766 0.304688
0 0.673828 0.189453 0.00390625 0.00390625
0 0.511719 0.341797 0.490234 0.308594 0.494141 0.246094 0.507812 0.224609 0.546875 0.240234 0.580078 0.285156 0.576172 0.335938 0.554688 0.353516 0.554688 0.353516 0.511719 0.341797 0.521484 0.316406 0.544922 0.324219 0.544922 0.324219 0.519531 0.271484 0.521484 0.316406
0 0.201172 0.335938 0.261719 0.279297 0.296875 0.283203 0.337891 0.339844 0.337891 0.425781 0.296875 0.462891 0.296875 0.462891 0.234375 0.455078 0.193359 0.398438 0.201172 0.335938 0.228516 0.335938 0.216797 0.382812 0.242188 0.427734 0.279297 0.429688 0.279297 0.429688 0.298828 0.40625 0.302734 0.371094 0.294922 0.324219 0.277344 0.302734 0.246094 0.333984 0.228516 0.335938
0 0.490234 0.291016 0.00390625 0.00390625
0 0.773438 0.298828 0.828125 0.314453 0.849609 0.34375 0.841797 0.386719 0.792969 0.431641 0.792969 0.431641 0.757812 0.427734 0.728516 0.398438 0.740234 0.332031 0.773438 0.298828 0.777344 0.326172 0.755859 0.390625 0.791016 0.402344 0.791016 0.402344 0.810547 0.382812 0.818359 0.347656 0.777344 0.326172
0 0 0.441406 0 0.349609 0.0195312 0.337891 0.0664062 0.341797 0.138672 0.402344 0.130859 0.445312 0.109375 0.474609 0.109375 0.474609 0.0351562 0.462891 0 0.441406 0.0117188 0.423828 0.103516 0.445312 0.103516 0.445312 0.111328 0.414062 0.105469 0.419922 0.0625 0.369141 0.0429688 0.361328 0.0136719 0.375 0.0117188 0.423828
0 0.697266 0.414062 0.701172 0.441406 0.685547 0.476562 0.628906 0.490234 0.628906 0.490234 0.59375 0.486328 0.560547 0.457031 0.544922 0.390625 0.5625 0.376953 0.65625 0.376953 0.697266 0.414062 0.671875 0.419922 0.644531 0.400391 0.576172 0.402344 0.589844 0.455078 0.646484 0.460938 0.646484 0.460938 0.669922 0.453125 0.671875 0.419922
0 0.517578 0.441406 0.509766 0.46875 0.46875 0.494141 0.46875 0.494141 0.429688 0.486328 0.412109 0.445312 0.412109 0.417969 0.449219 0.380859 0.492188 0.384766 0.517578 0.441406 0.494141 0.445312 0.484375 0.419922 0.457031 0.408203 0.439453 0.445312 0.453125 0.466797 0.470703 0.464844 0.470703 0.464844 0.494141 0.445312
0 0 0.535156 0.0390625 0.494141 0.0820312 0.498047 0.126953 0.550781 0.134766 0.582031 0.123047 0.632812 0.0664062 0.662109 0.0664062 0.662109 0.03125 0.658203 0 0.628906 0 0.535156 0.00976562 0.558594 0.0136719 0.605469 0.0390625 0.630859 0.0644531 0.632812 0.0644531 0.632812 0.107422 0.609375 0.103516 0.5625 0.0703125 0.525391 0.03125 0.533203 0.00976562 0.558594
0 0.630859 0.539062 0.675781 0.494141 0.753906 0.501953 0.783203 0.519531 0.794922 0.546875 0.791016 0.585938 0.753906 0.619141 0.75 0.611328 0.738281 0.626953 0.714844 0.630859 0.714844 0.630859 0.644531 0.615234 0.623047 0.59375 0.630859 0.539062 0.650391 0.554688 0.646484 0.582031 0.701172 0.605469 0.701172 0.605469 0.722656 0.603516 0.767578 0.566406 0.767578 0.550781 0.742188 0.525391 0.695312 0.521484 0.650391 0.554688
0 0.859375 0.716797 0.832031 0.712891 0.791016 0.667969 0.794922 0.628906 0.832031 0.595703 0.863281 0.595703 0.912109 0.640625 0.896484 0.691406 0.859375 0.716797 0.859375 0.716797 0.857422 0.691406 0.888672 0.65625 0.867188 0.630859 0.835938 0.623047 0.818359 0.667969 0.857422 0.691406 0.857422 0.691406
0 0.722656 0.642578 0.765625 0.642578 0.783203 0.683594 0.755859 0.734375 0.71875 0.759766 0.71875 0.759766 0.695312 0.759766 0.685547 0.746094 0.673828 0.683594 0.722656 0.642578 0.722656 0.669922 0.701172 0.6875 0.712891 0.730469 0.712891 0.730469 0.748047 0.707031 0.753906 0.669922 0.722656 0.669922
0 0.601562 0.826172 0.544922 0.785156 0.529297 0.761719 0.523438 0.681641 0.59375 0.673828 0.646484 0.703125 0.666016 0.738281 0.666016 0.800781 0.640625 0.830078 0.640625 0.830078 0.601562 0.826172 0.613281 0.802734 0.630859 0.800781 0.630859 0.800781 0.638672 0.734375 0.601562 0.705078 0.550781 0.701172 0.552734 0.742188 0.572266 0.777344 0.613281 0.802734
0 0.744141 0.673828 0.00390625 0.00390625
0 0.984375 0.857422 0.929688 0.845703 0.896484 0.804688 0.888672 0.746094 0.921875 0.701172 0.957031 0.701172 0.998047 0.738281 0.996094 0.791016 0.945312 0.724609 0.919922 0.738281 0.912109 0.765625 0.941406 0.822266 0.96875 0.833984 0.998047 0.828125 0.998047 0.847656 0.984375 0.857422
0 0.138672 0.761719 0.150391 0.84375 0.128906 0.892578 0.128906 0.892578 0.0664062 0.884766 0.00195312 0.816406 0 0.746094 0.0195312 0.701172 0.0898438 0.716797 0.138672 0.761719 0.119141 0.777344 0.0703125 0.736328 0.0351562 0.728516 0.0136719 0.777344 0.0175781 0.792969 0.0742188 0.857422 0.115234 0.867188 0.115234 0.867188 0.119141 0.777344
0 0.556641 0.712891 0.00390625 0.00390625
0 0.296875 0.884766 0.263672 0.867188 0.232422 0.808594 0.232422 0.777344 0.265625 0.744141 0.34375 0.728516 0.412109 0.769531 0.423828 0.789062 0.416016 0.851562 0.367188 0.892578 0.367188 0.892578 0.296875 0.884766 0.304688 0.861328 0.357422 0.863281 0.357422 0.863281 0.392578 0.839844 0.400391 0.8125 0.367188 0.767578 0.359375 0.775391 0.332031 0.763672 0.285156 0.798828 0.263672 0.796875 0.285156 0.849609 0.304688 0.861328
0 0.146484 0.771484 0.00390625 0.00390625
0 0.708984 0.835938 0.738281 0.791016 0.8125 0.779297 0.841797 0.824219 0.830078 0.855469 0.777344 0.904297 0.777344 0.904297 0.761719 0.904297 0.71875 0.869141 0.708984 0.835938 0.736328 0.835938 0.736328 0.847656 0.771484 0.875 0.771484 0.875 0.814453 0.832031 0.804688 0.806641 0.757812 0.814453 0.736328 0.835938
0 0.111328 0.865234 0.00390625 0.00390625
0 0.908203 0.929688 0.916016 0.976562 0.898438 0.998047 0.898438 0.998047 0.835938 0.998047 0.806641 0.972656 0.798828 0.929688 0.8125 0.900391 0.832031 0.888672 0.867188 0.892578 0.908203 0.929688 0.892578 0.949219 0.839844 0.916016 0.826172 0.925781 0.826172 0.953125 0.861328 0.984375 0.861328 0.984375 0.888672 0.972656 0.892578 0.949219
0 0.316406 0.998047 0.292969 0.998047 0.275391 0.957031 0.246094 0.943359 0.207031 0.958984 0.179688 0.998047 0.160156 0.998047 0.158203 0.984375 0.191406 0.935547 0.242188 0.916016 0.287109 0.929688 0.316406 0.998047
0 0.880859 0.974609 0.00390625 0.00390625
