0 0.265625 0.0488281 0.203125 0.0410156 0.193359 0.03125 0.201172 0 0.216797 0 0.201172 0.0195312 0.210938 0.0332031 0.257812 0.0410156 0.283203 0.0195312 0.279297 0 0.292969 0 0.294922 0.0195312 0.265625 0.0488281
0 0.53125 0.0839844 0.507812 0.0839844 0.482422 0.0625 0.474609 0 0.494141 0.00390625 0.490234 0.0546875 0.527344 0.0761719 0.570312 0.0644531 0.613281 0 0.615234 0.015625 0.587891 0.0625 0.53125 0.0839844
0 0.03125 0.0917969 0 0.0859375 0 0.0761719 0.0234375 0.0839844 0.0332031 0.0703125 0.0253906 0.0429688 0 0.0351562 0.00390625 0.00976562 0.0175781 0.0117188 0.0410156 0.0507812 0.03125 0.0917969
0 0.318359 0.0429688 0.34375 0.00976562 0.421875 0.00976562 0.423828 0.0585938 0.367188 0.107422 0.367188 0.107422 0.322266 0.09375 0.318359 0.0429688 0.326172 0.046875 0.326172 0.0820312 0.347656 0.0996094 0.365234 0.0976562 0.365234 0.0976562 0.416016 0.0546875 0.414062 0.0175781 0.382812 0.0136719 0.339844 0.0292969 0.326172 0.046875
0 0.121094 0.158203 0.09375 0.158203 0.0429688 0.134766 0.0332031 0.113281 0.0625 0.0839844 0.105469 0.0800781 0.146484 0.121094 0.142578 0.148438 0.121094 0.158203 0.121094 0.158203 0.115234 0.148438 0.134766 0.132812 0.0898438 0.0917969 0.0449219 0.117188 0.0625 0.134766 0.115234 0.148438 0.115234 0.148438
0 0.230469 0.0761719 0.246094 0.0761719 0.283203 0.121094 0.271484 0.15625 0.242188 0.173828 0.242188 0.173828 0.208984 0.15625 0.201172 0.128906 0.205078 0.0898438 0.230469 0.0761719 0.238281 0.0839844 0.212891 0.101562 0.212891 0.132812 0.248047 0.160156 0.248047 0.160156 0.267578 0.140625 0.267578 0.113281 0.238281 0.0839844
0 0.703125 0.216797 0.636719 0.212891 0.609375 0.197266 0.595703 0.183594 0.599609 0.125 0.632812 0.103516 0.703125 0.111328 0.732422 0.179688 0.703125 0.216797 0.703125 0.216797 0.701172 0.207031 0.720703 0.183594 0.695312 0.119141 0.640625 0.111328 0.607422 0.132812 0.609375 0.185547 0.644531 0.205078 0.701172 0.207031 0.701172 0.207031
0 0.929688 0.107422 0.947266 0.125 0.943359 0.195312 0.917969 0.216797 0.917969 0.216797 0.875 0.208984 0.857422 0.191406 0.865234 0.140625 0.902344 0.107422 0.929688 0.107422 0.925781 0.115234 0.910156 0.126953 0.898438 0.119141 0.865234 0.160156 0.873047 0.1875 0.904297 0.199219 0.904297 0.199219 0.939453 0.15625 0.925781 0.115234
0 0.306641 0.160156 0.335938 0.123047 0.378906 0.119141 0.392578 0.132812 0.392578 0.183594 0.359375 0.216797 0.359375 0.216797 0.328125 0.216797 0.310547 0.203125 0.306641 0.160156 0.314453 0.167969 0.326172 0.203125 0.353516 0.207031 0.353516 0.207031 0.384766 0.175781 0.384766 0.140625 0.371094 0.126953 0.332031 0.138672 0.314453 0.167969
0 0.496094 0.119141 0.523438 0.119141 0.552734 0.160156 0.541016 0.203125 0.519531 0.220703 0.519531 0.220703 0.492188 0.220703 0.455078 0.195312 0.470703 0.132812 0.496094 0.119141 0.5 0.126953 0.478516 0.140625 0.466797 0.195312 0.513672 0.210938 0.513672 0.210938 0.544922 0.167969 0.515625 0.126953 0.5 0.126953
0 0.0273438 0.240234 0 0.240234 0 0.230469 0.0234375 0.232422 0.0527344 0.183594 0.0234375 0.158203 0 0.169922 0 0.150391 0.03125 0.150391 0.0605469 0.175781 0.0527344 0.214844 0.0273438 0.240234
0 0.191406 0.263672 0.132812 0.263672 0.0996094 0.25 0.125 0.177734 0.191406 0.169922 0.208984 0.183594 0.224609 0.234375 0.191406 0.263672 0.191406 0.263672 0.185547 0.253906 0.205078 0.230469 0.216797 0.226562 0.214844 0.216797 0.216797 0.226562 0.216797 0.226562 0.205078 0.230469 0.199219 0.193359 0.148438 0.185547 0.119141 0.203125 0.113281 0.248047 0.185547 0.253906 0.185547 0.253906
0 0.740234 0.25 0.736328 0.207031 0.753906 0.185547 0.773438 0.185547 0.802734 0.21875 0.806641 0.257812 0.792969 0.271484 0.792969 0.271484 0.765625 0.271484 0.740234 0.25 0.748047 0.246094 0.787109 0.261719 0.787109 0.261719 0.798828 0.234375 0.761719 0.193359 0.748047 0.207031 0.748047 0.246094
0 0.445312 0.244141 0.412109 0.238281 0.396484 0.214844 0.402344 0.193359 0.455078 0.21875 0.445312 0.244141 0.445312 0.244141 0.443359 0.234375 0.4375 0.212891 0.404297 0.203125 0.421875 0.232422 0.443359 0.234375 0.443359 0.234375
0 0.248047 0.273438 0.265625 0.248047 0.296875 0.240234 0.306641 0.277344 0.285156 0.306641 0.285156 0.306641 0.253906 0.302734 0.248047 0.273438 0.255859 0.277344 0.265625 0.298828 0.279297 0.296875 0.279297 0.296875 0.298828 0.269531 0.289062 0.248047 0.255859 0.277344
0 0.322266 0.257812 0.34375 0.244141 0.367188 0.248047 0.376953 0.261719 0.371094 0.291016 0.371094 0.291016 0.332031 0.287109 0.322266 0.257812 0.330078 0.265625 0.347656 0.283203 0.365234 0.28125 0.365234 0.28125 0.369141 0.269531 0.351562 0.251953 0.330078 0.265625
0 0.552734 0.277344 0.597656 0.255859 0.664062 0.251953 0.681641 0.285156 0.617188 0.330078 0.617188 0.330078 0.574219 0.318359 0.552734 0.296875 0.552734 0.277344 0.560547 0.28125 0.582031 0.310547 0.615234 0.320312 0.615234 0.320312 0.669922 0.285156 0.660156 0.259766 0.560547 0.28125
0 0.0175781 0.34375 0.0234375 0.291016 0.0664062 0.275391 0.115234 0.285156 0.115234 0.332031 0.0820312 0.369141 0.0820312 0.369141 0.0390625 0.365234 0.0175781 0.34375 0.0253906 0.339844 0.0390625 0.353516 0.0800781 0.359375 0.0800781 0.359375 0.111328 0.308594 0.0898438 0.283203 0.03125 0.302734 0.0253906 0.316406 0.0253906 0.339844
0 0.511719 0.353516 0.492188 0.353516 0.478516 0.335938 0.474609 0.304688 0.492188 0.279297 0.533203 0.289062 0.533203 0.328125 0.511719 0.353516 0.511719 0.353516 0.509766 0.34375 0.525391 0.296875 0.5 0.287109 0.486328 0.328125 0.509766 0.34375 0.509766 0.34375
0 0.376953 0.324219 0.380859 0.300781 0.398438 0.287109 0.431641 0.289062 0.417969 0.337891 0.417969 0.337891 0.376953 0.324219 0.384766 0.316406 0.412109 0.328125 0.412109 0.328125 0.421875 0.294922 0.398438 0.298828 0.384766 0.316406
0 0.162109 0.390625 0.169922 0.335938 0.179688 0.322266 0.214844 0.314453 0.232422 0.324219 0.236328 0.34375 0.191406 0.396484 0.191406 0.396484 0.162109 0.390625 0.169922 0.382812 0.185547 0.386719 0.185547 0.386719 0.224609 0.347656 0.224609 0.332031 0.207031 0.322266 0.177734 0.34375 0.169922 0.382812
0 0.720703 0.351562 0.742188 0.322266 0.777344 0.310547 0.822266 0.367188 0.8125 0.388672 0.761719 0.404297 0.761719 0.404297 0.720703 0.394531 0.720703 0.351562 0.728516 0.355469 0.728516 0.386719 0.755859 0.394531 0.755859 0.394531 0.806641 0.378906 0.794922 0.339844 0.777344 0.326172 0.753906 0.326172 0.728516 0.355469
0 0.3125 0.326172 0.333984 0.355469 0.28125 0.404297 0.28125 0.404297 0.255859 0.394531 0.259766 0.347656 0.269531 0.333984 0.3125 0.326172 0.308594 0.333984 0.271484 0.347656 0.259766 0.378906 0.279297 0.394531 0.279297 0.394531 0.322266 0.355469 0.308594 0.333984
0 0.330078 0.390625 0.339844 0.369141 0.378906 0.353516 0.388672 0.394531 0.363281 0.439453 0.363281 0.439453 0.330078 0.429688 0.330078 0.390625 0.337891 0.394531 0.337891 0.421875 0.357422 0.429688 0.357422 0.429688 0.376953 0.402344 0.378906 0.365234 0.337891 0.394531
0 0 0.447266 0.00976562 0.417969 0 0.369141 0.0175781 0.394531 0.0175781 0.425781 0 0.447266
0 0.433594 0.376953 0.480469 0.373047 0.505859 0.410156 0.498047 0.453125 0.410156 0.486328 0.410156 0.486328 0.396484 0.472656 0.392578 0.421875 0.433594 0.376953 0.433594 0.388672 0.419922 0.402344 0.404297 0.425781 0.412109 0.472656 0.412109 0.472656 0.482422 0.445312 0.486328 0.40625 0.476562 0.392578 0.433594 0.388672
0 0.0683594 0.398438 0.121094 0.392578 0.142578 0.417969 0.136719 0.439453 0.136719 0.439453 0.0742188 0.435547 0.0683594 0.398438 0.0761719 0.40625 0.0859375 0.431641 0.130859 0.429688 0.130859 0.429688 0.0976562 0.396484 0.0761719 0.40625
0 0.761719 0.513672 0.740234 0.488281 0.740234 0.449219 0.769531 0.419922 0.804688 0.431641 0.822266 0.453125 0.826172 0.480469 0.796875 0.513672 0.796875 0.513672 0.761719 0.513672 0.769531 0.505859 0.791016 0.503906 0.791016 0.503906 0.810547 0.480469 0.810547 0.457031 0.796875 0.439453 0.769531 0.435547 0.751953 0.460938 0.751953 0.492188 0.769531 0.505859
0 0.523438 0.568359 0.490234 0.523438 0.486328 0.496094 0.519531 0.466797 0.574219 0.470703 0.607422 0.511719 0.607422 0.539062 0.5625 0.568359 0.5625 0.568359 0.523438 0.568359 0.53125 0.560547 0.556641 0.558594 0.556641 0.558594 0.585938 0.544922 0.599609 0.519531 0.566406 0.478516 0.527344 0.474609 0.494141 0.507812 0.53125 0.560547
0 0.109375 0.556641 0.0878906 0.53125 0.117188 0.509766 0.148438 0.509766 0.148438 0.556641 0.148438 0.556641 0.109375 0.556641 0.117188 0.548828 0.142578 0.546875 0.142578 0.546875 0.140625 0.517578 0.0996094 0.53125 0.117188 0.548828
0 0.232422 0.539062 0.240234 0.585938 0.230469 0.595703 0.230469 0.595703 0.203125 0.595703 0.177734 0.578125 0.162109 0.550781 0.167969 0.517578 0.207031 0.521484 0.232422 0.539062 0.224609 0.546875 0.179688 0.525391 0.173828 0.539062 0.189453 0.574219 0.224609 0.585938 0.224609 0.585938 0.224609 0.546875
0 0.376953 0.542969 0.402344 0.517578 0.433594 0.513672 0.443359 0.527344 0.439453 0.574219 0.402344 0.587891 0.402344 0.587891 0.380859 0.578125 0.376953 0.542969 0.384766 0.550781 0.394531 0.576172 0.412109 0.574219 0.412109 0.574219 0.427734 0.558594 0.421875 0.521484 0.384766 0.550781
0 0.640625 0.611328 0.621094 0.611328 0.595703 0.589844 0.591797 0.558594 0.640625 0.541016 0.6875 0.541016 0.681641 0.578125 0.640625 0.611328 0.640625 0.611328 0.638672 0.601562 0.669922 0.578125 0.675781 0.548828 0.599609 0.566406 0.621094 0.599609 0.638672 0.601562 0.638672 0.601562
0 0.804688 0.623047 0.787109 0.609375 0.792969 0.552734 0.832031 0.548828 0.849609 0.566406 0.853516 0.601562 0.839844 0.623047 0.839844 0.623047 0.804688 0.623047 0.8125 0.615234 0.833984 0.613281 0.833984 0.613281 0.841797 0.574219 0.824219 0.556641 0.800781 0.560547 0.794922 0.601562 0.8125 0.615234
0 0.0761719 0.566406 0.0761719 0.597656 0.0585938 0.619141 0.0585938 0.619141 0.0214844 0.601562 0.0253906 0.5625 0.0390625 0.552734 0.0761719 0.566406 0.0683594 0.574219 0.0351562 0.568359 0.0332031 0.601562 0.0566406 0.605469 0.0566406 0.605469 0.0683594 0.574219
0 0.441406 0.650391 0.435547 0.617188 0.453125 0.595703 0.5 0.587891 0.505859 0.625 0.480469 0.650391 0.480469 0.650391 0.441406 0.650391 0.449219 0.642578 0.474609 0.640625 0.474609 0.640625 0.498047 0.617188 0.492188 0.595703 0.460938 0.603516 0.443359 0.625 0.449219 0.642578
0 0.148438 0.650391 0.130859 0.632812 0.132812 0.595703 0.189453 0.617188 0.193359 0.644531 0.183594 0.650391 0.183594 0.650391 0.148438 0.650391 0.152344 0.642578 0.177734 0.640625 0.177734 0.640625 0.185547 0.628906 0.171875 0.615234 0.138672 0.605469 0.152344 0.642578
0 0.365234 0.652344 0.375 0.607422 0.402344 0.607422 0.423828 0.628906 0.416016 0.652344 0.390625 0.666016 0.390625 0.666016 0.365234 0.652344 0.373047 0.644531 0.400391 0.652344 0.400391 0.652344 0.408203 0.628906 0.394531 0.615234 0.378906 0.619141 0.373047 0.644531
0 0.517578 0.644531 0.546875 0.611328 0.597656 0.611328 0.619141 0.632812 0.619141 0.652344 0.595703 0.691406 0.550781 0.720703 0.550781 0.720703 0.513672 0.714844 0.517578 0.644531 0.525391 0.652344 0.525391 0.703125 0.556641 0.707031 0.556641 0.707031 0.607422 0.652344 0.611328 0.640625 0.597656 0.626953 0.542969 0.634766 0.525391 0.652344
0 0.330078 0.679688 0.326172 0.707031 0.285156 0.744141 0.285156 0.744141 0.261719 0.744141 0.228516 0.707031 0.228516 0.6875 0.212891 0.691406 0.265625 0.619141 0.296875 0.630859 0.330078 0.679688 0.322266 0.683594 0.306641 0.652344 0.277344 0.630859 0.236328 0.675781 0.236328 0.699219 0.279297 0.734375 0.279297 0.734375 0.322266 0.683594
0 0.835938 0.748047 0.802734 0.726562 0.802734 0.703125 0.828125 0.666016 0.898438 0.666016 0.916016 0.679688 0.912109 0.710938 0.878906 0.748047 0.878906 0.748047 0.835938 0.748047 0.839844 0.740234 0.876953 0.738281 0.876953 0.738281 0.904297 0.703125 0.904297 0.679688 0.835938 0.673828 0.810547 0.710938 0.814453 0.726562 0.839844 0.740234
0 0.615234 0.726562 0.625 0.705078 0.675781 0.669922 0.710938 0.681641 0.736328 0.726562 0.728516 0.765625 0.695312 0.779297 0.695312 0.779297 0.644531 0.775391 0.615234 0.726562 0.623047 0.722656 0.644531 0.763672 0.693359 0.769531 0.693359 0.769531 0.724609 0.753906 0.728516 0.730469 0.716797 0.703125 0.683594 0.681641 0.623047 0.722656
0 0.478516 0.710938 0.478516 0.726562 0.445312 0.748047 0.445312 0.748047 0.410156 0.744141 0.400391 0.710938 0.449219 0.685547 0.478516 0.710938 0.470703 0.71875 0.445312 0.697266 0.417969 0.705078 0.408203 0.726562 0.439453 0.738281 0.439453 0.738281 0.470703 0.71875
0 0.0214844 0.742188 0.0214844 0.714844 0.0390625 0.693359 0.0546875 0.693359 0.0683594 0.71875 0.0683594 0.746094 0.0546875 0.763672 0.0546875 0.763672 0.0390625 0.763672 0.0214844 0.742188 0.0292969 0.734375 0.0488281 0.753906 0.0488281 0.753906 0.0605469 0.726562 0.0429688 0.708984 0.0292969 0.734375
0 0.345703 0.75 0.341797 0.710938 0.355469 0.697266 0.371094 0.697266 0.384766 0.714844 0.378906 0.755859 0.378906 0.755859 0.345703 0.75 0.353516 0.742188 0.373047 0.746094 0.373047 0.746094 0.363281 0.705078 0.353516 0.742188
0 0.101562 0.775391 0.0839844 0.75 0.0878906 0.730469 0.117188 0.716797 0.140625 0.732422 0.166016 0.765625 0.152344 0.787109 0.152344 0.787109 0.101562 0.775391 0.109375 0.767578 0.146484 0.777344 0.146484 0.777344 0.154297 0.765625 0.128906 0.736328 0.105469 0.728516 0.0957031 0.738281 0.109375 0.767578
0 0.941406 0.748047 0.939453 0.847656 0.921875 0.853516 0.921875 0.853516 0.902344 0.853516 0.876953 0.824219 0.896484 0.769531 0.941406 0.748047 0.933594 0.755859 0.908203 0.777344 0.892578 0.816406 0.916016 0.835938 0.916016 0.835938 0.933594 0.755859
0 0.488281 0.759766 0.507812 0.763672 0.552734 0.808594 0.533203 0.851562 0.5 0.876953 0.5 0.876953 0.480469 0.873047 0.447266 0.828125 0.462891 0.78125 0.488281 0.759766 0.488281 0.771484 0.466797 0.808594 0.466797 0.832031 0.480469 0.857422 0.501953 0.863281 0.501953 0.863281 0.533203 0.804688 0.488281 0.771484
0 0.00390625 0.794922 0 0.783203 0.00976562 0.785156 0.00390625 0.794922
0 0.015625 0.916016 0 0.912109 0 0.898438 0.0234375 0.900391 0.0644531 0.855469 0.0488281 0.824219 0.0136719 0.796875 0.0234375 0.787109 0.0722656 0.835938 0.0722656 0.859375 0.0566406 0.886719 0.015625 0.916016
0 0.363281 0.896484 0.310547 0.855469 0.310547 0.832031 0.335938 0.798828 0.386719 0.787109 0.427734 0.824219 0.435547 0.859375 0.425781 0.876953 0.363281 0.896484 0.363281 0.896484 0.361328 0.886719 0.417969 0.869141 0.427734 0.851562 0.412109 0.820312 0.378906 0.794922 0.339844 0.810547 0.318359 0.839844 0.361328 0.886719 0.361328 0.886719
0 0.724609 0.824219 0.765625 0.791016 0.853516 0.859375 0.837891 0.953125 0.820312 0.966797 0.820312 0.966797 0.792969 0.962891 0.75 0.931641 0.716797 0.886719 0.724609 0.824219 0.728516 0.84375 0.744141 0.90625 0.78125 0.939453 0.814453 0.945312 0.814453 0.945312 0.833984 0.925781 0.830078 0.867188 0.785156 0.818359 0.753906 0.810547 0.728516 0.84375
0 0.568359 0.867188 0.568359 0.84375 0.597656 0.806641 0.640625 0.802734 0.685547 0.828125 0.685547 0.847656 0.644531 0.888672 0.644531 0.888672 0.613281 0.888672 0.568359 0.867188 0.576172 0.859375 0.638672 0.878906 0.638672 0.878906 0.677734 0.835938 0.632812 0.810547 0.605469 0.814453 0.576172 0.859375
0 0.0957031 0.886719 0.107422 0.84375 0.132812 0.822266 0.160156 0.822266 0.236328 0.863281 0.21875 0.896484 0.171875 0.923828 0.171875 0.923828 0.144531 0.923828 0.0957031 0.886719 0.103516 0.882812 0.144531 0.912109 0.166016 0.914062 0.166016 0.914062 0.228516 0.871094 0.148438 0.830078 0.111328 0.855469 0.103516 0.882812
0 0.322266 0.929688 0.289062 0.955078 0.289062 0.955078 0.25 0.947266 0.236328 0.917969 0.240234 0.898438 0.28125 0.873047 0.300781 0.876953 0.322266 0.914062 0.322266 0.929688 0.314453 0.925781 0.292969 0.884766 0.244141 0.910156 0.257812 0.939453 0.283203 0.945312 0.283203 0.945312 0.314453 0.925781
0 0.507812 0.998047 0.457031 0.994141 0.425781 0.978516 0.404297 0.9375 0.412109 0.90625 0.453125 0.892578 0.484375 0.912109 0.505859 0.941406 0.507812 0.998047 0.507812 0.998047 0.501953 0.988281 0.494141 0.9375 0.457031 0.904297 0.416016 0.921875 0.416016 0.949219 0.441406 0.978516 0.501953 0.988281 0.501953 0.988281
0 0.109375 0.998047 0.0996094 0.996094 0.103516 0.941406 0.078125 0.912109 0.0566406 0.949219 0.0722656 0.996094 0.0527344 0.992188 0.0488281 0.941406 0.0742188 0.904297 0.107422 0.921875 0.109375 0.998047
0 0.640625 0.998047 0.623047 0.996094 0.623047 0.953125 0.605469 0.935547 0.570312 0.943359 0.527344 0.998047 0.521484 0.988281 0.550781 0.943359 0.589844 0.919922 0.617188 0.919922 0.642578 0.960938 0.640625 0.998047
0 0.933594 0.998047 0.919922 0.996094 0.931641 0.96875 0.910156 0.951172 0.875 0.962891 0.863281 0.998047 0.853516 0.984375 0.875 0.947266 0.914062 0.943359 0.939453 0.964844 0.933594 0.998047
0 0.214844 0.998047 0.171875 0.962891 0.154297 0.996094 0.142578 0.992188 0.167969 0.951172 0.203125 0.970703 0.214844 0.998047
0 0.78125 0.998047 0.757812 0.966797 0.722656 0.966797 0.695312 0.998047 0.685547 0.984375 0.714844 0.958984 0.761719 0.958984 0.783203 0.972656 0.78125 0.998047
0 0.375 0.998047 0.34375 0.986328 0.318359 0.996094 0.351562 0.978516 0.375 0.998047
0 0.0117188 0.998047 0 0.982422 0.0117188 0.998047
