0 0.109375 0.0410156 0.0878906 0.03125 0.0878906 0 0.0996094 0 0.0957031 0.0273438 0.105469 0.0332031 0.144531 0 0.142578 0.0195312 0.109375 0.0410156
0 0.328125 0 0.359375 0.00195312 0.373047 0.0273438 0.373047 0.0546875 0.347656 0.0683594 0.347656 0.0683594 0.318359 0.0546875 0.314453 0.0195312 0.328125 0 0.335938 0.00585938 0.322266 0.0273438 0.330078 0.0546875 0.341797 0.0585938 0.341797 0.0585938 0.359375 0.0527344 0.365234 0.0351562 0.357422 0.015625 0.335938 0.00585938
0 0.396484 0.0546875 0.404297 0.0273438 0.433594 0.00195312 0.482422 0.0351562 0.478516 0.0742188 0.449219 0.103516 0.449219 0.103516 0.417969 0.0996094 0.396484 0.0546875 0.404297 0.0507812 0.419922 0.0859375 0.443359 0.09375 0.443359 0.09375 0.470703 0.0664062 0.474609 0.0390625 0.433594 0.0136719 0.404297 0.0507812
0 0.519531 0.0253906 0.496094 0.0214844 0.486328 0 0.511719 0.0175781 0.539062 0 0.541016 0.0117188 0.519531 0.0253906
0 0.595703 0.0234375 0.628906 0.00195312 0.664062 0 0.6875 0.00976562 0.697266 0.03125 0.685547 0.0664062 0.652344 0.0839844 0.652344 0.0839844 0.599609 0.0507812 0.595703 0.0234375 0.607422 0.0234375 0.603516 0.0390625 0.646484 0.0664062 0.646484 0.0664062 0.685547 0.0390625 0.675781 0.0136719 0.640625 0.00976562 0.607422 0.0234375
0 0.800781 0.0722656 0.769531 0.0722656 0.728516 0.0429688 0.730469 0 0.748047 0 0.736328 0.0390625 0.777344 0.0644531 0.814453 0.0507812 0.833984 0 0.826172 0.0507812 0.800781 0.0722656
0 0.888672 0.0742188 0.884766 0.0351562 0.902344 0.00585938 0.929688 0.00585938 0.935547 0.0429688 0.914062 0.0800781 0.914062 0.0800781 0.888672 0.0742188 0.896484 0.0664062 0.908203 0.0703125 0.908203 0.0703125 0.927734 0.0351562 0.921875 0.0136719 0.90625 0.0175781 0.892578 0.0429688 0.896484 0.0664062
0 0.193359 0.152344 0.197266 0.0664062 0.226562 0.0253906 0.261719 0.0253906 0.298828 0.0546875 0.302734 0.0820312 0.271484 0.132812 0.21875 0.166016 0.21875 0.166016 0.199219 0.166016 0.193359 0.152344 0.201172 0.148438 0.216797 0.15625 0.216797 0.15625 0.257812 0.130859 0.294922 0.078125 0.287109 0.0546875 0.257812 0.0332031 0.205078 0.0742188 0.201172 0.148438
0 0.996094 0.134766 0.972656 0.134766 0.939453 0.101562 0.953125 0.0449219 0.998047 0.0585938 0.996094 0.0722656 0.960938 0.0527344 0.947266 0.0859375 0.96875 0.119141 0.996094 0.119141 0.996094 0.134766
0 0.490234 0.199219 0.478516 0.136719 0.511719 0.0917969 0.574219 0.0800781 0.599609 0.101562 0.599609 0.152344 0.591797 0.179688 0.546875 0.208984 0.546875 0.208984 0.490234 0.199219 0.498047 0.195312 0.544922 0.199219 0.544922 0.199219 0.570312 0.189453 0.587891 0.164062 0.591797 0.109375 0.582031 0.0957031 0.535156 0.0917969 0.490234 0.128906 0.498047 0.195312
0 0.871094 0.177734 0.833984 0.164062 0.830078 0.101562 0.898438 0.0878906 0.916016 0.105469 0.912109 0.125 0.888672 0.167969 0.871094 0.177734 0.871094 0.177734 0.865234 0.167969 0.892578 0.144531 0.898438 0.107422 0.845703 0.105469 0.833984 0.140625 0.865234 0.167969 0.865234 0.167969
0 0.109375 0.103516 0.15625 0.103516 0.173828 0.136719 0.173828 0.179688 0.144531 0.208984 0.0859375 0.236328 0.0859375 0.236328 0.0722656 0.226562 0.0566406 0.136719 0.109375 0.103516 0.113281 0.111328 0.0683594 0.144531 0.0878906 0.222656 0.0878906 0.222656 0.136719 0.201172 0.166016 0.171875 0.152344 0.111328 0.113281 0.111328
0 0.345703 0.15625 0.337891 0.113281 0.347656 0.103516 0.378906 0.103516 0.408203 0.121094 0.416016 0.140625 0.394531 0.166016 0.394531 0.166016 0.345703 0.15625 0.353516 0.148438 0.388672 0.15625 0.388672 0.15625 0.404297 0.132812 0.355469 0.111328 0.353516 0.148438
0 0.75 0.169922 0.714844 0.162109 0.712891 0.132812 0.738281 0.119141 0.785156 0.123047 0.783203 0.148438 0.75 0.169922 0.75 0.169922 0.744141 0.160156 0.779297 0.132812 0.726562 0.134766 0.720703 0.152344 0.744141 0.160156 0.744141 0.160156
0 0.0234375 0.208984 0 0.199219 0 0.189453 0.0195312 0.197266 0.0292969 0.183594 0.0292969 0.164062 0 0.154297 0 0.142578 0.0195312 0.142578 0.0410156 0.164062 0.0234375 0.208984
0 0.308594 0.142578 0.326172 0.160156 0.326172 0.179688 0.304688 0.189453 0.304688 0.189453 0.275391 0.167969 0.289062 0.142578 0.308594 0.142578 0.304688 0.154297 0.287109 0.160156 0.292969 0.177734 0.314453 0.175781 0.314453 0.175781 0.304688 0.154297
0 0.632812 0.283203 0.599609 0.234375 0.603516 0.199219 0.632812 0.150391 0.701172 0.214844 0.697266 0.261719 0.660156 0.291016 0.660156 0.291016 0.632812 0.283203 0.640625 0.275391 0.666016 0.277344 0.666016 0.277344 0.689453 0.253906 0.693359 0.222656 0.654297 0.171875 0.636719 0.166016 0.615234 0.214844 0.615234 0.25 0.640625 0.275391
0 0.210938 0.216797 0.205078 0.195312 0.257812 0.162109 0.263672 0.183594 0.242188 0.216797 0.242188 0.216797 0.210938 0.216797 0.21875 0.208984 0.236328 0.207031 0.236328 0.207031 0.253906 0.177734 0.216797 0.191406 0.21875 0.208984
0 0.453125 0.208984 0.427734 0.203125 0.4375 0.162109 0.470703 0.171875 0.470703 0.191406 0.453125 0.208984 0.453125 0.208984 0.451172 0.199219 0.462891 0.179688 0.445312 0.169922 0.435547 0.1875 0.451172 0.199219 0.451172 0.199219
0 0.419922 0.273438 0.416016 0.304688 0.378906 0.341797 0.378906 0.341797 0.359375 0.341797 0.341797 0.324219 0.322266 0.261719 0.322266 0.234375 0.347656 0.205078 0.402344 0.216797 0.419922 0.273438 0.412109 0.277344 0.396484 0.226562 0.351562 0.216797 0.330078 0.253906 0.349609 0.316406 0.373047 0.332031 0.373047 0.332031 0.408203 0.296875 0.412109 0.277344
0 0.835938 0.216797 0.892578 0.246094 0.859375 0.294922 0.800781 0.318359 0.800781 0.318359 0.773438 0.318359 0.751953 0.296875 0.763672 0.257812 0.789062 0.232422 0.835938 0.216797 0.832031 0.224609 0.785156 0.248047 0.759766 0.289062 0.773438 0.306641 0.794922 0.308594 0.794922 0.308594 0.851562 0.287109 0.880859 0.25 0.832031 0.224609
0 0.0195312 0.294922 0.00195312 0.273438 0.00195312 0.253906 0.0234375 0.228516 0.0644531 0.242188 0.0644531 0.269531 0.046875 0.294922 0.046875 0.294922 0.0195312 0.294922 0.0273438 0.287109 0.0410156 0.285156 0.0410156 0.285156 0.0566406 0.25 0.03125 0.236328 0.00976562 0.265625 0.0273438 0.287109
0 0.248047 0.289062 0.251953 0.242188 0.269531 0.228516 0.298828 0.238281 0.306641 0.273438 0.298828 0.316406 0.285156 0.330078 0.285156 0.330078 0.255859 0.316406 0.248047 0.289062 0.255859 0.285156 0.263672 0.308594 0.283203 0.320312 0.283203 0.320312 0.298828 0.28125 0.291016 0.246094 0.277344 0.236328 0.259766 0.25 0.255859 0.285156
0 0.167969 0.384766 0.146484 0.351562 0.142578 0.296875 0.160156 0.275391 0.203125 0.287109 0.236328 0.320312 0.228516 0.367188 0.203125 0.384766 0.203125 0.384766 0.167969 0.384766 0.175781 0.376953 0.197266 0.375 0.197266 0.375 0.224609 0.355469 0.228516 0.328125 0.167969 0.283203 0.154297 0.292969 0.150391 0.332031 0.175781 0.376953
0 0.548828 0.328125 0.574219 0.294922 0.609375 0.298828 0.626953 0.316406 0.630859 0.351562 0.605469 0.380859 0.605469 0.380859 0.578125 0.376953 0.548828 0.328125 0.556641 0.324219 0.585938 0.369141 0.607422 0.367188 0.607422 0.367188 0.623047 0.34375 0.619141 0.320312 0.582031 0.302734 0.556641 0.324219
0 0.513672 0.328125 0.509766 0.367188 0.476562 0.419922 0.476562 0.419922 0.425781 0.416016 0.404297 0.382812 0.416016 0.34375 0.464844 0.306641 0.513672 0.328125 0.503906 0.333984 0.445312 0.330078 0.419922 0.355469 0.419922 0.394531 0.4375 0.412109 0.451172 0.410156 0.451172 0.410156 0.482422 0.394531 0.503906 0.333984
0 0.996094 0.388672 0.986328 0.367188 0.996094 0.302734 0.996094 0.388672
0 0.90625 0.435547 0.876953 0.40625 0.867188 0.310547 0.890625 0.310547 0.958984 0.351562 0.966797 0.417969 0.945312 0.435547 0.945312 0.435547 0.90625 0.435547 0.914062 0.427734 0.939453 0.425781 0.939453 0.425781 0.958984 0.410156 0.951172 0.367188 0.882812 0.322266 0.884766 0.398438 0.914062 0.427734
0 0.638672 0.398438 0.646484 0.347656 0.667969 0.330078 0.734375 0.318359 0.732422 0.359375 0.683594 0.408203 0.683594 0.408203 0.638672 0.398438 0.646484 0.390625 0.677734 0.398438 0.677734 0.398438 0.716797 0.367188 0.726562 0.326172 0.654297 0.355469 0.646484 0.390625
0 0.373047 0.375 0.369141 0.417969 0.347656 0.443359 0.347656 0.443359 0.332031 0.443359 0.294922 0.394531 0.298828 0.367188 0.332031 0.345703 0.355469 0.345703 0.373047 0.375 0.365234 0.382812 0.351562 0.361328 0.332031 0.357422 0.314453 0.371094 0.314453 0.398438 0.345703 0.421875 0.345703 0.421875 0.361328 0.410156 0.365234 0.382812
0 0.00585938 0.417969 0.015625 0.353516 0.046875 0.365234 0.0644531 0.386719 0.0605469 0.429688 0.0429688 0.447266 0.0429688 0.447266 0.0234375 0.443359 0.00585938 0.417969 0.0136719 0.414062 0.0410156 0.4375 0.0410156 0.4375 0.0566406 0.394531 0.0273438 0.365234 0.0136719 0.414062
0 0 0.392578 0 0.365234 0 0.392578
0 0.845703 0.382812 0.849609 0.410156 0.820312 0.443359 0.820312 0.443359 0.763672 0.425781 0.765625 0.376953 0.804688 0.365234 0.845703 0.382812 0.837891 0.386719 0.792969 0.373047 0.771484 0.386719 0.771484 0.417969 0.814453 0.433594 0.814453 0.433594 0.837891 0.410156 0.837891 0.386719
0 0.136719 0.396484 0.160156 0.400391 0.173828 0.417969 0.173828 0.457031 0.15625 0.478516 0.15625 0.478516 0.132812 0.478516 0.111328 0.4375 0.136719 0.396484 0.144531 0.404297 0.123047 0.4375 0.134766 0.464844 0.150391 0.46875 0.150391 0.46875 0.166016 0.449219 0.166016 0.425781 0.144531 0.404297
0 0.515625 0.423828 0.554688 0.431641 0.564453 0.453125 0.515625 0.482422 0.515625 0.482422 0.478516 0.476562 0.486328 0.441406 0.515625 0.423828 0.519531 0.431641 0.5 0.443359 0.486328 0.46875 0.509766 0.472656 0.509766 0.472656 0.552734 0.445312 0.519531 0.431641
0 0.230469 0.427734 0.261719 0.427734 0.279297 0.449219 0.279297 0.476562 0.234375 0.521484 0.234375 0.521484 0.214844 0.521484 0.197266 0.503906 0.193359 0.464844 0.230469 0.427734 0.234375 0.435547 0.201172 0.480469 0.208984 0.503906 0.228516 0.511719 0.228516 0.511719 0.271484 0.46875 0.253906 0.435547 0.234375 0.435547
0 0.0605469 0.515625 0.0605469 0.480469 0.101562 0.455078 0.107422 0.5 0.0859375 0.525391 0.0859375 0.525391 0.0605469 0.515625 0.0683594 0.511719 0.0800781 0.515625 0.0800781 0.515625 0.0996094 0.492188 0.09375 0.462891 0.0683594 0.484375 0.0683594 0.511719
0 0.740234 0.511719 0.765625 0.466797 0.833984 0.476562 0.833984 0.507812 0.804688 0.533203 0.804688 0.533203 0.761719 0.533203 0.740234 0.511719 0.748047 0.507812 0.769531 0.525391 0.798828 0.523438 0.798828 0.523438 0.826172 0.5 0.826172 0.484375 0.773438 0.474609 0.748047 0.507812
0 0.886719 0.599609 0.867188 0.599609 0.849609 0.578125 0.849609 0.515625 0.902344 0.470703 0.925781 0.474609 0.939453 0.519531 0.935547 0.566406 0.925781 0.583984 0.886719 0.599609 0.886719 0.599609 0.884766 0.589844 0.917969 0.576172 0.927734 0.558594 0.931641 0.527344 0.917969 0.482422 0.857422 0.53125 0.857422 0.570312 0.884766 0.589844 0.884766 0.589844
0 0.0390625 0.568359 0 0.554688 0 0.541016 0.0234375 0.560547 0.0371094 0.550781 0 0.478516 0.0371094 0.511719 0.0390625 0.568359
0 0.996094 0.544922 0.972656 0.541016 0.958984 0.523438 0.955078 0.484375 0.964844 0.474609 0.998047 0.488281 0.996094 0.501953 0.970703 0.488281 0.970703 0.515625 0.980469 0.533203 0.998047 0.535156 0.996094 0.544922
0 0.128906 0.591797 0.103516 0.585938 0.103516 0.546875 0.121094 0.513672 0.144531 0.509766 0.150391 0.570312 0.128906 0.591797 0.128906 0.591797 0.126953 0.582031 0.142578 0.5625 0.136719 0.517578 0.111328 0.554688 0.111328 0.578125 0.126953 0.582031 0.126953 0.582031
0 0.548828 0.589844 0.59375 0.568359 0.65625 0.564453 0.689453 0.601562 0.677734 0.667969 0.644531 0.701172 0.589844 0.712891 0.589844 0.712891 0.564453 0.699219 0.548828 0.589844 0.556641 0.597656 0.568359 0.679688 0.583984 0.703125 0.583984 0.703125 0.636719 0.693359 0.669922 0.660156 0.681641 0.609375 0.648438 0.572266 0.570312 0.583984 0.556641 0.597656
0 0.046875 0.638672 0.0195312 0.638672 0.00585938 0.625 0.00976562 0.601562 0.0234375 0.587891 0.0820312 0.583984 0.0839844 0.617188 0.046875 0.638672 0.046875 0.638672 0.0449219 0.628906 0.0800781 0.605469 0.0742188 0.591797 0.0273438 0.599609 0.0136719 0.613281 0.0273438 0.630859 0.0449219 0.628906 0.0449219 0.628906
0 0.380859 0.628906 0.359375 0.646484 0.359375 0.646484 0.277344 0.634766 0.275391 0.597656 0.320312 0.576172 0.363281 0.580078 0.380859 0.601562 0.380859 0.628906 0.373047 0.625 0.373047 0.609375 0.347656 0.583984 0.300781 0.591797 0.279297 0.613281 0.300781 0.634766 0.353516 0.636719 0.353516 0.636719 0.373047 0.625
0 0.976562 0.693359 0.960938 0.693359 0.931641 0.652344 0.935547 0.613281 0.957031 0.580078 0.998047 0.597656 0.996094 0.615234 0.964844 0.587891 0.939453 0.632812 0.96875 0.685547 0.998047 0.660156 0.976562 0.693359
0 0.46875 0.654297 0.427734 0.628906 0.449219 0.595703 0.480469 0.595703 0.498047 0.613281 0.488281 0.619141 0.457031 0.603516 0.439453 0.617188 0.457031 0.638672 0.472656 0.638672 0.486328 0.621094 0.486328 0.640625 0.46875 0.654297
0 0.806641 0.675781 0.769531 0.705078 0.769531 0.705078 0.726562 0.705078 0.720703 0.671875 0.777344 0.607422 0.806641 0.640625 0.806641 0.675781 0.798828 0.671875 0.798828 0.648438 0.777344 0.623047 0.740234 0.652344 0.728516 0.679688 0.734375 0.697266 0.763672 0.695312 0.763672 0.695312 0.798828 0.671875
0 0.400391 0.773438 0.431641 0.703125 0.46875 0.693359 0.511719 0.716797 0.525391 0.75 0.517578 0.777344 0.457031 0.833984 0.457031 0.833984 0.4375 0.833984 0.412109 0.8125 0.400391 0.773438 0.408203 0.777344 0.423828 0.8125 0.455078 0.824219 0.455078 0.824219 0.513672 0.765625 0.513672 0.734375 0.460938 0.701172 0.423828 0.730469 0.408203 0.777344
0 0.279297 0.785156 0.271484 0.738281 0.292969 0.708984 0.351562 0.720703 0.380859 0.746094 0.380859 0.800781 0.367188 0.822266 0.367188 0.822266 0.335938 0.818359 0.279297 0.785156 0.287109 0.777344 0.357422 0.8125 0.357422 0.8125 0.365234 0.746094 0.300781 0.716797 0.279297 0.746094 0.287109 0.777344
0 0.953125 0.849609 0.916016 0.84375 0.908203 0.761719 0.976562 0.736328 0.998047 0.753906 0.996094 0.767578 0.96875 0.744141 0.916016 0.769531 0.925781 0.841797 0.960938 0.837891 0.998047 0.808594 0.980469 0.837891 0.953125 0.849609
0 0.576172 0.8125 0.564453 0.769531 0.578125 0.748047 0.609375 0.740234 0.638672 0.757812 0.642578 0.808594 0.632812 0.822266 0.632812 0.822266 0.576172 0.8125 0.583984 0.804688 0.626953 0.8125 0.626953 0.8125 0.630859 0.765625 0.601562 0.748047 0.585938 0.755859 0.583984 0.804688
0 0.662109 0.800781 0.669922 0.761719 0.703125 0.740234 0.720703 0.75 0.732422 0.789062 0.732422 0.8125 0.707031 0.837891 0.707031 0.837891 0.679688 0.837891 0.662109 0.800781 0.669922 0.796875 0.681641 0.824219 0.701172 0.828125 0.701172 0.828125 0.716797 0.8125 0.712891 0.78125 0.6875 0.759766 0.669922 0.796875
0 0.210938 0.865234 0.183594 0.861328 0.154297 0.8125 0.160156 0.802734 0.195312 0.857422 0.220703 0.84375 0.228516 0.796875 0.210938 0.775391 0.1875 0.767578 0.162109 0.800781 0.1875 0.755859 0.21875 0.767578 0.236328 0.789062 0.232422 0.84375 0.210938 0.865234
0 0.0976562 0.892578 0.078125 0.892578 0.0605469 0.867188 0.0605469 0.828125 0.0859375 0.806641 0.115234 0.824219 0.115234 0.871094 0.0976562 0.892578 0.0976562 0.892578 0.0957031 0.882812 0.107422 0.832031 0.0820312 0.818359 0.0683594 0.859375 0.0859375 0.884766 0.0957031 0.882812 0.0957031 0.882812
0 0.761719 0.814453 0.800781 0.814453 0.830078 0.839844 0.837891 0.890625 0.8125 0.912109 0.8125 0.912109 0.785156 0.912109 0.755859 0.882812 0.751953 0.824219 0.761719 0.814453 0.765625 0.822266 0.763672 0.875 0.792969 0.904297 0.810547 0.902344 0.810547 0.902344 0.810547 0.835938 0.792969 0.822266 0.765625 0.822266
0 0.554688 0.912109 0.46875 0.900391 0.466797 0.859375 0.496094 0.837891 0.574219 0.845703 0.583984 0.878906 0.554688 0.912109 0.554688 0.912109 0.552734 0.902344 0.576172 0.871094 0.566406 0.853516 0.507812 0.845703 0.474609 0.867188 0.480469 0.896484 0.552734 0.902344 0.552734 0.902344
0 0.332031 0.857422 0.341797 0.871094 0.3125 0.916016 0.3125 0.916016 0.283203 0.894531 0.300781 0.853516 0.332031 0.857422 0.324219 0.865234 0.304688 0.865234 0.291016 0.882812 0.300781 0.904297 0.314453 0.902344 0.314453 0.902344 0.330078 0.882812 0.324219 0.865234
0 0.734375 0.892578 0.759766 0.910156 0.771484 0.964844 0.757812 0.978516 0.757812 0.978516 0.707031 0.974609 0.693359 0.960938 0.685547 0.914062 0.695312 0.900391 0.734375 0.892578 0.730469 0.900391 0.703125 0.908203 0.697266 0.949219 0.714844 0.966797 0.751953 0.96875 0.751953 0.96875 0.763672 0.957031 0.755859 0.921875 0.730469 0.900391
0 0.242188 0.998047 0.228516 0.996094 0.248047 0.976562 0.251953 0.945312 0.230469 0.916016 0.185547 0.957031 0.191406 0.998047 0.173828 0.96875 0.181641 0.933594 0.21875 0.908203 0.238281 0.908203 0.259766 0.9375 0.259766 0.972656 0.242188 0.998047
0 0.949219 0.998047 0.931641 0.984375 0.935547 0.949219 0.964844 0.912109 0.996094 0.916016 0.947266 0.949219 0.939453 0.976562 0.949219 0.998047
0 0.402344 0.998047 0.369141 0.996094 0.373047 0.957031 0.359375 0.943359 0.308594 0.962891 0.285156 0.998047 0.275391 0.992188 0.300781 0.955078 0.382812 0.927734 0.400391 0.953125 0.402344 0.998047
0 0.828125 0.998047 0.818359 0.996094 0.830078 0.964844 0.8125 0.955078 0.777344 0.998047 0.771484 0.980469 0.816406 0.943359 0.837891 0.957031 0.828125 0.998047
0 0.539062 0.998047 0.511719 0.974609 0.480469 0.966797 0.449219 0.998047 0.431641 0.996094 0.472656 0.955078 0.519531 0.966797 0.539062 0.998047
0 0.0625 0.998047 0.0273438 0.966797 0 0.990234 0 0.96875 0.0429688 0.958984 0.0625 0.998047
