0 0.171875 0.103516 0.148438 0.0957031 0.123047 0.0546875 0.119141 0.015625 0.132812 0 0.142578 0 0.126953 0.0195312 0.130859 0.0507812 0.160156 0.0917969 0.205078 0.0664062 0.208984 0.0429688 0.177734 0 0.191406 0 0.216797 0.0351562 0.208984 0.078125 0.171875 0.103516
0 0.371094 0.0722656 0.289062 0.0605469 0.251953 0.0234375 0.255859 0 0.267578 0 0.267578 0.0273438 0.300781 0.0566406 0.355469 0.0605469 0.380859 0.0429688 0.380859 0.0273438 0.353516 0.00390625 0.363281 0 0.388672 0.0234375 0.388672 0.0546875 0.371094 0.0722656
0 0.859375 0.00195312 0.925781 0.00195312 0.962891 0.046875 0.966797 0.0703125 0.941406 0.115234 0.941406 0.115234 0.878906 0.103516 0.845703 0.0703125 0.841797 0.0390625 0.859375 0.00195312 0.871094 0.00585938 0.853516 0.03125 0.857422 0.0546875 0.894531 0.0839844 0.927734 0.0859375 0.927734 0.0859375 0.943359 0.0703125 0.939453 0.0546875 0.898438 0.0136719 0.871094 0.00585938
0 0.0507812 0.0917969 0.0117188 0.0917969 0 0.078125 0.0429688 0.0839844 0.0761719 0.03125 0.0546875 0.0175781 0 0.0253906 0 0.0136719 0.0625 0.00976562 0.0800781 0.0195312 0.0839844 0.0429688 0.0507812 0.0917969
0 0.693359 0.0820312 0.710938 0.0605469 0.767578 0.0664062 0.738281 0.107422 0.738281 0.107422 0.693359 0.105469 0.693359 0.0820312 0.701172 0.0898438 0.703125 0.0996094 0.732422 0.0976562 0.732422 0.0976562 0.753906 0.0683594 0.730469 0.0644531 0.701172 0.0898438
0 0.0234375 0.259766 0.00195312 0.238281 0 0.214844 0.0234375 0.248047 0.0722656 0.199219 0.0761719 0.160156 0.0585938 0.126953 0.0273438 0.126953 0 0.150391 0 0.136719 0.0234375 0.119141 0.0625 0.119141 0.0839844 0.152344 0.0839844 0.199219 0.0234375 0.259766
0 0.212891 0.207031 0.25 0.146484 0.292969 0.138672 0.330078 0.171875 0.326172 0.210938 0.308594 0.240234 0.257812 0.263672 0.257812 0.263672 0.212891 0.246094 0.212891 0.207031 0.220703 0.210938 0.230469 0.248047 0.271484 0.25 0.271484 0.25 0.310547 0.222656 0.322266 0.1875 0.322266 0.175781 0.285156 0.146484 0.257812 0.154297 0.220703 0.210938
0 0.179688 0.158203 0.197266 0.179688 0.197266 0.214844 0.164062 0.259766 0.164062 0.259766 0.140625 0.255859 0.123047 0.234375 0.123047 0.203125 0.15625 0.158203 0.179688 0.158203 0.175781 0.166016 0.158203 0.167969 0.130859 0.210938 0.134766 0.234375 0.162109 0.25 0.162109 0.25 0.189453 0.207031 0.175781 0.166016
0 0.00195312 0.390625 0 0.324219 0.015625 0.298828 0.0839844 0.324219 0.0957031 0.386719 0.0625 0.423828 0.0625 0.423828 0.03125 0.416016 0.00195312 0.390625 0.00976562 0.382812 0.0234375 0.400391 0.0566406 0.40625 0.0566406 0.40625 0.0839844 0.386719 0.0839844 0.355469 0.0742188 0.330078 0.0273438 0.310547 0.00976562 0.335938 0.00976562 0.382812
0 0.337891 0.320312 0.332031 0.357422 0.332031 0.357422 0.3125 0.353516 0.298828 0.332031 0.304688 0.294922 0.328125 0.302734 0.337891 0.320312 0.330078 0.324219 0.308594 0.306641 0.310547 0.335938 0.326172 0.347656 0.326172 0.347656 0.330078 0.324219
0 0.447266 0.433594 0.421875 0.447266 0.421875 0.447266 0.378906 0.439453 0.365234 0.417969 0.365234 0.390625 0.398438 0.353516 0.433594 0.353516 0.455078 0.390625 0.447266 0.433594 0.439453 0.429688 0.447266 0.40625 0.425781 0.361328 0.373047 0.398438 0.386719 0.431641 0.419922 0.4375 0.419922 0.4375 0.439453 0.429688
0 0.03125 0.513672 0 0.507812 0.0546875 0.498047 0.0839844 0.464844 0.0546875 0.443359 0.0195312 0.439453 0 0.451172 0 0.441406 0.0429688 0.431641 0.078125 0.443359 0.0917969 0.457031 0.0878906 0.484375 0.03125 0.513672
0 0.138672 0.5 0.152344 0.447266 0.175781 0.443359 0.228516 0.480469 0.232422 0.515625 0.203125 0.537109 0.203125 0.537109 0.179688 0.537109 0.138672 0.5 0.146484 0.492188 0.171875 0.521484 0.197266 0.527344 0.197266 0.527344 0.224609 0.496094 0.167969 0.451172 0.146484 0.492188
0 0.462891 0.566406 0.484375 0.490234 0.515625 0.490234 0.560547 0.539062 0.556641 0.585938 0.519531 0.619141 0.519531 0.619141 0.462891 0.566406 0.470703 0.558594 0.511719 0.607422 0.525391 0.605469 0.525391 0.605469 0.548828 0.578125 0.548828 0.539062 0.507812 0.498047 0.492188 0.498047 0.470703 0.558594
0 0.03125 0.556641 0.0585938 0.560547 0.0761719 0.585938 0.0761719 0.617188 0.0546875 0.642578 0.0546875 0.642578 0.0390625 0.638672 0.0253906 0.613281 0.03125 0.556641 0.0390625 0.564453 0.0292969 0.589844 0.0527344 0.628906 0.0527344 0.628906 0.0683594 0.59375 0.0390625 0.564453
0 0.375 0.673828 0.330078 0.652344 0.322266 0.609375 0.351562 0.564453 0.427734 0.578125 0.447266 0.644531 0.410156 0.673828 0.410156 0.673828 0.375 0.673828 0.378906 0.666016 0.404297 0.664062 0.404297 0.664062 0.439453 0.636719 0.423828 0.589844 0.402344 0.576172 0.351562 0.576172 0.330078 0.613281 0.337891 0.644531 0.378906 0.666016
0 0.212891 0.644531 0.214844 0.599609 0.251953 0.597656 0.265625 0.662109 0.265625 0.662109 0.238281 0.662109 0.212891 0.644531 0.220703 0.636719 0.259766 0.652344 0.259766 0.652344 0.251953 0.613281 0.222656 0.607422 0.220703 0.636719
0 0.0917969 0.667969 0.0839844 0.632812 0.105469 0.607422 0.160156 0.607422 0.177734 0.625 0.193359 0.652344 0.193359 0.683594 0.164062 0.693359 0.164062 0.693359 0.136719 0.693359 0.0917969 0.667969 0.0996094 0.660156 0.158203 0.683594 0.158203 0.683594 0.177734 0.664062 0.173828 0.640625 0.152344 0.615234 0.113281 0.615234 0.0996094 0.660156
0 0 0.658203 0 0.638672 0 0.658203
0 0.53125 0.783203 0.507812 0.783203 0.482422 0.761719 0.478516 0.691406 0.523438 0.662109 0.605469 0.685547 0.615234 0.714844 0.587891 0.761719 0.53125 0.783203 0.53125 0.783203 0.529297 0.773438 0.580078 0.753906 0.607422 0.707031 0.597656 0.693359 0.519531 0.673828 0.486328 0.699219 0.490234 0.753906 0.507812 0.771484 0.529297 0.773438 0.529297 0.773438
0 0.265625 0.748047 0.203125 0.740234 0.193359 0.730469 0.201172 0.699219 0.234375 0.673828 0.285156 0.689453 0.298828 0.710938 0.265625 0.748047 0.265625 0.748047 0.259766 0.738281 0.287109 0.710938 0.261719 0.689453 0.226562 0.689453 0.201172 0.71875 0.230469 0.740234 0.259766 0.738281 0.259766 0.738281
0 0.318359 0.742188 0.34375 0.708984 0.421875 0.708984 0.423828 0.757812 0.367188 0.806641 0.367188 0.806641 0.322266 0.792969 0.318359 0.742188 0.326172 0.746094 0.326172 0.78125 0.347656 0.798828 0.365234 0.796875 0.365234 0.796875 0.416016 0.753906 0.414062 0.716797 0.382812 0.712891 0.339844 0.728516 0.326172 0.746094
0 0.03125 0.791016 0 0.785156 0 0.775391 0.0234375 0.783203 0.0332031 0.769531 0.0253906 0.742188 0 0.734375 0.00390625 0.708984 0.0175781 0.710938 0.0410156 0.75 0.03125 0.791016
0 0.230469 0.775391 0.246094 0.775391 0.283203 0.820312 0.271484 0.855469 0.242188 0.873047 0.242188 0.873047 0.208984 0.855469 0.201172 0.828125 0.205078 0.789062 0.230469 0.775391 0.238281 0.783203 0.212891 0.800781 0.212891 0.832031 0.248047 0.859375 0.248047 0.859375 0.267578 0.839844 0.267578 0.8125 0.238281 0.783203
0 0.121094 0.857422 0.09375 0.857422 0.0429688 0.833984 0.0332031 0.8125 0.0625 0.783203 0.105469 0.779297 0.146484 0.820312 0.142578 0.847656 0.121094 0.857422 0.121094 0.857422 0.115234 0.847656 0.134766 0.832031 0.0898438 0.791016 0.0449219 0.816406 0.0625 0.833984 0.115234 0.847656 0.115234 0.847656
0 0.703125 0.916016 0.636719 0.912109 0.609375 0.896484 0.595703 0.882812 0.599609 0.824219 0.632812 0.802734 0.703125 0.810547 0.732422 0.878906 0.703125 0.916016 0.703125 0.916016 0.701172 0.90625 0.720703 0.882812 0.695312 0.818359 0.640625 0.810547 0.607422 0.832031 0.609375 0.884766 0.644531 0.904297 0.701172 0.90625 0.701172 0.90625
0 0.929688 0.806641 0.947266 0.824219 0.943359 0.894531 0.917969 0.916016 0.917969 0.916016 0.875 0.908203 0.857422 0.890625 0.865234 0.839844 0.902344 0.806641 0.929688 0.806641 0.925781 0.814453 0.910156 0.826172 0.898438 0.818359 0.865234 0.859375 0.873047 0.886719 0.904297 0.898438 0.904297 0.898438 0.939453 0.855469 0.925781 0.814453
0 0.306641 0.859375 0.335938 0.822266 0.378906 0.818359 0.392578 0.832031 0.392578 0.882812 0.359375 0.916016 0.359375 0.916016 0.328125 0.916016 0.310547 0.902344 0.306641 0.859375 0.314453 0.867188 0.326172 0.902344 0.353516 0.90625 0.353516 0.90625 0.384766 0.875 0.384766 0.839844 0.371094 0.826172 0.332031 0.837891 0.314453 0.867188
0 0.496094 0.818359 0.523438 0.818359 0.552734 0.859375 0.541016 0.902344 0.519531 0.919922 0.519531 0.919922 0.492188 0.919922 0.455078 0.894531 0.470703 0.832031 0.496094 0.818359 0.5 0.826172 0.478516 0.839844 0.466797 0.894531 0.513672 0.910156 0.513672 0.910156 0.544922 0.867188 0.515625 0.826172 0.5 0.826172
0 0.0273438 0.939453 0 0.939453 0 0.929688 0.0234375 0.931641 0.0527344 0.882812 0.0234375 0.857422 0 0.869141 0 0.849609 0.03125 0.849609 0.0605469 0.875 0.0527344 0.914062 0.0273438 0.939453
0 0.191406 0.962891 0.132812 0.962891 0.0996094 0.949219 0.125 0.876953 0.191406 0.869141 0.208984 0.882812 0.224609 0.933594 0.191406 0.962891 0.191406 0.962891 0.185547 0.953125 0.205078 0.929688 0.216797 0.925781 0.214844 0.916016 0.216797 0.925781 0.216797 0.925781 0.205078 0.929688 0.199219 0.892578 0.148438 0.884766 0.119141 0.902344 0.113281 0.947266 0.185547 0.953125 0.185547 0.953125
0 0.740234 0.949219 0.736328 0.90625 0.753906 0.884766 0.773438 0.884766 0.802734 0.917969 0.806641 0.957031 0.792969 0.970703 0.792969 0.970703 0.765625 0.970703 0.740234 0.949219 0.748047 0.945312 0.787109 0.960938 0.787109 0.960938 0.798828 0.933594 0.761719 0.892578 0.748047 0.90625 0.748047 0.945312
0 0.445312 0.943359 0.412109 0.9375 0.396484 0.914062 0.402344 0.892578 0.455078 0.917969 0.445312 0.943359 0.445312 0.943359 0.443359 0.933594 0.4375 0.912109 0.404297 0.902344 0.421875 0.931641 0.443359 0.933594 0.443359 0.933594
0 0.292969 0.998047 0.279297 0.996094 0.298828 0.96875 0.289062 0.947266 0.255859 0.976562 0.263672 0.996094 0.248047 0.996094 0.248047 0.972656 0.277344 0.939453 0.296875 0.939453 0.306641 0.953125 0.292969 0.998047
0 0.322266 0.957031 0.34375 0.943359 0.367188 0.947266 0.376953 0.960938 0.371094 0.990234 0.371094 0.990234 0.332031 0.986328 0.322266 0.957031 0.330078 0.964844 0.347656 0.982422 0.365234 0.980469 0.365234 0.980469 0.369141 0.96875 0.351562 0.951172 0.330078 0.964844
0 0.667969 0.998047 0.654297 0.996094 0.669922 0.984375 0.660156 0.958984 0.574219 0.970703 0.560547 0.980469 0.566406 0.998047 0.552734 0.996094 0.552734 0.976562 0.597656 0.955078 0.664062 0.951172 0.681641 0.980469 0.667969 0.998047
0 0.117188 0.998047 0.0898438 0.982422 0.0429688 0.998047 0.0214844 0.992188 0.0976562 0.974609 0.117188 0.998047
0 0.53125 0.998047 0.515625 0.986328 0.478516 0.996094 0.492188 0.978516 0.523438 0.978516 0.53125 0.998047
0 0.429688 0.998047 0.384766 0.996094 0.429688 0.986328 0.429688 0.998047
