0 0.847656 0.279297 0.824219 0.263672 0.783203 0.207031 0.783203 0.183594 0.894531 0.181641 0.892578 0.265625 0.882812 0.279297 0.882812 0.279297 0.847656 0.279297 0.851562 0.271484 0.876953 0.269531 0.876953 0.269531 0.886719 0.189453 0.794922 0.191406 0.802734 0.222656 0.832031 0.255859 0.851562 0.271484
0 0.0507812 0.306641 0.0175781 0.269531 0.0136719 0.214844 0.0273438 0.189453 0.105469 0.197266 0.134766 0.21875 0.134766 0.273438 0.119141 0.3125 0.105469 0.318359 0.105469 0.318359 0.0507812 0.306641 0.0625 0.291016 0.103516 0.292969 0.103516 0.292969 0.115234 0.257812 0.107422 0.226562 0.0390625 0.212891 0.0332031 0.226562 0.0527344 0.257812 0.0488281 0.277344 0.0625 0.291016
0 0.556641 0.230469 0.572266 0.277344 0.542969 0.298828 0.542969 0.298828 0.503906 0.298828 0.470703 0.265625 0.462891 0.230469 0.488281 0.193359 0.556641 0.230469 0.544922 0.25 0.496094 0.224609 0.486328 0.242188 0.517578 0.277344 0.517578 0.277344 0.546875 0.275391 0.544922 0.25
0 0.763672 0.230469 0.759766 0.277344 0.722656 0.294922 0.722656 0.294922 0.699219 0.287109 0.666016 0.25 0.666016 0.230469 0.714844 0.193359 0.75 0.208984 0.763672 0.230469 0.755859 0.234375 0.730469 0.205078 0.710938 0.205078 0.677734 0.25 0.710938 0.283203 0.724609 0.28125 0.724609 0.28125 0.751953 0.269531 0.755859 0.234375
0 0.96875 0.330078 0.941406 0.326172 0.916016 0.296875 0.923828 0.269531 0.949219 0.251953 0.976562 0.251953 0.998047 0.269531 0.996094 0.279297 0.957031 0.259766 0.923828 0.292969 0.957031 0.322266 0.998047 0.3125 0.96875 0.330078
0 0.642578 0.308594 0.65625 0.294922 0.689453 0.304688 0.697266 0.347656 0.6875 0.357422 0.6875 0.357422 0.660156 0.357422 0.642578 0.335938 0.642578 0.308594 0.650391 0.316406 0.654297 0.339844 0.681641 0.347656 0.681641 0.347656 0.681641 0.3125 0.660156 0.306641 0.650391 0.316406
0 0.861328 0.304688 0.878906 0.294922 0.902344 0.302734 0.927734 0.324219 0.921875 0.353516 0.921875 0.353516 0.859375 0.337891 0.861328 0.304688 0.869141 0.3125 0.869141 0.332031 0.882812 0.341797 0.916016 0.34375 0.916016 0.34375 0.919922 0.332031 0.894531 0.310547 0.869141 0.3125
0 0.716797 0.363281 0.720703 0.335938 0.732422 0.335938 0.746094 0.302734 0.78125 0.310547 0.810547 0.355469 0.810547 0.386719 0.78125 0.423828 0.78125 0.423828 0.746094 0.408203 0.716797 0.363281 0.775391 0.394531 0.740234 0.363281 0.757812 0.333984 0.783203 0.355469 0.753906 0.416016 0.779297 0.457031 0.767578 0.457031 0.761719 0.443359 0.728516 0.441406 0.738281 0.462891 0.755859 0.460938 0.755859 0.460938 0.767578 0.457031 0.779297 0.457031 0.742188 0.474609 0.742188 0.474609 0.724609 0.46875 0.716797 0.429688 0.753906 0.416016 0.783203 0.355469 0.775391 0.394531 0.775391 0.394531
0 0.144531 0.326172 0.197266 0.332031 0.193359 0.378906 0.171875 0.388672 0.171875 0.388672 0.142578 0.375 0.144531 0.326172 0.164062 0.341797 0.166016 0.363281 0.166016 0.363281 0.177734 0.347656 0.164062 0.341797
0 0 0.40625 0.00390625 0.330078 0.078125 0.349609 0.0957031 0.375 0.0839844 0.421875 0.0585938 0.435547 0.0585938 0.435547 0.03125 0.431641 0 0.40625 0.0136719 0.390625 0.0429688 0.412109 0.0605469 0.410156 0.0605469 0.410156 0.0683594 0.375 0.046875 0.361328 0.015625 0.361328 0.0136719 0.390625
0 0.236328 0.333984 0.00390625 0.00390625
0 0.212891 0.421875 0.212891 0.359375 0.246094 0.333984 0.296875 0.345703 0.306641 0.378906 0.291016 0.421875 0.246094 0.443359 0.246094 0.443359 0.212891 0.421875 0.232422 0.410156 0.255859 0.421875 0.255859 0.421875 0.283203 0.371094 0.246094 0.357422 0.228516 0.378906 0.232422 0.410156
0 0.546875 0.333984 0.564453 0.367188 0.564453 0.390625 0.539062 0.423828 0.539062 0.423828 0.507812 0.412109 0.501953 0.398438 0.501953 0.355469 0.523438 0.330078 0.546875 0.333984 0.539062 0.353516 0.527344 0.353516 0.521484 0.371094 0.533203 0.394531 0.533203 0.394531 0.539062 0.353516
0 0.923828 0.371094 0.964844 0.337891 0.978516 0.351562 0.978516 0.390625 0.957031 0.412109 0.957031 0.412109 0.927734 0.394531 0.923828 0.371094 0.931641 0.378906 0.941406 0.396484 0.958984 0.398438 0.958984 0.398438 0.970703 0.382812 0.960938 0.349609 0.931641 0.378906
0 0.583984 0.394531 0.580078 0.371094 0.597656 0.353516 0.628906 0.353516 0.642578 0.359375 0.638672 0.414062 0.601562 0.458984 0.601562 0.458984 0.572266 0.445312 0.572266 0.398438 0.583984 0.394531 0.591797 0.417969 0.603516 0.433594 0.603516 0.433594 0.623047 0.382812 0.613281 0.376953 0.591797 0.417969
0 0.886719 0.451172 0.859375 0.451172 0.830078 0.433594 0.822266 0.378906 0.84375 0.357422 0.882812 0.369141 0.919922 0.402344 0.912109 0.4375 0.886719 0.451172 0.886719 0.451172 0.884766 0.429688 0.896484 0.40625 0.855469 0.380859 0.849609 0.417969 0.884766 0.429688 0.884766 0.429688
0 0.388672 0.40625 0.404297 0.449219 0.386719 0.478516 0.386719 0.478516 0.337891 0.457031 0.322266 0.421875 0.335938 0.396484 0.388672 0.40625 0.376953 0.425781 0.351562 0.419922 0.365234 0.453125 0.380859 0.453125 0.380859 0.453125 0.376953 0.425781
0 0.419922 0.433594 0.4375 0.388672 0.464844 0.388672 0.478516 0.410156 0.474609 0.4375 0.453125 0.458984 0.453125 0.458984 0.419922 0.433594 0.439453 0.417969 0.447266 0.429688 0.447266 0.429688 0.453125 0.412109 0.439453 0.417969
0 0.208984 0.416016 0.00390625 0.00390625
0 0.0234375 0.478516 0 0.46875 0 0.427734 0.0410156 0.449219 0.0449219 0.464844 0.0234375 0.478516
0 0.0917969 0.488281 0.0917969 0.457031 0.105469 0.443359 0.128906 0.439453 0.193359 0.472656 0.185547 0.515625 0.167969 0.521484 0.167969 0.521484 0.125 0.513672 0.0917969 0.488281 0.113281 0.478516 0.162109 0.496094 0.162109 0.496094 0.164062 0.478516 0.115234 0.464844 0.113281 0.478516
0 0.654297 0.519531 0.650391 0.496094 0.666016 0.445312 0.6875 0.443359 0.712891 0.460938 0.716797 0.488281 0.705078 0.523438 0.675781 0.537109 0.675781 0.537109 0.654297 0.519531 0.673828 0.511719 0.685547 0.511719 0.685547 0.511719 0.691406 0.466797 0.673828 0.480469 0.673828 0.511719
0 0.880859 0.542969 0.880859 0.476562 0.898438 0.458984 0.945312 0.455078 0.978516 0.484375 0.974609 0.515625 0.949219 0.552734 0.921875 0.564453 0.921875 0.564453 0.880859 0.542969 0.900391 0.535156 0.919922 0.539062 0.919922 0.539062 0.955078 0.507812 0.951172 0.484375 0.933594 0.474609 0.904297 0.480469 0.900391 0.535156
0 0.828125 0.521484 0.798828 0.511719 0.808594 0.458984 0.828125 0.458984 0.837891 0.476562 0.828125 0.521484 0.828125 0.521484 0.826172 0.511719 0.830078 0.484375 0.816406 0.466797 0.810547 0.511719 0.826172 0.511719 0.826172 0.511719
0 0.123047 0.474609 0.00390625 0.00390625
0 0.541016 0.503906 0.541016 0.558594 0.511719 0.572266 0.511719 0.572266 0.458984 0.542969 0.453125 0.478516 0.511719 0.474609 0.541016 0.503906 0.517578 0.507812 0.480469 0.494141 0.474609 0.523438 0.503906 0.544922 0.521484 0.542969 0.521484 0.542969 0.517578 0.507812
0 0.574219 0.478516 0.609375 0.478516 0.626953 0.496094 0.630859 0.539062 0.613281 0.552734 0.613281 0.552734 0.582031 0.548828 0.552734 0.511719 0.574219 0.478516 0.582031 0.498047 0.583984 0.515625 0.603516 0.53125 0.603516 0.53125 0.607422 0.511719 0.582031 0.498047
0 0.292969 0.490234 0.357422 0.488281 0.357422 0.554688 0.335938 0.568359 0.335938 0.568359 0.279297 0.550781 0.275391 0.523438 0.292969 0.490234 0.302734 0.511719 0.300781 0.537109 0.337891 0.539062 0.337891 0.539062 0.335938 0.501953 0.302734 0.511719
0 0.00585938 0.511719 0.0234375 0.498047 0.0546875 0.505859 0.103516 0.542969 0.0957031 0.585938 0.0703125 0.615234 0.0703125 0.615234 0.046875 0.603516 0.00585938 0.550781 0.00585938 0.511719 0.0273438 0.521484 0.0292969 0.546875 0.0683594 0.589844 0.0683594 0.589844 0.0800781 0.550781 0.0273438 0.521484
0 0.783203 0.535156 0.769531 0.552734 0.769531 0.552734 0.75 0.552734 0.740234 0.535156 0.757812 0.498047 0.783203 0.507812 0.783203 0.535156 0.775391 0.53125 0.769531 0.509766 0.751953 0.519531 0.751953 0.539062 0.763672 0.542969 0.763672 0.542969 0.775391 0.53125
0 0.140625 0.580078 0.123047 0.570312 0.119141 0.550781 0.132812 0.529297 0.152344 0.529297 0.169922 0.550781 0.166016 0.566406 0.140625 0.580078
0 0.410156 0.615234 0.371094 0.611328 0.365234 0.589844 0.398438 0.556641 0.431641 0.566406 0.431641 0.589844 0.410156 0.615234 0.410156 0.615234 0.404297 0.59375 0.392578 0.589844 0.404297 0.59375 0.404297 0.59375
0 0.615234 0.578125 0.619141 0.609375 0.605469 0.634766 0.574219 0.642578 0.574219 0.642578 0.548828 0.585938 0.566406 0.564453 0.597656 0.560547 0.615234 0.578125 0.599609 0.59375 0.574219 0.587891 0.587891 0.617188 0.587891 0.617188 0.599609 0.59375
0 0.810547 0.625 0.810547 0.597656 0.824219 0.568359 0.847656 0.564453 0.861328 0.570312 0.861328 0.597656 0.835938 0.630859 0.835938 0.630859 0.810547 0.625 0.818359 0.621094 0.830078 0.621094 0.830078 0.621094 0.853516 0.59375 0.851562 0.576172 0.839844 0.572266 0.822266 0.589844 0.818359 0.621094
0 0.667969 0.650391 0.638672 0.636719 0.638672 0.597656 0.679688 0.568359 0.705078 0.601562 0.697266 0.628906 0.667969 0.650391 0.667969 0.650391 0.666016 0.628906 0.681641 0.609375 0.675781 0.591797 0.662109 0.601562 0.666016 0.628906 0.666016 0.628906
0 0.476562 0.611328 0.503906 0.580078 0.525391 0.59375 0.529297 0.648438 0.517578 0.675781 0.492188 0.693359 0.492188 0.693359 0.451172 0.679688 0.447266 0.621094 0.476562 0.611328 0.488281 0.607422 0.486328 0.628906 0.470703 0.632812 0.470703 0.664062 0.490234 0.671875 0.490234 0.671875 0.505859 0.648438 0.503906 0.607422 0.488281 0.607422
0 0.771484 0.605469 0.771484 0.628906 0.757812 0.642578 0.757812 0.642578 0.728516 0.636719 0.738281 0.591797 0.771484 0.605469 0.763672 0.609375 0.746094 0.599609 0.736328 0.628906 0.751953 0.632812 0.751953 0.632812 0.763672 0.609375
0 0.996094 0.673828 0.986328 0.660156 0.996094 0.595703 0.996094 0.673828
0 0.169922 0.625 0.158203 0.617188 0.164062 0.603516 0.203125 0.603516 0.232422 0.625 0.236328 0.648438 0.214844 0.681641 0.214844 0.681641 0.173828 0.664062 0.162109 0.636719 0.169922 0.625 0.191406 0.626953 0.208984 0.65625 0.208984 0.65625 0.212891 0.636719 0.191406 0.626953
0 0.289062 0.599609 0.337891 0.621094 0.337891 0.652344 0.308594 0.693359 0.308594 0.693359 0.28125 0.689453 0.263672 0.660156 0.271484 0.613281 0.289062 0.599609 0.300781 0.619141 0.287109 0.636719 0.287109 0.664062 0.298828 0.667969 0.298828 0.667969 0.314453 0.640625 0.300781 0.619141
0 0.923828 0.621094 0.927734 0.640625 0.894531 0.681641 0.894531 0.681641 0.878906 0.681641 0.861328 0.65625 0.865234 0.625 0.890625 0.599609 0.923828 0.621094 0.902344 0.626953 0.888672 0.628906 0.892578 0.65625 0.892578 0.65625 0.902344 0.626953
0 0.71875 0.650391 0.740234 0.65625 0.734375 0.689453 0.734375 0.689453 0.712891 0.679688 0.71875 0.650391 0.726562 0.658203 0.728516 0.679688 0.728516 0.679688 0.726562 0.658203
0 0.396484 0.710938 0.380859 0.675781 0.386719 0.662109 0.429688 0.658203 0.439453 0.667969 0.451172 0.699219 0.4375 0.724609 0.4375 0.724609 0.396484 0.710938 0.412109 0.699219 0.427734 0.703125 0.427734 0.703125 0.414062 0.677734 0.412109 0.699219
0 0.953125 0.658203 0.976562 0.662109 0.998047 0.699219 0.998047 0.742188 0.96875 0.755859 0.96875 0.755859 0.939453 0.738281 0.923828 0.699219 0.927734 0.679688 0.953125 0.658203 0.953125 0.681641 0.951172 0.710938 0.974609 0.730469 0.974609 0.730469 0.974609 0.691406 0.953125 0.681641
0 0.642578 0.707031 0.65625 0.666016 0.708984 0.6875 0.683594 0.728516 0.683594 0.728516 0.642578 0.707031 0.666016 0.695312 0.681641 0.699219 0.681641 0.699219 0.666016 0.695312
0 0.0625 0.681641 0.107422 0.703125 0.107422 0.75 0.0859375 0.763672 0.0859375 0.763672 0.0625 0.763672 0.0371094 0.746094 0.0351562 0.689453 0.0625 0.681641 0.0585938 0.705078 0.0605469 0.738281 0.0839844 0.738281 0.0839844 0.738281 0.0878906 0.71875 0.0585938 0.705078
0 0.359375 0.779297 0.333984 0.753906 0.337891 0.726562 0.357422 0.726562 0.363281 0.755859 0.373047 0.726562 0.363281 0.716797 0.335938 0.724609 0.330078 0.710938 0.367188 0.689453 0.392578 0.710938 0.396484 0.753906 0.359375 0.779297
0 0.744141 0.726562 0.744141 0.710938 0.773438 0.689453 0.779297 0.71875 0.761719 0.736328 0.761719 0.736328 0.744141 0.726562 0.751953 0.71875 0.763672 0.722656 0.763672 0.722656 0.765625 0.697266 0.751953 0.71875
0 0.234375 0.775391 0.15625 0.759766 0.146484 0.707031 0.160156 0.697266 0.25 0.720703 0.263672 0.742188 0.234375 0.775391 0.234375 0.775391 0.232422 0.75 0.226562 0.732422 0.175781 0.724609 0.169922 0.734375 0.183594 0.748047 0.232422 0.75 0.232422 0.75
0 0.212891 0.705078 0.00390625 0.00390625
0 0.513672 0.722656 0.501953 0.714844 0.507812 0.701172 0.535156 0.701172 0.560547 0.726562 0.552734 0.777344 0.527344 0.787109 0.527344 0.787109 0.505859 0.777344 0.490234 0.742188 0.5 0.720703 0.513672 0.722656 0.523438 0.720703 0.513672 0.753906 0.533203 0.761719 0.533203 0.761719 0.537109 0.734375 0.523438 0.720703
0 0.587891 0.722656 0.605469 0.708984 0.642578 0.730469 0.634766 0.753906 0.613281 0.763672 0.613281 0.763672 0.583984 0.75 0.587891 0.722656 0.607422 0.734375 0.615234 0.738281 0.615234 0.738281 0.607422 0.734375
0 0.800781 0.783203 0.779297 0.777344 0.779297 0.726562 0.796875 0.708984 0.814453 0.71875 0.814453 0.765625 0.800781 0.783203 0.800781 0.783203 0.798828 0.773438 0.800781 0.720703 0.787109 0.738281 0.787109 0.769531 0.798828 0.773438 0.798828 0.773438
0 0.826172 0.769531 0.832031 0.728516 0.847656 0.728516 0.861328 0.75 0.851562 0.779297 0.851562 0.779297 0.826172 0.769531 0.833984 0.765625 0.849609 0.769531 0.849609 0.769531 0.853516 0.753906 0.839844 0.736328 0.833984 0.765625
0 0.646484 0.753906 0.664062 0.740234 0.689453 0.75 0.675781 0.794922 0.675781 0.794922 0.648438 0.791016 0.642578 0.777344 0.646484 0.753906 0.654297 0.761719 0.654297 0.78125 0.669922 0.785156 0.669922 0.785156 0.671875 0.748047 0.654297 0.761719
0 0.015625 0.865234 0 0.863281 0.0175781 0.796875 0 0.78125 0 0.765625 0.0273438 0.759766 0.0410156 0.789062 0.015625 0.865234
0 0.876953 0.789062 0.898438 0.759766 0.953125 0.759766 0.978516 0.777344 0.990234 0.8125 0.949219 0.849609 0.949219 0.849609 0.925781 0.849609 0.884766 0.824219 0.876953 0.789062 0.896484 0.792969 0.910156 0.818359 0.958984 0.824219 0.958984 0.824219 0.966797 0.804688 0.949219 0.783203 0.921875 0.775391 0.896484 0.792969
0 0.751953 0.808594 0.748047 0.789062 0.761719 0.767578 0.791016 0.796875 0.78125 0.814453 0.78125 0.814453 0.751953 0.808594 0.759766 0.800781 0.775391 0.804688 0.775391 0.804688 0.761719 0.783203 0.759766 0.800781
0 0.517578 0.8125 0.484375 0.853516 0.484375 0.853516 0.455078 0.835938 0.443359 0.8125 0.460938 0.771484 0.496094 0.775391 0.513672 0.796875 0.517578 0.8125 0.494141 0.8125 0.472656 0.794922 0.466797 0.808594 0.482422 0.824219 0.482422 0.824219 0.494141 0.8125
0 0.0664062 0.791016 0.101562 0.787109 0.134766 0.808594 0.142578 0.847656 0.105469 0.869141 0.105469 0.869141 0.0898438 0.869141 0.0566406 0.839844 0.0664062 0.791016 0.0820312 0.806641 0.0800781 0.828125 0.115234 0.84375 0.115234 0.84375 0.119141 0.824219 0.0820312 0.806641
0 0.685547 0.820312 0.703125 0.802734 0.726562 0.802734 0.736328 0.828125 0.710938 0.845703 0.710938 0.845703 0.685547 0.835938 0.685547 0.820312 0.693359 0.824219 0.716797 0.832031 0.716797 0.832031 0.728516 0.820312 0.722656 0.810547 0.693359 0.824219
0 0.431641 0.851562 0.427734 0.882812 0.386719 0.900391 0.386719 0.900391 0.355469 0.888672 0.345703 0.863281 0.371094 0.814453 0.410156 0.822266 0.431641 0.851562 0.412109 0.863281 0.394531 0.841797 0.375 0.845703 0.369141 0.859375 0.388672 0.875 0.388672 0.875 0.412109 0.863281
0 0.300781 0.841797 0.314453 0.855469 0.314453 0.878906 0.289062 0.908203 0.289062 0.908203 0.253906 0.908203 0.210938 0.884766 0.193359 0.820312 0.246094 0.818359 0.300781 0.841797 0.28125 0.853516 0.220703 0.839844 0.238281 0.876953 0.291016 0.882812 0.291016 0.882812 0.294922 0.867188 0.28125 0.853516
0 0.505859 0.867188 0.513672 0.839844 0.535156 0.830078 0.558594 0.833984 0.572266 0.855469 0.568359 0.878906 0.542969 0.896484 0.542969 0.896484 0.523438 0.896484 0.505859 0.867188 0.529297 0.871094 0.544922 0.871094 0.544922 0.871094 0.542969 0.853516 0.529297 0.871094
0 0.833984 0.894531 0.837891 0.851562 0.859375 0.830078 0.882812 0.833984 0.896484 0.855469 0.900391 0.890625 0.882812 0.919922 0.882812 0.919922 0.847656 0.919922 0.833984 0.894531 0.841797 0.890625 0.855469 0.912109 0.876953 0.910156 0.876953 0.910156 0.892578 0.882812 0.884766 0.851562 0.867188 0.837891 0.841797 0.867188 0.841797 0.890625
0 0.628906 0.849609 0.648438 0.845703 0.662109 0.863281 0.662109 0.921875 0.654297 0.941406 0.636719 0.947266 0.636719 0.947266 0.607422 0.933594 0.599609 0.882812 0.628906 0.849609 0.636719 0.873047 0.626953 0.886719 0.634766 0.921875 0.634766 0.921875 0.636719 0.873047
0 0.197266 0.865234 0.00390625 0.00390625
0 0.707031 0.865234 0.722656 0.865234 0.728516 0.90625 0.707031 0.935547 0.707031 0.935547 0.689453 0.925781 0.693359 0.882812 0.707031 0.865234 0.714844 0.873047 0.697266 0.90625 0.705078 0.921875 0.705078 0.921875 0.720703 0.898438 0.714844 0.873047
0 0.785156 0.951172 0.761719 0.951172 0.751953 0.9375 0.759766 0.890625 0.785156 0.865234 0.820312 0.865234 0.818359 0.914062 0.785156 0.951172 0.785156 0.951172 0.783203 0.941406 0.810547 0.90625 0.808594 0.873047 0.792969 0.873047 0.767578 0.898438 0.759766 0.929688 0.769531 0.943359 0.783203 0.941406 0.783203 0.941406
0 0.0585938 0.947266 0.0390625 0.947266 0.0214844 0.929688 0.0390625 0.884766 0.0585938 0.884766 0.0722656 0.90625 0.0585938 0.947266
0 0.222656 0.998047 0.207031 0.998047 0.201172 0.980469 0.167969 0.958984 0.152344 0.998047 0.115234 0.996094 0.160156 0.935547 0.207031 0.947266 0.222656 0.998047
0 0.976562 0.998047 0.917969 0.951172 0.876953 0.964844 0.878906 0.998047 0.857422 0.988281 0.857422 0.964844 0.890625 0.943359 0.941406 0.943359 0.974609 0.980469 0.976562 0.998047
0 0.996094 0.994141 0.982422 0.964844 0.996094 0.935547 0.996094 0.994141
0 0.464844 0.998047 0.417969 0.986328 0.414062 0.994141 0.402344 0.982422 0.382812 0.998047 0.353516 0.992188 0.390625 0.955078 0.4375 0.978516 0.445312 0.970703 0.464844 0.998047
0 0.574219 0.998047 0.523438 0.962891 0.494141 0.976562 0.496094 0.998047 0.482422 0.996094 0.482422 0.976562 0.5 0.958984 0.53125 0.955078 0.5625 0.970703 0.574219 0.998047
0 0.0117188 0.998047 0 0.996094 0 0.966797 0.0117188 0.998047
0 0.824219 0.998047 0.800781 0.978516 0.78125 0.982422 0.777344 0.998047 0.767578 0.984375 0.78125 0.970703 0.804688 0.970703 0.824219 0.998047
0 0.71875 0.998047 0.677734 0.996094 0.707031 0.986328 0.71875 0.998047
