0 0 0.00585938 0.0175781 0 0 0.00585938
0 0.21875 0.0605469 0.185547 0.0507812 0.193359 0.0117188 0.207031 0 0.228516 0 0.197266 0.0234375 0.193359 0.0429688 0.210938 0.0527344 0.240234 0.0351562 0.248047 0 0.257812 0 0.255859 0.03125 0.21875 0.0605469
0 0.355469 0.0878906 0.324219 0.0800781 0.283203 0.0390625 0.28125 0 0.298828 0.0429688 0.335938 0.0722656 0.357422 0.0625 0.384766 0.0195312 0.376953 0 0.396484 0.00390625 0.355469 0.0878906
0 0.742188 0.0605469 0.6875 0.0488281 0.666016 0.0078125 0.6875 0 0.677734 0.015625 0.695312 0.0410156 0.742188 0.0488281 0.763672 0.0234375 0.736328 0 0.757812 0.00195312 0.771484 0.0351562 0.742188 0.0605469
0 0.878906 0.0449219 0.828125 0.0410156 0.814453 0.0273438 0.818359 0 0.84375 0.0371094 0.890625 0.0292969 0.927734 0 0.910156 0.0292969 0.878906 0.0449219
0 0.0761719 0.0625 0.0761719 0.0429688 0.0976562 0.0175781 0.117188 0.0175781 0.134766 0.0351562 0.142578 0.0820312 0.125 0.107422 0.125 0.107422 0.105469 0.103516 0.0761719 0.0625 0.0839844 0.0585938 0.113281 0.0957031 0.123047 0.09375 0.123047 0.09375 0.134766 0.078125 0.130859 0.0546875 0.101562 0.0253906 0.0839844 0.0585938
0 0.681641 0.0507812 0.675781 0.0878906 0.675781 0.0878906 0.644531 0.0878906 0.607422 0.0664062 0.617188 0.0214844 0.644531 0.0175781 0.681641 0.0507812 0.673828 0.0585938 0.628906 0.0253906 0.619141 0.0625 0.669922 0.078125 0.669922 0.078125 0.673828 0.0585938
0 0.996094 0.154297 0.980469 0.154297 0.943359 0.117188 0.955078 0.0742188 0.980469 0.0449219 0.998047 0.0664062 0.980469 0.0605469 0.966797 0.0742188 0.955078 0.113281 0.988281 0.146484 0.996094 0.134766 0.996094 0.154297
0 0.591797 0.101562 0.576172 0.136719 0.546875 0.158203 0.546875 0.158203 0.492188 0.154297 0.455078 0.121094 0.451172 0.101562 0.476562 0.0644531 0.535156 0.0527344 0.587891 0.0820312 0.591797 0.101562 0.583984 0.09375 0.570312 0.0800781 0.515625 0.0605469 0.470703 0.0820312 0.466797 0.113281 0.492188 0.142578 0.541016 0.148438 0.541016 0.148438 0.583984 0.09375
0 0.828125 0.0566406 0.859375 0.0566406 0.908203 0.0898438 0.919922 0.128906 0.867188 0.162109 0.867188 0.162109 0.816406 0.162109 0.798828 0.148438 0.792969 0.0761719 0.828125 0.0566406 0.835938 0.0644531 0.802734 0.0859375 0.802734 0.128906 0.8125 0.150391 0.861328 0.152344 0.861328 0.152344 0.912109 0.121094 0.882812 0.0800781 0.835938 0.0644531
0 0.220703 0.167969 0.214844 0.0957031 0.283203 0.105469 0.298828 0.132812 0.289062 0.197266 0.289062 0.197266 0.253906 0.193359 0.220703 0.167969 0.228516 0.160156 0.253906 0.181641 0.283203 0.1875 0.283203 0.1875 0.287109 0.132812 0.25 0.103516 0.222656 0.103516 0.228516 0.160156
0 0.330078 0.136719 0.333984 0.113281 0.351562 0.103516 0.417969 0.111328 0.431641 0.144531 0.410156 0.166016 0.410156 0.166016 0.347656 0.154297 0.330078 0.136719 0.337891 0.128906 0.371094 0.154297 0.404297 0.15625 0.404297 0.15625 0.423828 0.132812 0.394531 0.111328 0.347656 0.115234 0.337891 0.128906
0 0.636719 0.205078 0.611328 0.203125 0.599609 0.152344 0.644531 0.123047 0.666016 0.140625 0.669922 0.183594 0.636719 0.205078 0.636719 0.205078 0.634766 0.195312 0.654297 0.183594 0.654297 0.140625 0.644531 0.134766 0.607422 0.160156 0.619141 0.195312 0.634766 0.195312 0.634766 0.195312
0 0.923828 0.175781 0.933594 0.138672 0.953125 0.138672 0.974609 0.160156 0.978516 0.199219 0.96875 0.208984 0.96875 0.208984 0.9375 0.201172 0.923828 0.175781 0.931641 0.167969 0.943359 0.191406 0.962891 0.199219 0.962891 0.199219 0.966797 0.167969 0.941406 0.146484 0.931641 0.167969
0 0.457031 0.197266 0.494141 0.238281 0.490234 0.277344 0.460938 0.306641 0.460938 0.306641 0.382812 0.298828 0.357422 0.261719 0.361328 0.226562 0.417969 0.193359 0.457031 0.197266 0.449219 0.205078 0.417969 0.205078 0.365234 0.246094 0.398438 0.283203 0.455078 0.296875 0.455078 0.296875 0.482422 0.269531 0.486328 0.246094 0.449219 0.205078
0 0.0917969 0.28125 0.0625 0.314453 0.0625 0.314453 0.0351562 0.314453 0.0136719 0.292969 0.00976562 0.222656 0.0195312 0.205078 0.0625 0.205078 0.0917969 0.242188 0.0917969 0.28125 0.0839844 0.277344 0.0839844 0.25 0.046875 0.208984 0.0175781 0.230469 0.0175781 0.265625 0.0292969 0.300781 0.0566406 0.304688 0.0566406 0.304688 0.0839844 0.277344
0 0.996094 0.259766 0.974609 0.246094 0.988281 0.205078 0.998047 0.214844 0.982422 0.238281 0.996094 0.259766
0 0.123047 0.261719 0.128906 0.212891 0.162109 0.234375 0.15625 0.271484 0.15625 0.271484 0.123047 0.261719 0.130859 0.253906 0.150391 0.261719 0.150391 0.261719 0.154297 0.242188 0.140625 0.228516 0.130859 0.253906
0 0.222656 0.255859 0.197266 0.253906 0.197266 0.226562 0.210938 0.208984 0.236328 0.226562 0.236328 0.246094 0.222656 0.255859 0.222656 0.255859 0.220703 0.246094 0.228516 0.234375 0.214844 0.220703 0.205078 0.246094 0.220703 0.246094 0.220703 0.246094
0 0.962891 0.234375 0.962891 0.261719 0.949219 0.279297 0.949219 0.279297 0.929688 0.279297 0.919922 0.265625 0.919922 0.234375 0.933594 0.216797 0.962891 0.234375 0.955078 0.238281 0.9375 0.228516 0.927734 0.253906 0.943359 0.269531 0.943359 0.269531 0.955078 0.238281
0 0.791016 0.320312 0.738281 0.357422 0.738281 0.357422 0.708984 0.3125 0.705078 0.28125 0.742188 0.232422 0.78125 0.248047 0.802734 0.292969 0.791016 0.320312 0.783203 0.3125 0.791016 0.277344 0.765625 0.248047 0.742188 0.244141 0.712891 0.292969 0.736328 0.34375 0.748047 0.34375 0.748047 0.34375 0.783203 0.3125
0 0.613281 0.384766 0.574219 0.384766 0.556641 0.355469 0.560547 0.28125 0.585938 0.251953 0.640625 0.251953 0.669922 0.308594 0.662109 0.355469 0.613281 0.384766 0.613281 0.384766 0.611328 0.375 0.636719 0.365234 0.662109 0.332031 0.650391 0.277344 0.632812 0.259766 0.578125 0.291016 0.570312 0.283203 0.564453 0.304688 0.576172 0.371094 0.611328 0.375 0.611328 0.375
0 0.996094 0.361328 0.976562 0.361328 0.958984 0.335938 0.955078 0.296875 0.980469 0.275391 0.998047 0.28125 0.966797 0.296875 0.966797 0.328125 0.996094 0.361328
0 0.345703 0.316406 0.341797 0.34375 0.320312 0.373047 0.289062 0.384766 0.289062 0.384766 0.25 0.380859 0.232422 0.359375 0.232422 0.335938 0.261719 0.298828 0.324219 0.294922 0.345703 0.316406 0.337891 0.324219 0.328125 0.306641 0.277344 0.302734 0.248047 0.328125 0.244141 0.359375 0.283203 0.375 0.283203 0.375 0.326172 0.351562 0.337891 0.324219
0 0.0371094 0.410156 0.0703125 0.337891 0.101562 0.349609 0.123047 0.378906 0.119141 0.421875 0.101562 0.435547 0.101562 0.435547 0.0703125 0.431641 0.0371094 0.410156 0.0449219 0.402344 0.0957031 0.425781 0.0957031 0.425781 0.111328 0.414062 0.115234 0.386719 0.0742188 0.349609 0.0449219 0.402344
0 0.216797 0.382812 0.195312 0.396484 0.195312 0.396484 0.146484 0.378906 0.144531 0.341797 0.199219 0.337891 0.216797 0.351562 0.216797 0.382812 0.208984 0.375 0.203125 0.349609 0.150391 0.355469 0.167969 0.384766 0.189453 0.386719 0.189453 0.386719 0.208984 0.375
0 0.386719 0.337891 0.400391 0.347656 0.404297 0.390625 0.396484 0.410156 0.371094 0.423828 0.371094 0.423828 0.34375 0.416016 0.333984 0.390625 0.345703 0.359375 0.386719 0.337891 0.386719 0.349609 0.371094 0.349609 0.345703 0.378906 0.363281 0.404297 0.376953 0.402344 0.376953 0.402344 0.392578 0.375 0.386719 0.349609
0 0.507812 0.439453 0.447266 0.433594 0.443359 0.394531 0.480469 0.341797 0.552734 0.355469 0.548828 0.386719 0.507812 0.439453 0.507812 0.439453 0.505859 0.429688 0.544922 0.363281 0.492188 0.349609 0.451172 0.414062 0.476562 0.431641 0.505859 0.429688 0.505859 0.429688
0 0.841797 0.375 0.863281 0.349609 0.890625 0.349609 0.904297 0.363281 0.908203 0.417969 0.875 0.443359 0.875 0.443359 0.849609 0.433594 0.841797 0.375 0.849609 0.378906 0.849609 0.40625 0.869141 0.433594 0.869141 0.433594 0.900391 0.414062 0.896484 0.371094 0.882812 0.357422 0.849609 0.378906
0 0.708984 0.492188 0.707031 0.505859 0.632812 0.541016 0.632812 0.541016 0.589844 0.537109 0.537109 0.480469 0.550781 0.455078 0.617188 0.412109 0.683594 0.451172 0.708984 0.492188 0.701172 0.496094 0.683594 0.462891 0.671875 0.470703 0.605469 0.431641 0.568359 0.457031 0.556641 0.480469 0.597656 0.529297 0.626953 0.53125 0.626953 0.53125 0.701172 0.496094
0 0.728516 0.476562 0.769531 0.423828 0.8125 0.416016 0.822266 0.425781 0.822266 0.480469 0.773438 0.541016 0.773438 0.541016 0.742188 0.541016 0.728516 0.527344 0.728516 0.476562 0.736328 0.480469 0.736328 0.519531 0.75 0.533203 0.767578 0.53125 0.767578 0.53125 0.810547 0.484375 0.814453 0.433594 0.804688 0.423828 0.777344 0.431641 0.736328 0.480469
0 0.933594 0.517578 0.912109 0.484375 0.912109 0.449219 0.949219 0.419922 0.978516 0.4375 0.990234 0.464844 0.990234 0.5 0.96875 0.521484 0.96875 0.521484 0.933594 0.517578 0.941406 0.509766 0.962891 0.511719 0.962891 0.511719 0.978516 0.5 0.982422 0.472656 0.970703 0.445312 0.945312 0.431641 0.923828 0.449219 0.919922 0.476562 0.941406 0.509766
0 0.119141 0.460938 0.148438 0.435547 0.183594 0.443359 0.228516 0.484375 0.228516 0.519531 0.199219 0.560547 0.199219 0.560547 0.152344 0.548828 0.111328 0.496094 0.119141 0.460938 0.126953 0.464844 0.123047 0.496094 0.164062 0.544922 0.193359 0.550781 0.193359 0.550781 0.212891 0.53125 0.220703 0.492188 0.199219 0.466797 0.152344 0.443359 0.126953 0.464844
0 0 0.527344 0 0.492188 0.0234375 0.443359 0.0585938 0.447266 0.0917969 0.492188 0.0878906 0.535156 0.0625 0.572266 0.0625 0.572266 0.03125 0.560547 0 0.527344 0.00585938 0.519531 0.0390625 0.552734 0.0644531 0.558594 0.0644531 0.558594 0.0839844 0.503906 0.0722656 0.476562 0.0351562 0.451172 0.0136719 0.476562 0.00585938 0.519531
0 0.451172 0.503906 0.46875 0.486328 0.507812 0.486328 0.517578 0.511719 0.480469 0.544922 0.480469 0.544922 0.455078 0.535156 0.451172 0.503906 0.458984 0.511719 0.46875 0.533203 0.482422 0.53125 0.482422 0.53125 0.509766 0.503906 0.5 0.494141 0.476562 0.494141 0.458984 0.511719
0 0.318359 0.539062 0.316406 0.498047 0.357422 0.519531 0.355469 0.552734 0.355469 0.552734 0.318359 0.539062 0.326172 0.53125 0.353516 0.539062 0.353516 0.539062 0.328125 0.509766 0.326172 0.53125
0 0.814453 0.554688 0.847656 0.517578 0.902344 0.525391 0.892578 0.582031 0.855469 0.611328 0.855469 0.611328 0.818359 0.601562 0.814453 0.554688 0.830078 0.5625 0.832031 0.583984 0.857422 0.585938 0.857422 0.585938 0.880859 0.558594 0.875 0.537109 0.84375 0.541016 0.830078 0.5625
0 0.390625 0.548828 0.425781 0.541016 0.435547 0.589844 0.410156 0.619141 0.410156 0.619141 0.376953 0.601562 0.373047 0.566406 0.390625 0.548828 0.402344 0.552734 0.380859 0.585938 0.398438 0.607422 0.416016 0.605469 0.416016 0.605469 0.427734 0.570312 0.417969 0.552734 0.402344 0.552734
0 0.326172 0.589844 0.330078 0.625 0.320312 0.638672 0.320312 0.638672 0.296875 0.634766 0.271484 0.605469 0.285156 0.544922 0.310547 0.558594 0.326172 0.589844 0.318359 0.59375 0.289062 0.556641 0.279297 0.597656 0.314453 0.628906 0.314453 0.628906 0.318359 0.59375
0 0.490234 0.605469 0.490234 0.582031 0.511719 0.560547 0.537109 0.578125 0.541016 0.605469 0.53125 0.615234 0.53125 0.615234 0.490234 0.605469 0.498047 0.597656 0.525391 0.605469 0.525391 0.605469 0.529297 0.585938 0.511719 0.572266 0.498047 0.597656
0 0.0527344 0.609375 0.0742188 0.583984 0.121094 0.572266 0.134766 0.632812 0.117188 0.658203 0.0898438 0.669922 0.0898438 0.669922 0.0664062 0.669922 0.0488281 0.652344 0.0527344 0.609375 0.0605469 0.617188 0.0605469 0.652344 0.0839844 0.660156 0.0839844 0.660156 0.109375 0.650391 0.126953 0.625 0.113281 0.587891 0.0742188 0.595703 0.0605469 0.617188
0 0.746094 0.572266 0.767578 0.601562 0.759766 0.632812 0.730469 0.666016 0.730469 0.666016 0.710938 0.662109 0.693359 0.625 0.681641 0.625 0.714844 0.572266 0.746094 0.572266 0.738281 0.580078 0.714844 0.583984 0.697266 0.613281 0.712891 0.648438 0.728516 0.652344 0.728516 0.652344 0.759766 0.609375 0.738281 0.580078
0 0.0078125 0.642578 0 0.636719 0.0214844 0.621094 0.0253906 0.597656 0 0.580078 0.0332031 0.589844 0.0332031 0.621094 0.0078125 0.642578
0 0.552734 0.625 0.5625 0.595703 0.591797 0.609375 0.585938 0.634766 0.585938 0.634766 0.552734 0.625 0.560547 0.617188 0.580078 0.625 0.580078 0.625 0.583984 0.617188 0.566406 0.607422 0.560547 0.617188
0 0.199219 0.626953 0.25 0.638672 0.279297 0.660156 0.255859 0.714844 0.234375 0.724609 0.234375 0.724609 0.195312 0.716797 0.158203 0.683594 0.166016 0.652344 0.199219 0.626953 0.207031 0.634766 0.177734 0.6875 0.228516 0.714844 0.228516 0.714844 0.248047 0.707031 0.271484 0.667969 0.207031 0.634766
0 0.550781 0.662109 0.511719 0.669922 0.509766 0.65625 0.53125 0.634766 0.550781 0.634766 0.558594 0.658203 0.640625 0.654297 0.646484 0.6875 0.613281 0.708984 0.613281 0.708984 0.5625 0.705078 0.544922 0.683594 0.550781 0.662109 0.548828 0.652344 0.570312 0.662109 0.556641 0.675781 0.570312 0.697266 0.611328 0.699219 0.611328 0.699219 0.638672 0.679688 0.625 0.658203 0.570312 0.662109 0.548828 0.652344 0.542969 0.642578 0.521484 0.660156 0.537109 0.660156 0.537109 0.660156 0.548828 0.652344
0 0.978516 0.6875 0.949219 0.724609 0.949219 0.724609 0.921875 0.724609 0.892578 0.679688 0.917969 0.646484 0.957031 0.638672 0.978516 0.664062 0.978516 0.6875 0.970703 0.683594 0.953125 0.650391 0.912109 0.6875 0.921875 0.712891 0.943359 0.714844 0.943359 0.714844 0.970703 0.683594
0 0.357422 0.6875 0.378906 0.646484 0.408203 0.660156 0.402344 0.712891 0.402344 0.712891 0.371094 0.708984 0.357422 0.6875 0.365234 0.683594 0.396484 0.703125 0.396484 0.703125 0.400391 0.667969 0.382812 0.654297 0.365234 0.683594
0 0.824219 0.650391 0.845703 0.679688 0.845703 0.726562 0.820312 0.759766 0.820312 0.759766 0.773438 0.751953 0.748047 0.710938 0.748047 0.6875 0.78125 0.650391 0.824219 0.650391 0.820312 0.658203 0.78125 0.673828 0.767578 0.699219 0.767578 0.730469 0.796875 0.751953 0.814453 0.75 0.814453 0.75 0.837891 0.71875 0.837891 0.6875 0.820312 0.658203
0 0.00390625 0.798828 0 0.789062 0.0175781 0.761719 0.0175781 0.738281 0 0.689453 0.0253906 0.730469 0.0253906 0.769531 0.00390625 0.798828
0 0.130859 0.742188 0.126953 0.792969 0.0898438 0.814453 0.0898438 0.814453 0.0566406 0.8125 0.0410156 0.761719 0.0488281 0.726562 0.0742188 0.697266 0.109375 0.708984 0.130859 0.742188 0.123047 0.746094 0.0820312 0.708984 0.0488281 0.753906 0.0644531 0.804688 0.0878906 0.804688 0.0878906 0.804688 0.119141 0.785156 0.123047 0.746094
0 0.683594 0.708984 0.708984 0.738281 0.708984 0.757812 0.671875 0.779297 0.671875 0.779297 0.619141 0.769531 0.623047 0.734375 0.660156 0.708984 0.683594 0.708984 0.675781 0.716797 0.626953 0.746094 0.632812 0.767578 0.666016 0.769531 0.666016 0.769531 0.701172 0.75 0.675781 0.716797
0 0.496094 0.724609 0.535156 0.728516 0.556641 0.75 0.576172 0.789062 0.576172 0.820312 0.558594 0.833984 0.558594 0.833984 0.515625 0.833984 0.482422 0.808594 0.474609 0.753906 0.496094 0.724609 0.503906 0.732422 0.486328 0.75 0.482422 0.789062 0.507812 0.818359 0.552734 0.824219 0.552734 0.824219 0.568359 0.8125 0.556641 0.769531 0.527344 0.736328 0.503906 0.732422
0 0.90625 0.818359 0.878906 0.814453 0.857422 0.792969 0.849609 0.746094 0.859375 0.732422 0.869141 0.734375 0.857422 0.753906 0.861328 0.777344 0.894531 0.810547 0.908203 0.800781 0.908203 0.765625 0.894531 0.744141 0.873047 0.738281 0.912109 0.746094 0.919922 0.792969 0.90625 0.818359
0 0.996094 0.814453 0.996094 0.755859 0.996094 0.814453
0 0.328125 0.880859 0.294922 0.855469 0.287109 0.800781 0.335938 0.763672 0.363281 0.763672 0.388672 0.785156 0.396484 0.867188 0.375 0.880859 0.375 0.880859 0.328125 0.880859 0.335938 0.873047 0.369141 0.871094 0.369141 0.871094 0.388672 0.859375 0.376953 0.804688 0.335938 0.783203 0.3125 0.791016 0.298828 0.8125 0.310547 0.859375 0.335938 0.873047
0 0.242188 0.787109 0.255859 0.804688 0.251953 0.847656 0.199219 0.892578 0.164062 0.904297 0.164062 0.904297 0.130859 0.886719 0.130859 0.847656 0.146484 0.8125 0.183594 0.787109 0.242188 0.787109 0.238281 0.794922 0.179688 0.798828 0.158203 0.8125 0.138672 0.878906 0.148438 0.892578 0.173828 0.890625 0.173828 0.890625 0.240234 0.847656 0.248047 0.8125 0.238281 0.794922
0 0.603516 0.882812 0.603516 0.820312 0.621094 0.794922 0.683594 0.791016 0.705078 0.816406 0.705078 0.851562 0.679688 0.884766 0.644531 0.896484 0.644531 0.896484 0.603516 0.882812 0.611328 0.878906 0.654297 0.882812 0.654297 0.882812 0.697266 0.847656 0.697266 0.820312 0.675781 0.798828 0.628906 0.802734 0.611328 0.828125 0.611328 0.878906
0 0.0644531 0.835938 0.0585938 0.873047 0.0585938 0.873047 0.0429688 0.873047 0.00585938 0.839844 0.015625 0.802734 0.0644531 0.835938 0.0566406 0.84375 0.0273438 0.818359 0.0214844 0.839844 0.0527344 0.863281 0.0527344 0.863281 0.0566406 0.84375
0 0.986328 0.835938 0.990234 0.871094 0.980469 0.880859 0.980469 0.880859 0.958984 0.878906 0.931641 0.832031 0.9375 0.814453 0.986328 0.835938 0.978516 0.84375 0.945312 0.826172 0.955078 0.855469 0.974609 0.871094 0.974609 0.871094 0.978516 0.84375
