0 0.136719 0.0878906 0.109375 0.0878906 0.0839844 0.0703125 0.0722656 0.0351562 0.0839844 0 0.119141 0 0.0996094 0.0351562 0.103516 0.0507812 0.136719 0.0605469 0.181641 0.015625 0.183594 0 0.210938 0 0.189453 0.046875 0.136719 0.0878906
0 0.503906 0.0214844 0.453125 0.0214844 0.419922 0 0.544922 0 0.503906 0.0214844
0 0.0078125 0.138672 0 0.113281 0.0214844 0.105469 0.0253906 0.0820312 0 0.0625 0 0.0292969 0.0449219 0.0625 0.0527344 0.101562 0.0078125 0.138672
0 0.535156 0.0800781 0.560547 0.109375 0.550781 0.146484 0.484375 0.181641 0.484375 0.181641 0.453125 0.173828 0.419922 0.132812 0.423828 0.0976562 0.464844 0.0644531 0.535156 0.0800781 0.519531 0.0996094 0.5 0.107422 0.472656 0.0917969 0.451172 0.105469 0.447266 0.132812 0.472656 0.154297 0.486328 0.152344 0.486328 0.152344 0.533203 0.125 0.519531 0.0996094
0 0.107422 0.175781 0.115234 0.128906 0.152344 0.103516 0.1875 0.115234 0.205078 0.140625 0.201172 0.167969 0.160156 0.212891 0.160156 0.212891 0.132812 0.212891 0.107422 0.175781 0.130859 0.164062 0.138672 0.183594 0.150391 0.183594 0.150391 0.183594 0.177734 0.15625 0.160156 0.130859 0.130859 0.164062
0 0.28125 0.244141 0.251953 0.226562 0.244141 0.203125 0.255859 0.148438 0.277344 0.126953 0.371094 0.115234 0.400391 0.136719 0.423828 0.21875 0.40625 0.248047 0.367188 0.255859 0.367188 0.255859 0.28125 0.244141 0.285156 0.220703 0.308594 0.212891 0.361328 0.222656 0.361328 0.222656 0.380859 0.214844 0.380859 0.179688 0.359375 0.146484 0.287109 0.152344 0.271484 0.207031 0.285156 0.220703
0 0.660156 0.248047 0.638672 0.234375 0.623047 0.199219 0.626953 0.148438 0.660156 0.119141 0.722656 0.130859 0.779297 0.171875 0.783203 0.191406 0.763672 0.222656 0.757812 0.216797 0.71875 0.255859 0.71875 0.255859 0.660156 0.248047 0.667969 0.224609 0.671875 0.216797 0.6875 0.228516 0.716797 0.226562 0.716797 0.226562 0.751953 0.191406 0.742188 0.169922 0.6875 0.146484 0.646484 0.164062 0.667969 0.224609
0 0.0703125 0.177734 0.105469 0.201172 0.142578 0.253906 0.142578 0.28125 0.105469 0.294922 0.105469 0.294922 0.078125 0.287109 0.0371094 0.242188 0.0292969 0.207031 0.0429688 0.177734 0.0703125 0.177734 0.0585938 0.201172 0.0839844 0.257812 0.107422 0.265625 0.107422 0.265625 0.107422 0.246094 0.0585938 0.201172
0 0.197266 0.181641 0.00390625 0.00390625
0 0.623047 0.3125 0.615234 0.347656 0.554688 0.384766 0.554688 0.384766 0.492188 0.373047 0.451172 0.320312 0.466797 0.265625 0.507812 0.224609 0.53125 0.216797 0.572266 0.222656 0.623047 0.3125 0.599609 0.308594 0.554688 0.248047 0.527344 0.244141 0.486328 0.28125 0.482422 0.324219 0.511719 0.349609 0.556641 0.355469 0.556641 0.355469 0.591797 0.335938 0.599609 0.308594
0 0.0078125 0.369141 0 0.367188 0 0.347656 0.0136719 0.300781 0.00195312 0.289062 0 0.236328 0.0214844 0.253906 0.0410156 0.304688 0.0332031 0.347656 0.0078125 0.369141
0 0.107422 0.394531 0.115234 0.351562 0.152344 0.318359 0.199219 0.322266 0.224609 0.359375 0.224609 0.390625 0.183594 0.435547 0.183594 0.435547 0.132812 0.427734 0.107422 0.394531 0.130859 0.382812 0.152344 0.408203 0.181641 0.40625 0.181641 0.40625 0.197266 0.386719 0.197266 0.359375 0.183594 0.345703 0.15625 0.345703 0.130859 0.382812
0 0.269531 0.583984 0.220703 0.523438 0.251953 0.441406 0.283203 0.402344 0.339844 0.392578 0.388672 0.449219 0.408203 0.515625 0.351562 0.572266 0.3125 0.587891 0.3125 0.587891 0.269531 0.583984 0.277344 0.556641 0.318359 0.554688 0.318359 0.554688 0.361328 0.515625 0.361328 0.484375 0.322266 0.433594 0.330078 0.429688 0.3125 0.419922 0.283203 0.4375 0.251953 0.527344 0.277344 0.556641
0 0.640625 0.439453 0.677734 0.472656 0.673828 0.53125 0.652344 0.560547 0.597656 0.587891 0.597656 0.587891 0.5625 0.583984 0.537109 0.5625 0.537109 0.476562 0.59375 0.447266 0.640625 0.439453 0.636719 0.466797 0.560547 0.496094 0.560547 0.542969 0.570312 0.556641 0.591797 0.558594 0.591797 0.558594 0.646484 0.527344 0.650391 0.480469 0.636719 0.466797
0 0.121094 0.509766 0.167969 0.521484 0.189453 0.546875 0.189453 0.613281 0.177734 0.636719 0.15625 0.646484 0.15625 0.646484 0.117188 0.642578 0.0800781 0.613281 0.0800781 0.550781 0.121094 0.509766 0.128906 0.533203 0.103516 0.5625 0.103516 0.59375 0.146484 0.621094 0.146484 0.621094 0.166016 0.601562 0.169922 0.5625 0.128906 0.533203
0 0.136719 0.509766 0.0078125 0.00390625
0 0 0.798828 0 0.642578 0.0253906 0.6875 0.0175781 0.777344 0 0.798828
0 0.460938 0.998047 0.425781 0.990234 0.416016 0.949219 0.402344 0.939453 0.369141 0.964844 0.359375 0.998047 0.335938 0.998047 0.333984 0.980469 0.375 0.919922 0.402344 0.916016 0.425781 0.919922 0.443359 0.941406 0.460938 0.998047
0 0.0546875 0.998047 0 0.994141 0 0.96875 0.0234375 0.970703 0.0546875 0.998047
