0 0.357422 0.0273438 0.390625 0.00195312 0.480469 0.0136719 0.501953 0.0390625 0.501953 0.0703125 0.449219 0.126953 0.402344 0.142578 0.402344 0.142578 0.361328 0.117188 0.349609 0.0820312 0.357422 0.0273438 0.376953 0.0390625 0.373047 0.078125 0.398438 0.115234 0.412109 0.113281 0.412109 0.113281 0.478516 0.0585938 0.472656 0.0410156 0.398438 0.0253906 0.376953 0.0390625
0 0.824219 0.193359 0.775391 0.113281 0.798828 0.0351562 0.851562 0.00195312 0.894531 0.0175781 0.931641 0.078125 0.923828 0.164062 0.886719 0.212891 0.886719 0.212891 0.847656 0.208984 0.824219 0.193359 0.835938 0.169922 0.876953 0.183594 0.876953 0.183594 0.896484 0.164062 0.904297 0.0820312 0.884766 0.046875 0.859375 0.0292969 0.818359 0.0546875 0.802734 0.113281 0.835938 0.169922
0 0.0195312 0.0214844 0.0585938 0.00585938 0.125 0.00585938 0.177734 0.03125 0.181641 0.0664062 0.169922 0.0898438 0.113281 0.119141 0.113281 0.119141 0.0742188 0.119141 0.0664062 0.107422 0.0546875 0.115234 0 0.078125 0.0195312 0.0214844 0.0332031 0.0429688 0.0253906 0.0664062 0.0429688 0.0839844 0.0957031 0.0898438 0.0957031 0.0898438 0.132812 0.0839844 0.150391 0.0625 0.0625 0.0410156 0.0664062 0.0332031 0.0332031 0.0429688
0 0.996094 0.111328 0.996094 0.0644531 0.996094 0.111328
0 0.0683594 0.119141 0.00390625 0.00390625
0 0.845703 0.453125 0.853516 0.457031 0.796875 0.494141 0.796875 0.494141 0.761719 0.482422 0.724609 0.445312 0.716797 0.367188 0.765625 0.298828 0.816406 0.283203 0.861328 0.320312 0.884766 0.367188 0.884766 0.394531 0.865234 0.441406 0.845703 0.453125 0.841797 0.429688 0.857422 0.367188 0.824219 0.322266 0.796875 0.310547 0.759766 0.347656 0.740234 0.40625 0.753906 0.443359 0.802734 0.460938 0.802734 0.460938 0.841797 0.429688
0 0 0.390625 0 0.310547 0.113281 0.302734 0.177734 0.339844 0.177734 0.398438 0.162109 0.425781 0.121094 0.455078 0.121094 0.455078 0.078125 0.455078 0 0.390625 0.0175781 0.375 0.0625 0.416016 0.111328 0.429688 0.111328 0.429688 0.146484 0.402344 0.152344 0.353516 0.0507812 0.326172 0.0234375 0.330078 0.00585938 0.347656 0.0175781 0.375
0 0.130859 0.310547 0.00390625 0.00390625
0 0.189453 0.357422 0.00390625 0.00390625
0 0.544922 0.488281 0.548828 0.460938 0.576172 0.421875 0.625 0.392578 0.705078 0.519531 0.673828 0.597656 0.640625 0.623047 0.613281 0.626953 0.613281 0.626953 0.580078 0.605469 0.552734 0.558594 0.560547 0.542969 0.544922 0.488281 0.568359 0.488281 0.580078 0.558594 0.609375 0.595703 0.634766 0.59375 0.634766 0.59375 0.673828 0.550781 0.673828 0.507812 0.609375 0.427734 0.568359 0.488281
0 0.490234 0.453125 0.490234 0.484375 0.447266 0.558594 0.414062 0.583984 0.414062 0.583984 0.375 0.580078 0.361328 0.5625 0.365234 0.46875 0.414062 0.419922 0.464844 0.419922 0.490234 0.453125 0.466797 0.460938 0.4375 0.443359 0.404297 0.457031 0.384766 0.503906 0.384766 0.546875 0.408203 0.554688 0.408203 0.554688 0.462891 0.488281 0.466797 0.460938
0 0.0664062 0.611328 0.0449219 0.589844 0.0410156 0.535156 0.0703125 0.494141 0.140625 0.474609 0.189453 0.5 0.208984 0.554688 0.148438 0.619141 0.117188 0.626953 0.117188 0.626953 0.0664062 0.611328 0.0820312 0.587891 0.119141 0.597656 0.119141 0.597656 0.181641 0.546875 0.152344 0.521484 0.09375 0.509766 0.0644531 0.554688 0.0820312 0.587891
0 0.193359 0.597656 0.253906 0.560547 0.289062 0.568359 0.337891 0.621094 0.333984 0.660156 0.269531 0.693359 0.269531 0.693359 0.214844 0.685547 0.189453 0.65625 0.193359 0.597656 0.212891 0.617188 0.220703 0.65625 0.248047 0.667969 0.248047 0.667969 0.289062 0.662109 0.310547 0.644531 0.306641 0.617188 0.273438 0.591797 0.234375 0.595703 0.212891 0.617188
0 0.341797 0.642578 0.00390625 0.00390625
0 0.484375 0.740234 0.523438 0.744141 0.566406 0.724609 0.595703 0.738281 0.615234 0.792969 0.578125 0.853516 0.539062 0.865234 0.539062 0.865234 0.480469 0.857422 0.447266 0.816406 0.447266 0.789062 0.484375 0.740234 0.492188 0.767578 0.474609 0.804688 0.490234 0.824219 0.482422 0.828125 0.548828 0.835938 0.548828 0.835938 0.583984 0.804688 0.576172 0.761719 0.492188 0.767578
0 0.402344 0.853516 0.332031 0.896484 0.332031 0.896484 0.269531 0.876953 0.244141 0.851562 0.232422 0.804688 0.244141 0.773438 0.289062 0.740234 0.320312 0.744141 0.324219 0.759766 0.351562 0.748047 0.421875 0.759766 0.439453 0.78125 0.431641 0.835938 0.414062 0.857422 0.402344 0.853516 0.400391 0.832031 0.410156 0.783203 0.347656 0.775391 0.332031 0.791016 0.3125 0.791016 0.277344 0.779297 0.263672 0.792969 0.267578 0.839844 0.326172 0.871094 0.326172 0.871094 0.400391 0.832031
0 0.400391 0.869141 0.00390625 0.00390625
0 0.175781 0.998047 0.0761719 0.996094 0.0644531 0.957031 0.0859375 0.892578 0.125 0.876953 0.162109 0.890625 0.177734 0.921875 0.175781 0.998047 0.175781 0.998047 0.154297 0.992188 0.150391 0.917969 0.128906 0.900391 0.0996094 0.917969 0.0917969 0.972656 0.113281 0.990234 0.154297 0.992188 0.154297 0.992188
0 0 0.974609 0 0.882812 0.0078125 0.880859 0.0253906 0.890625 0.0332031 0.9375 0.0253906 0.960938 0 0.974609
0 0.673828 0.888672 0.00390625 0.00390625
0 0.71875 0.998047 0.677734 0.996094 0.705078 0.980469 0.707031 0.916016 0.667969 0.919922 0.642578 0.9375 0.630859 0.960938 0.632812 0.998047 0.613281 0.998047 0.599609 0.980469 0.607422 0.941406 0.660156 0.888672 0.722656 0.892578 0.744141 0.925781 0.736328 0.972656 0.71875 0.998047
0 0.460938 0.998047 0.435547 0.996094 0.443359 0.957031 0.410156 0.912109 0.392578 0.949219 0.404297 0.996094 0.373047 0.996094 0.369141 0.917969 0.394531 0.892578 0.429688 0.892578 0.451172 0.914062 0.466797 0.945312 0.460938 0.998047
0 0.574219 0.998047 0.535156 0.998047 0.519531 0.970703 0.517578 0.996094 0.494141 0.996094 0.490234 0.964844 0.507812 0.923828 0.548828 0.941406 0.580078 0.984375 0.574219 0.998047
0 0.304688 0.998047 0.240234 0.996094 0.261719 0.978516 0.285156 0.978516 0.304688 0.998047
0 0.490234 0.990234 0.00390625 0.00390625
0 0.236328 0.998047 0.00390625 0.00390625
0 0.490234 0.998047 0.00390625 0.00390625
