0 0.128906 0.0683594 0.107422 0.0585938 0.0996094 0 0.115234 0 0.111328 0.0390625 0.125 0.0605469 0.160156 0.0566406 0.195312 0 0.193359 0.03125 0.173828 0.0585938 0.128906 0.0683594
0 0.296875 0.0292969 0.265625 0.0214844 0.255859 0 0.28125 0.0136719 0.308594 0 0.296875 0.0292969
0 0.535156 0.0527344 0.501953 0.00390625 0.515625 0 0.513672 0.0117188 0.535156 0.0371094 0.570312 0 0.568359 0.015625 0.535156 0.0527344
0 0.632812 0.0292969 0.605469 0.0253906 0.599609 0 0.613281 0 0.621094 0.0214844 0.644531 0 0.660156 0 0.662109 0.0078125 0.632812 0.0292969
0 0.699219 0.0371094 0.669922 0.03125 0.671875 0 0.6875 0.0292969 0.708984 0.0195312 0.707031 0 0.724609 0 0.716797 0.0273438 0.699219 0.0371094
0 0.796875 0.0175781 0.757812 0.0175781 0.736328 0 0.789062 0.00976562 0.800781 0 0.796875 0.0175781
0 0.949219 0.0175781 0.916016 0 0.970703 0 0.949219 0.0175781
0 0.433594 0.0175781 0.460938 0.0214844 0.470703 0.0351562 0.470703 0.0546875 0.453125 0.0683594 0.453125 0.0683594 0.423828 0.0625 0.433594 0.0175781 0.4375 0.0253906 0.431641 0.0546875 0.451172 0.0585938 0.451172 0.0585938 0.462891 0.0429688 0.4375 0.0253906
0 0.767578 0.0976562 0.779297 0.0546875 0.8125 0.0253906 0.851562 0.0253906 0.849609 0.0585938 0.804688 0.107422 0.804688 0.107422 0.767578 0.0976562 0.775391 0.09375 0.798828 0.0976562 0.798828 0.0976562 0.837891 0.0585938 0.84375 0.0332031 0.820312 0.0332031 0.791016 0.0546875 0.775391 0.09375
0 0.644531 0.0488281 0.6875 0.0527344 0.724609 0.0742188 0.740234 0.144531 0.71875 0.158203 0.71875 0.158203 0.667969 0.150391 0.638672 0.125 0.634766 0.0585938 0.644531 0.0488281 0.652344 0.0566406 0.642578 0.0859375 0.666016 0.121094 0.695312 0.138672 0.716797 0.136719 0.716797 0.136719 0.728516 0.125 0.720703 0.0976562 0.691406 0.0644531 0.652344 0.0566406
0 0.310547 0.109375 0.265625 0.154297 0.265625 0.154297 0.236328 0.152344 0.232422 0.0898438 0.253906 0.0605469 0.289062 0.0527344 0.306641 0.0625 0.310547 0.109375 0.302734 0.105469 0.292969 0.0644531 0.261719 0.0683594 0.240234 0.0976562 0.244141 0.144531 0.263672 0.144531 0.263672 0.144531 0.302734 0.105469
0 0.996094 0.197266 0.941406 0.185547 0.919922 0.164062 0.912109 0.0898438 0.921875 0.0800781 0.957031 0.0644531 0.998047 0.0664062 0.996094 0.0917969 0.953125 0.0839844 0.919922 0.0976562 0.919922 0.144531 0.935547 0.167969 0.992188 0.185547 0.996094 0.197266
0 0.0703125 0.0800781 0.107422 0.105469 0.115234 0.160156 0.0429688 0.208984 0.0429688 0.208984 0.0175781 0.175781 0.00195312 0.121094 0.0429688 0.0839844 0.0703125 0.0800781 0.0625 0.0878906 0.0136719 0.125 0.0292969 0.179688 0.0449219 0.195312 0.0449219 0.195312 0.107422 0.152344 0.0917969 0.101562 0.0625 0.0878906
0 0.599609 0.171875 0.574219 0.197266 0.574219 0.197266 0.554688 0.197266 0.533203 0.167969 0.533203 0.121094 0.546875 0.107422 0.582031 0.107422 0.599609 0.140625 0.599609 0.171875 0.591797 0.167969 0.591797 0.148438 0.574219 0.115234 0.554688 0.115234 0.541016 0.128906 0.541016 0.160156 0.568359 0.1875 0.568359 0.1875 0.591797 0.167969
0 0.480469 0.126953 0.494141 0.140625 0.498047 0.164062 0.472656 0.189453 0.472656 0.189453 0.423828 0.167969 0.421875 0.130859 0.480469 0.126953 0.472656 0.134766 0.4375 0.134766 0.427734 0.148438 0.435547 0.167969 0.466797 0.179688 0.466797 0.179688 0.486328 0.167969 0.486328 0.148438 0.472656 0.134766
0 0.337891 0.210938 0.333984 0.164062 0.355469 0.138672 0.378906 0.138672 0.404297 0.152344 0.404297 0.1875 0.359375 0.224609 0.359375 0.224609 0.337891 0.210938 0.345703 0.203125 0.361328 0.210938 0.361328 0.210938 0.396484 0.179688 0.396484 0.160156 0.363281 0.146484 0.341797 0.171875 0.345703 0.203125
0 0.269531 0.169922 0.296875 0.166016 0.322266 0.183594 0.320312 0.248047 0.320312 0.248047 0.304688 0.248047 0.275391 0.210938 0.269531 0.169922 0.277344 0.173828 0.279297 0.199219 0.314453 0.238281 0.314453 0.238281 0.314453 0.191406 0.277344 0.173828
0 0.810547 0.214844 0.78125 0.255859 0.78125 0.255859 0.738281 0.248047 0.732422 0.21875 0.746094 0.185547 0.769531 0.169922 0.800781 0.169922 0.810547 0.214844 0.802734 0.210938 0.792969 0.177734 0.769531 0.181641 0.744141 0.207031 0.744141 0.238281 0.775391 0.246094 0.775391 0.246094 0.802734 0.210938
0 0.181641 0.261719 0.181641 0.230469 0.205078 0.191406 0.234375 0.177734 0.251953 0.199219 0.255859 0.230469 0.21875 0.271484 0.21875 0.271484 0.181641 0.261719 0.189453 0.253906 0.212891 0.261719 0.212891 0.261719 0.248047 0.222656 0.226562 0.185547 0.189453 0.238281 0.189453 0.253906
0 0.429688 0.208984 0.486328 0.238281 0.490234 0.277344 0.46875 0.298828 0.46875 0.298828 0.419922 0.285156 0.412109 0.234375 0.429688 0.208984 0.433594 0.220703 0.419922 0.257812 0.447266 0.273438 0.447266 0.273438 0.46875 0.267578 0.478516 0.25 0.433594 0.220703
0 0.0234375 0.345703 0 0.345703 0 0.324219 0.0195312 0.333984 0.0332031 0.320312 0.0410156 0.257812 0.015625 0.224609 0 0.226562 0.00390625 0.216797 0.0234375 0.216797 0.0488281 0.25 0.0410156 0.328125 0.0234375 0.345703
0 0.0996094 0.324219 0.0957031 0.277344 0.105469 0.255859 0.136719 0.259766 0.173828 0.289062 0.181641 0.335938 0.167969 0.349609 0.167969 0.349609 0.113281 0.337891 0.0996094 0.324219 0.107422 0.320312 0.166016 0.339844 0.166016 0.339844 0.166016 0.296875 0.128906 0.267578 0.109375 0.271484 0.107422 0.320312
0 0.439453 0.394531 0.431641 0.449219 0.398438 0.478516 0.359375 0.490234 0.359375 0.490234 0.322266 0.484375 0.318359 0.421875 0.330078 0.390625 0.359375 0.373047 0.429688 0.369141 0.439453 0.394531 0.431641 0.398438 0.417969 0.380859 0.371094 0.392578 0.345703 0.417969 0.330078 0.476562 0.353516 0.480469 0.353516 0.480469 0.386719 0.474609 0.423828 0.441406 0.431641 0.398438
0 0.558594 0.533203 0.537109 0.515625 0.525391 0.460938 0.539062 0.447266 0.574219 0.447266 0.611328 0.464844 0.615234 0.515625 0.601562 0.541016 0.601562 0.541016 0.558594 0.533203 0.5625 0.525391 0.595703 0.53125 0.595703 0.53125 0.607422 0.476562 0.582031 0.458984 0.546875 0.455078 0.533203 0.46875 0.541016 0.503906 0.5625 0.525391
0 0.707031 0.470703 0.724609 0.484375 0.736328 0.527344 0.710938 0.548828 0.710938 0.548828 0.646484 0.523438 0.65625 0.482422 0.707031 0.470703 0.703125 0.478516 0.658203 0.496094 0.664062 0.525391 0.705078 0.539062 0.705078 0.539062 0.724609 0.527344 0.728516 0.507812 0.703125 0.478516
0 0.925781 0.541016 0.908203 0.519531 0.908203 0.488281 0.9375 0.478516 0.984375 0.486328 0.998047 0.5 0.998047 0.535156 0.980469 0.548828 0.980469 0.548828 0.925781 0.541016 0.929688 0.533203 0.974609 0.539062 0.974609 0.539062 0.994141 0.523438 0.984375 0.498047 0.945312 0.486328 0.916016 0.5 0.929688 0.533203
0 0.34375 0.509766 0.398438 0.533203 0.408203 0.566406 0.378906 0.611328 0.378906 0.611328 0.332031 0.611328 0.304688 0.591797 0.283203 0.566406 0.283203 0.53125 0.34375 0.509766 0.339844 0.517578 0.308594 0.525391 0.291016 0.546875 0.298828 0.574219 0.328125 0.595703 0.361328 0.59375 0.361328 0.59375 0.396484 0.574219 0.400391 0.550781 0.339844 0.517578
0 0.105469 0.607422 0.0800781 0.589844 0.0839844 0.570312 0.128906 0.529297 0.160156 0.533203 0.189453 0.554688 0.185547 0.578125 0.148438 0.611328 0.148438 0.611328 0.105469 0.607422 0.109375 0.599609 0.142578 0.601562 0.142578 0.601562 0.177734 0.570312 0.177734 0.554688 0.152344 0.541016 0.121094 0.548828 0.0917969 0.578125 0.109375 0.599609
0 0.443359 0.601562 0.462891 0.558594 0.496094 0.541016 0.521484 0.578125 0.521484 0.625 0.480469 0.658203 0.480469 0.658203 0.447266 0.648438 0.443359 0.601562 0.451172 0.605469 0.455078 0.640625 0.474609 0.648438 0.474609 0.648438 0.509766 0.605469 0.488281 0.548828 0.451172 0.605469
0 0.00390625 0.626953 0 0.621094 0.0292969 0.589844 0.0292969 0.570312 0.0078125 0.568359 0 0.587891 0 0.566406 0.03125 0.556641 0.0371094 0.597656 0.00390625 0.626953
0 0.0351562 0.619141 0.09375 0.619141 0.0917969 0.691406 0.0820312 0.708984 0.0585938 0.716797 0.0585938 0.716797 0.03125 0.716797 0.0175781 0.703125 0.00585938 0.640625 0.0351562 0.619141 0.046875 0.630859 0.0292969 0.652344 0.0332031 0.695312 0.0488281 0.703125 0.0488281 0.703125 0.0839844 0.660156 0.0878906 0.636719 0.078125 0.626953 0.046875 0.630859
0 0.376953 0.675781 0.347656 0.708984 0.347656 0.708984 0.316406 0.705078 0.298828 0.675781 0.306641 0.644531 0.339844 0.619141 0.376953 0.648438 0.376953 0.675781 0.369141 0.667969 0.359375 0.638672 0.314453 0.660156 0.318359 0.691406 0.341797 0.699219 0.341797 0.699219 0.369141 0.667969
0 0.25 0.634766 0.275391 0.683594 0.25 0.716797 0.222656 0.728516 0.222656 0.728516 0.179688 0.712891 0.142578 0.671875 0.138672 0.648438 0.191406 0.623047 0.25 0.634766 0.234375 0.638672 0.210938 0.630859 0.154297 0.660156 0.1875 0.697266 0.236328 0.707031 0.236328 0.707031 0.255859 0.6875 0.255859 0.660156 0.234375 0.638672
0 0.771484 0.722656 0.771484 0.753906 0.753906 0.771484 0.753906 0.771484 0.671875 0.759766 0.634766 0.722656 0.646484 0.683594 0.671875 0.662109 0.726562 0.669922 0.771484 0.722656 0.763672 0.726562 0.726562 0.681641 0.691406 0.673828 0.650391 0.699219 0.650391 0.726562 0.683594 0.755859 0.740234 0.757812 0.740234 0.757812 0.763672 0.742188 0.763672 0.726562
0 0.501953 0.738281 0.513672 0.695312 0.542969 0.681641 0.558594 0.681641 0.599609 0.734375 0.591797 0.777344 0.554688 0.802734 0.554688 0.802734 0.525391 0.789062 0.501953 0.738281 0.509766 0.734375 0.525391 0.773438 0.542969 0.791016 0.560547 0.789062 0.560547 0.789062 0.587891 0.765625 0.591797 0.742188 0.550781 0.689453 0.517578 0.707031 0.509766 0.734375
0 0.378906 0.787109 0.357422 0.769531 0.353516 0.742188 0.390625 0.708984 0.460938 0.716797 0.466797 0.742188 0.433594 0.791016 0.433594 0.791016 0.378906 0.787109 0.386719 0.779297 0.427734 0.78125 0.427734 0.78125 0.458984 0.734375 0.4375 0.716797 0.398438 0.716797 0.361328 0.75 0.386719 0.779297
0 0.205078 0.785156 0.205078 0.804688 0.171875 0.830078 0.171875 0.830078 0.119141 0.816406 0.115234 0.777344 0.136719 0.755859 0.183594 0.759766 0.205078 0.785156 0.197266 0.789062 0.175781 0.767578 0.152344 0.767578 0.134766 0.796875 0.166016 0.820312 0.166016 0.820312 0.197266 0.789062
0 0.255859 0.832031 0.265625 0.771484 0.335938 0.775391 0.349609 0.792969 0.345703 0.832031 0.300781 0.857422 0.300781 0.857422 0.28125 0.857422 0.255859 0.832031 0.263672 0.824219 0.294922 0.847656 0.294922 0.847656 0.341797 0.820312 0.328125 0.783203 0.267578 0.785156 0.263672 0.824219
0 0.357422 0.871094 0.390625 0.826172 0.445312 0.818359 0.466797 0.851562 0.466797 0.898438 0.40625 0.958984 0.40625 0.958984 0.365234 0.90625 0.357422 0.871094 0.365234 0.871094 0.373047 0.902344 0.408203 0.945312 0.408203 0.945312 0.458984 0.890625 0.458984 0.859375 0.441406 0.826172 0.402344 0.830078 0.365234 0.871094
0 0.595703 0.90625 0.632812 0.845703 0.675781 0.837891 0.712891 0.871094 0.708984 0.910156 0.691406 0.939453 0.640625 0.962891 0.640625 0.962891 0.595703 0.945312 0.595703 0.90625 0.603516 0.910156 0.613281 0.947266 0.654297 0.949219 0.654297 0.949219 0.693359 0.921875 0.705078 0.886719 0.705078 0.875 0.667969 0.845703 0.636719 0.857422 0.603516 0.910156
0 0.134766 0.890625 0.167969 0.861328 0.21875 0.845703 0.240234 0.871094 0.236328 0.902344 0.21875 0.927734 0.183594 0.947266 0.183594 0.947266 0.138672 0.933594 0.134766 0.890625 0.142578 0.894531 0.146484 0.925781 0.177734 0.9375 0.177734 0.9375 0.220703 0.910156 0.232422 0.878906 0.21875 0.857422 0.179688 0.865234 0.142578 0.894531
0 0.539062 0.857422 0.5625 0.857422 0.580078 0.878906 0.580078 0.914062 0.546875 0.958984 0.546875 0.958984 0.523438 0.955078 0.505859 0.933594 0.505859 0.902344 0.539062 0.857422 0.542969 0.865234 0.513672 0.910156 0.517578 0.933594 0.544922 0.949219 0.544922 0.949219 0.572266 0.90625 0.558594 0.865234 0.542969 0.865234
0 0.0449219 0.933594 0.0449219 0.902344 0.0664062 0.884766 0.103516 0.914062 0.103516 0.945312 0.0820312 0.966797 0.0820312 0.966797 0.0664062 0.966797 0.0449219 0.933594 0.0527344 0.925781 0.0761719 0.957031 0.0761719 0.957031 0.0917969 0.945312 0.0957031 0.921875 0.0703125 0.896484 0.0527344 0.910156 0.0527344 0.925781
0 0.0117188 0.990234 0 0.984375 0.0136719 0.96875 0.0175781 0.9375 0 0.919922 0.0253906 0.929688 0.0253906 0.96875 0.0117188 0.990234
0 0.292969 0.998047 0.253906 0.966797 0.201172 0.996094 0.234375 0.955078 0.25 0.955078 0.28125 0.974609 0.292969 0.998047
0 0.699219 0.998047 0.685547 0.996094 0.699219 0.998047
