0 0.167969 0.107422 0.0625 0.0957031 0.0292969 0.046875 0.0292969 0 0.0605469 0 0.0566406 0.046875 0.0820312 0.0722656 0.15625 0.0800781 0.201172 0.0507812 0.189453 0 0.21875 0 0.228516 0.0585938 0.167969 0.107422
0 0.394531 0.0371094 0.339844 0.0292969 0.302734 0 0.347656 0 0.375 0.00976562 0.439453 0 0.394531 0.0371094
0 0.742188 0.103516 0.681641 0.0859375 0.654297 0.046875 0.644531 0 0.673828 0.00390625 0.699219 0.0644531 0.742188 0.0761719 0.787109 0.0585938 0.785156 0 0.837891 0 0.837891 0.0351562 0.810547 0.0546875 0.806641 0.078125 0.742188 0.103516
0 0.0410156 0.0683594 0.00390625 0.00390625
0 0.443359 0.128906 0.46875 0.0996094 0.535156 0.0644531 0.585938 0.0644531 0.613281 0.0800781 0.650391 0.121094 0.666016 0.171875 0.630859 0.265625 0.585938 0.318359 0.585938 0.318359 0.507812 0.294922 0.460938 0.259766 0.427734 0.214844 0.443359 0.128906 0.466797 0.140625 0.455078 0.207031 0.503906 0.259766 0.542969 0.283203 0.580078 0.289062 0.580078 0.289062 0.638672 0.191406 0.638672 0.15625 0.597656 0.103516 0.542969 0.0917969 0.515625 0.0996094 0.466797 0.140625
0 0.0078125 0.232422 0 0.230469 0 0.207031 0.015625 0.205078 0.0332031 0.175781 0 0.148438 0 0.123047 0.0605469 0.167969 0.0488281 0.210938 0.0078125 0.232422
0 0.634766 0.185547 0.00390625 0.00390625
0 0.162109 0.320312 0.162109 0.34375 0.140625 0.369141 0.078125 0.392578 0.078125 0.392578 0.0351562 0.388672 0 0.347656 0.00585938 0.285156 0.03125 0.259766 0.0585938 0.251953 0.125 0.263672 0.154297 0.289062 0.146484 0.292969 0.162109 0.320312 0.138672 0.324219 0.105469 0.283203 0.046875 0.283203 0.0292969 0.300781 0.0253906 0.339844 0.0546875 0.365234 0.0839844 0.363281 0.0839844 0.363281 0.117188 0.353516 0.138672 0.324219
0 0.710938 0.361328 0.771484 0.40625 0.791016 0.449219 0.787109 0.527344 0.763672 0.578125 0.734375 0.599609 0.734375 0.599609 0.695312 0.595703 0.611328 0.511719 0.615234 0.46875 0.646484 0.398438 0.710938 0.361328 0.707031 0.384766 0.662109 0.425781 0.634766 0.496094 0.6875 0.556641 0.728516 0.574219 0.728516 0.574219 0.763672 0.507812 0.767578 0.464844 0.748047 0.417969 0.707031 0.384766
0 0.941406 0.646484 0.865234 0.566406 0.841797 0.488281 0.914062 0.431641 0.957031 0.427734 0.994141 0.453125 0.998047 0.496094 0.960938 0.458984 0.921875 0.455078 0.900391 0.472656 0.916016 0.484375 0.908203 0.503906 0.894531 0.521484 0.882812 0.517578 0.876953 0.535156 0.941406 0.615234 0.964844 0.615234 0.998047 0.578125 0.998047 0.621094 0.941406 0.646484
0 0.00390625 0.544922 0 0.427734 0.0332031 0.464844 0.0214844 0.511719 0.0292969 0.515625 0.00390625 0.544922
0 0.0449219 0.574219 0.0449219 0.523438 0.109375 0.427734 0.167969 0.462891 0.197266 0.5 0.216797 0.566406 0.197266 0.613281 0.148438 0.662109 0.148438 0.662109 0.105469 0.658203 0.0605469 0.617188 0.0449219 0.574219 0.0722656 0.570312 0.0898438 0.607422 0.142578 0.632812 0.142578 0.632812 0.169922 0.609375 0.189453 0.554688 0.169922 0.503906 0.140625 0.498047 0.136719 0.482422 0.109375 0.470703 0.0722656 0.527344 0.0722656 0.570312
0 0.892578 0.529297 0.00390625 0.00390625
0 0.0195312 0.720703 0.0585938 0.705078 0.125 0.705078 0.177734 0.730469 0.181641 0.765625 0.169922 0.789062 0.113281 0.818359 0.113281 0.818359 0.0742188 0.818359 0.0664062 0.806641 0.0546875 0.814453 0 0.777344 0.0195312 0.720703 0.0332031 0.742188 0.0253906 0.765625 0.0429688 0.783203 0.0957031 0.789062 0.0957031 0.789062 0.132812 0.783203 0.150391 0.761719 0.0625 0.740234 0.0664062 0.732422 0.0332031 0.742188
0 0.357422 0.726562 0.390625 0.701172 0.480469 0.712891 0.501953 0.738281 0.501953 0.769531 0.449219 0.826172 0.402344 0.841797 0.402344 0.841797 0.361328 0.816406 0.349609 0.78125 0.357422 0.726562 0.376953 0.738281 0.373047 0.777344 0.398438 0.814453 0.412109 0.8125 0.412109 0.8125 0.478516 0.757812 0.472656 0.740234 0.398438 0.724609 0.376953 0.738281
0 0.824219 0.892578 0.775391 0.8125 0.798828 0.734375 0.851562 0.701172 0.894531 0.716797 0.931641 0.777344 0.923828 0.863281 0.886719 0.912109 0.886719 0.912109 0.847656 0.908203 0.824219 0.892578 0.835938 0.869141 0.876953 0.882812 0.876953 0.882812 0.896484 0.863281 0.904297 0.78125 0.884766 0.746094 0.859375 0.728516 0.818359 0.753906 0.802734 0.8125 0.835938 0.869141
0 0.996094 0.810547 0.996094 0.763672 0.996094 0.810547
0 0.0683594 0.818359 0.00390625 0.00390625
0 0.828125 0.998047 0.771484 0.996094 0.816406 0.982422 0.828125 0.998047
