0 0.712891 0.0351562 0.697266 0.0703125 0.671875 0.0839844 0.671875 0.0839844 0.625 0.0839844 0.607422 0.0664062 0.611328 0.0273438 0.644531 0.00195312 0.699219 0 0.712891 0.0351562 0.685547 0.0351562 0.671875 0.0136719 0.634766 0.0507812 0.669922 0.0546875 0.669922 0.0546875 0.685547 0.0351562
0 0.716797 0.00195312 0.00390625 0.00390625
0 0.738281 0.00976562 0.720703 0 0.755859 0 0.738281 0.00976562
0 0.933594 0.0175781 0.974609 0.0898438 0.958984 0.140625 0.902344 0.181641 0.902344 0.181641 0.851562 0.173828 0.826172 0.121094 0.830078 0.0625 0.867188 0.0136719 0.890625 0.00585938 0.933594 0.0175781 0.914062 0.0371094 0.894531 0.0371094 0.853516 0.078125 0.849609 0.101562 0.861328 0.140625 0.878906 0.154297 0.900391 0.152344 0.900391 0.152344 0.927734 0.136719 0.947266 0.101562 0.914062 0.0371094
0 0.720703 0.00976562 0.00390625 0.00390625
0 0.494141 0.0820312 0.466797 0.0429688 0.492188 0.0214844 0.546875 0.0253906 0.580078 0.0625 0.580078 0.125 0.550781 0.185547 0.550781 0.185547 0.507812 0.181641 0.478516 0.144531 0.494141 0.0820312 0.521484 0.0820312 0.501953 0.128906 0.529297 0.160156 0.529297 0.160156 0.541016 0.15625 0.560547 0.0820312 0.542969 0.0566406 0.511719 0.0449219 0.521484 0.0820312
0 0.611328 0.0761719 0.00390625 0.00390625
0 0.675781 0.103516 0.728516 0.144531 0.728516 0.171875 0.695312 0.193359 0.695312 0.193359 0.636719 0.189453 0.619141 0.164062 0.619141 0.128906 0.644531 0.103516 0.675781 0.103516 0.664062 0.126953 0.642578 0.148438 0.652344 0.166016 0.673828 0.167969 0.673828 0.167969 0.701172 0.15625 0.664062 0.126953
0 0.865234 0.238281 0.873047 0.277344 0.855469 0.298828 0.855469 0.298828 0.816406 0.291016 0.791016 0.265625 0.787109 0.207031 0.804688 0.181641 0.824219 0.185547 0.865234 0.238281 0.841797 0.246094 0.816406 0.224609 0.818359 0.265625 0.845703 0.269531 0.845703 0.269531 0.841797 0.246094
0 0.720703 0.253906 0.716797 0.300781 0.671875 0.330078 0.671875 0.330078 0.625 0.322266 0.611328 0.304688 0.619141 0.242188 0.636719 0.220703 0.691406 0.228516 0.720703 0.253906 0.697266 0.261719 0.652344 0.244141 0.638672 0.292969 0.669922 0.300781 0.669922 0.300781 0.693359 0.292969 0.697266 0.261719
0 0.529297 0.265625 0.537109 0.363281 0.480469 0.404297 0.480469 0.404297 0.414062 0.392578 0.396484 0.363281 0.396484 0.296875 0.4375 0.236328 0.5 0.236328 0.529297 0.265625 0.505859 0.273438 0.480469 0.259766 0.445312 0.271484 0.419922 0.3125 0.423828 0.363281 0.4375 0.376953 0.474609 0.378906 0.474609 0.378906 0.509766 0.351562 0.505859 0.273438
0 0.964844 0.396484 0.916016 0.371094 0.912109 0.351562 0.892578 0.339844 0.892578 0.304688 0.900391 0.277344 0.925781 0.259766 0.996094 0.251953 0.988281 0.283203 0.945312 0.279297 0.939453 0.289062 0.935547 0.339844 0.947266 0.367188 0.998047 0.355469 0.998047 0.382812 0.964844 0.396484
0 0.826172 0.263672 0.00390625 0.00390625
0 0.705078 0.441406 0.697266 0.371094 0.730469 0.318359 0.785156 0.294922 0.822266 0.3125 0.849609 0.382812 0.826172 0.429688 0.777344 0.466797 0.777344 0.466797 0.720703 0.464844 0.705078 0.441406 0.732422 0.4375 0.759766 0.441406 0.759766 0.441406 0.796875 0.423828 0.822266 0.394531 0.818359 0.359375 0.802734 0.332031 0.78125 0.322266 0.751953 0.335938 0.724609 0.390625 0.732422 0.4375
0 0.712891 0.345703 0.00390625 0.00390625
0 0.640625 0.396484 0.6875 0.412109 0.705078 0.449219 0.689453 0.503906 0.671875 0.509766 0.671875 0.509766 0.625 0.490234 0.607422 0.460938 0.615234 0.417969 0.640625 0.396484 0.648438 0.419922 0.634766 0.457031 0.660156 0.478516 0.673828 0.476562 0.673828 0.476562 0.673828 0.433594 0.648438 0.419922
0 0.984375 0.525391 0.953125 0.525391 0.931641 0.507812 0.916016 0.464844 0.925781 0.419922 0.964844 0.412109 0.998047 0.433594 0.992188 0.462891 0.966797 0.445312 0.972656 0.439453 0.943359 0.441406 0.960938 0.501953 0.998047 0.492188 0.998047 0.519531 0.984375 0.525391
0 0.708984 0.636719 0.716797 0.5625 0.746094 0.533203 0.828125 0.541016 0.869141 0.585938 0.865234 0.65625 0.824219 0.701172 0.824219 0.701172 0.75 0.693359 0.708984 0.636719 0.736328 0.632812 0.769531 0.669922 0.814453 0.671875 0.814453 0.671875 0.830078 0.664062 0.849609 0.609375 0.828125 0.576172 0.777344 0.552734 0.740234 0.582031 0.736328 0.632812
0 0.996094 0.845703 0.921875 0.826172 0.892578 0.773438 0.892578 0.726562 0.912109 0.691406 0.904297 0.675781 0.925781 0.662109 0.998047 0.683594 0.996094 0.712891 0.949219 0.689453 0.925781 0.693359 0.919922 0.730469 0.923828 0.785156 0.933594 0.798828 0.996094 0.818359 0.996094 0.845703
0 0.857422 0.859375 0.865234 0.90625 0.853516 0.9375 0.816406 0.962891 0.816406 0.962891 0.75 0.951172 0.740234 0.925781 0.751953 0.863281 0.796875 0.826172 0.869141 0.839844 0.869141 0.855469 0.857422 0.859375 0.837891 0.875 0.800781 0.853516 0.771484 0.886719 0.767578 0.921875 0.773438 0.935547 0.810547 0.933594 0.810547 0.933594 0.833984 0.917969 0.837891 0.875
0 0.996094 0.994141 0.953125 0.990234 0.919922 0.964844 0.927734 0.917969 0.953125 0.884766 0.964844 0.900391 0.998047 0.886719 0.998047 0.910156 0.964844 0.919922 0.943359 0.945312 0.957031 0.962891 0.996094 0.962891 0.996094 0.994141
0 0.982422 0.884766 0.00390625 0.00390625
0 0.779297 0.966797 0.00390625 0.00390625
