0 0.205078 0.0214844 0.00390625 0.00390625
0 0.123047 0.132812 0.123047 0.0898438 0.15625 0.0449219 0.226562 0.0214844 0.265625 0.0332031 0.302734 0.0898438 0.291016 0.15625 0.259766 0.210938 0.21875 0.228516 0.21875 0.228516 0.158203 0.203125 0.123047 0.132812 0.146484 0.121094 0.181641 0.1875 0.224609 0.199219 0.224609 0.199219 0.267578 0.144531 0.275391 0.0976562 0.246094 0.0527344 0.214844 0.0488281 0.154297 0.078125 0.146484 0.121094
0 0.541016 0.105469 0.570312 0.0722656 0.609375 0.0527344 0.699219 0.0605469 0.720703 0.0820312 0.708984 0.136719 0.65625 0.189453 0.621094 0.197266 0.621094 0.197266 0.544922 0.160156 0.541016 0.105469 0.564453 0.117188 0.564453 0.140625 0.578125 0.154297 0.634766 0.167969 0.634766 0.167969 0.689453 0.113281 0.6875 0.0878906 0.625 0.0761719 0.564453 0.117188
0 0.00390625 0.189453 0 0.15625 0.0136719 0.144531 0.0175781 0.113281 0 0.0859375 0 0.0566406 0.0371094 0.0898438 0.0449219 0.117188 0.0371094 0.152344 0.00390625 0.189453
0 0.814453 0.140625 0.824219 0.111328 0.90625 0.126953 0.939453 0.167969 0.943359 0.234375 0.902344 0.263672 0.902344 0.263672 0.810547 0.234375 0.791016 0.175781 0.794922 0.148438 0.814453 0.140625 0.835938 0.138672 0.837891 0.203125 0.867188 0.224609 0.904297 0.230469 0.904297 0.230469 0.916016 0.222656 0.908203 0.171875 0.835938 0.138672
0 0.892578 0.119141 0.00390625 0.00390625
0 0.662109 0.142578 0.00390625 0.00390625
0 0.998047 0.271484 0.00390625 0.00390625
0 0.177734 0.339844 0.181641 0.292969 0.199219 0.271484 0.226562 0.271484 0.298828 0.347656 0.310547 0.390625 0.298828 0.421875 0.273438 0.435547 0.273438 0.435547 0.210938 0.427734 0.173828 0.394531 0.169922 0.335938 0.177734 0.339844 0.197266 0.324219 0.201172 0.390625 0.248047 0.410156 0.248047 0.410156 0.275391 0.40625 0.279297 0.371094 0.263672 0.339844 0.210938 0.298828 0.197266 0.324219
0 0.996094 0.294922 0.996094 0.279297 0.996094 0.294922
0 0.998047 0.302734 0.00390625 0.00390625
0 0.841797 0.359375 0.845703 0.4375 0.830078 0.472656 0.800781 0.498047 0.742188 0.513672 0.742188 0.513672 0.699219 0.509766 0.685547 0.492188 0.673828 0.457031 0.677734 0.351562 0.707031 0.322266 0.792969 0.306641 0.841797 0.359375 0.818359 0.371094 0.789062 0.333984 0.734375 0.341797 0.701172 0.367188 0.708984 0.472656 0.726562 0.486328 0.748047 0.484375 0.748047 0.484375 0.796875 0.470703 0.822266 0.414062 0.818359 0.371094
0 0.236328 0.53125 0.203125 0.556641 0.148438 0.568359 0.148438 0.568359 0.119141 0.5625 0.119141 0.515625 0.15625 0.490234 0.160156 0.474609 0.214844 0.451172 0.248047 0.492188 0.236328 0.53125 0.210938 0.521484 0.216797 0.492188 0.1875 0.490234 0.138672 0.535156 0.158203 0.539062 0.158203 0.539062 0.210938 0.521484
0 0 0.550781 0.015625 0.525391 0.0742188 0.505859 0.0917969 0.519531 0.0839844 0.585938 0.0683594 0.617188 0.0390625 0.634766 0.0390625 0.634766 0 0.609375 0 0.550781 0.0214844 0.558594 0.0214844 0.597656 0.0371094 0.605469 0.0371094 0.605469 0.0644531 0.566406 0.0625 0.537109 0.0214844 0.558594
0 0.00195312 0.744141 0.00390625 0.00390625
0 0.00195312 0.771484 0.00390625 0.00390625
0 0.996094 0.998047 0.974609 0.996094 0.982422 0.9375 0.972656 0.931641 0.964844 0.947266 0.914062 0.955078 0.878906 0.998047 0.839844 0.998047 0.837891 0.976562 0.90625 0.912109 0.988281 0.908203 0.998047 0.914062 0.996094 0.998047
0 0.449219 0.998047 0.298828 0.996094 0.390625 0.962891 0.449219 0.998047
