0 0.0410156 0.00195312 0.00390625 0.00390625
0 0.0507812 0.00585938 0.0605469 0 0.0507812 0.00585938
0 0.0761719 0.00195312 0.00390625 0.00390625
0 0.761719 0.103516 0.703125 0.103516 0.675781 0.0878906 0.658203 0.0625 0.654297 0.00390625 0.685547 0 0.685547 0.0546875 0.707031 0.0761719 0.761719 0.0761719 0.783203 0.0703125 0.791016 0.0390625 0.763672 0 0.792969 0 0.818359 0.0546875 0.796875 0.0878906 0.761719 0.103516
0 0.138672 0.1875 0.105469 0.216797 0.105469 0.216797 0.0585938 0.212891 0.0136719 0.175781 0.0214844 0.113281 0.0742188 0.0761719 0.128906 0.0839844 0.154297 0.117188 0.138672 0.1875 0.119141 0.171875 0.130859 0.132812 0.119141 0.109375 0.101562 0.103516 0.0546875 0.115234 0.0410156 0.136719 0.0488281 0.175781 0.0917969 0.191406 0.0917969 0.191406 0.119141 0.171875
0 0.886719 0.294922 0.849609 0.28125 0.814453 0.210938 0.818359 0.164062 0.833984 0.140625 0.826172 0.121094 0.84375 0.111328 0.945312 0.142578 0.966797 0.179688 0.966797 0.210938 0.947266 0.242188 0.910156 0.287109 0.886719 0.294922 0.886719 0.294922 0.884766 0.269531 0.904297 0.261719 0.923828 0.191406 0.910156 0.166016 0.863281 0.150391 0.857422 0.230469 0.861328 0.25 0.884766 0.269531 0.884766 0.269531
0 0.771484 0.257812 0.738281 0.310547 0.691406 0.326172 0.691406 0.326172 0.642578 0.292969 0.630859 0.234375 0.673828 0.167969 0.71875 0.142578 0.771484 0.199219 0.771484 0.257812 0.744141 0.261719 0.744141 0.214844 0.710938 0.177734 0.685547 0.195312 0.658203 0.242188 0.666016 0.277344 0.689453 0.296875 0.689453 0.296875 0.71875 0.291016 0.744141 0.261719
0 0.191406 0.236328 0.222656 0.248047 0.244141 0.277344 0.224609 0.351562 0.175781 0.396484 0.175781 0.396484 0.109375 0.376953 0.0917969 0.34375 0.107422 0.28125 0.134766 0.246094 0.191406 0.236328 0.1875 0.259766 0.138672 0.28125 0.119141 0.339844 0.125 0.357422 0.177734 0.367188 0.177734 0.367188 0.197266 0.347656 0.212891 0.296875 0.197266 0.28125 0.205078 0.269531 0.1875 0.259766
0 0.875 0.369141 0.90625 0.369141 0.939453 0.40625 0.939453 0.457031 0.919922 0.492188 0.886719 0.513672 0.886719 0.513672 0.839844 0.505859 0.791016 0.460938 0.791016 0.363281 0.8125 0.341797 0.875 0.369141 0.890625 0.388672 0.816406 0.373047 0.818359 0.453125 0.863281 0.486328 0.892578 0.484375 0.892578 0.484375 0.916016 0.445312 0.904297 0.402344 0.890625 0.388672
0 0.654297 0.5625 0.59375 0.599609 0.59375 0.599609 0.554688 0.595703 0.501953 0.554688 0.501953 0.484375 0.525391 0.417969 0.574219 0.373047 0.625 0.353516 0.693359 0.40625 0.697266 0.484375 0.654297 0.5625 0.628906 0.552734 0.658203 0.515625 0.673828 0.46875 0.666016 0.410156 0.613281 0.380859 0.544922 0.4375 0.521484 0.519531 0.546875 0.564453 0.595703 0.570312 0.595703 0.570312 0.628906 0.552734
0 0.865234 0.392578 0.00390625 0.00390625
0 0.666016 0.474609 0.00390625 0.00390625
0 0.736328 0.882812 0.724609 0.847656 0.744141 0.761719 0.78125 0.724609 0.804688 0.724609 0.816406 0.744141 0.841797 0.753906 0.869141 0.820312 0.861328 0.867188 0.816406 0.908203 0.816406 0.908203 0.761719 0.904297 0.736328 0.882812 0.757812 0.873047 0.806641 0.882812 0.806641 0.882812 0.833984 0.863281 0.841797 0.808594 0.789062 0.748047 0.755859 0.804688 0.751953 0.847656 0.757812 0.873047
0 0.996094 0.888672 0.953125 0.876953 0.919922 0.839844 0.923828 0.753906 0.941406 0.736328 0.998047 0.742188 0.998047 0.765625 0.960938 0.767578 0.943359 0.800781 0.955078 0.847656 0.992188 0.857422 0.996094 0.888672
0 0.941406 0.998047 0.900391 0.996094 0.925781 0.970703 0.998047 0.949219 0.996094 0.986328 0.957031 0.986328 0.941406 0.998047
