0 0.0664062 0.0839844 0.0273438 0.0800781 0.00195312 0.0585938 0 0 0.00976562 0 0.00585938 0.0429688 0.046875 0.0761719 0.0761719 0.0546875 0.0800781 0.0351562 0.0644531 0.00390625 0.0761719 0 0.0878906 0.0429688 0.0664062 0.0839844
0 0.136719 0.0253906 0.0996094 0 0.140625 0.0136719 0.160156 0 0.162109 0.0078125 0.136719 0.0253906
0 0.511719 0.0136719 0.441406 0.0136719 0.431641 0 0.529297 0 0.511719 0.0136719
0 0.597656 0.0253906 0.574219 0.0253906 0.564453 0 0.589844 0.0175781 0.621094 0 0.597656 0.0253906
0 0.699219 0.0214844 0.660156 0.0175781 0.634766 0 0.679688 0.0136719 0.744141 0 0.738281 0.0136719 0.699219 0.0214844
0 0.910156 0.0292969 0.888672 0.0273438 0.886719 0 0.898438 0.0214844 0.935547 0 0.931641 0.0195312 0.910156 0.0292969
0 0.996094 0.0175781 0.970703 0 0.996094 0.0175781
0 0.996094 0.146484 0.953125 0.138672 0.939453 0.113281 0.947266 0.0507812 0.988281 0.0292969 0.998047 0.0351562 0.955078 0.0585938 0.947266 0.105469 0.964844 0.134766 0.996094 0.146484
0 0.210938 0.0371094 0.228516 0.046875 0.228516 0.0742188 0.220703 0.101562 0.195312 0.119141 0.195312 0.119141 0.158203 0.113281 0.162109 0.0703125 0.179688 0.0449219 0.210938 0.0371094 0.207031 0.0449219 0.169922 0.078125 0.173828 0.109375 0.189453 0.109375 0.189453 0.109375 0.216797 0.0820312 0.220703 0.0546875 0.207031 0.0449219
0 0.386719 0.107422 0.365234 0.0664062 0.390625 0.0410156 0.433594 0.0449219 0.462891 0.0898438 0.453125 0.107422 0.453125 0.107422 0.386719 0.107422 0.394531 0.0996094 0.439453 0.0976562 0.439453 0.0976562 0.443359 0.0742188 0.425781 0.0527344 0.384766 0.0546875 0.380859 0.0859375 0.394531 0.0996094
0 0.585938 0.0917969 0.572266 0.0664062 0.617188 0.0410156 0.664062 0.0449219 0.673828 0.0742188 0.65625 0.0917969 0.65625 0.0917969 0.585938 0.0917969 0.59375 0.0839844 0.650391 0.0820312 0.650391 0.0820312 0.662109 0.0664062 0.636719 0.0488281 0.580078 0.0742188 0.59375 0.0839844
0 0.867188 0.0410156 0.884766 0.0507812 0.884766 0.0703125 0.855469 0.103516 0.855469 0.103516 0.830078 0.09375 0.826172 0.0664062 0.867188 0.0410156 0.863281 0.0488281 0.833984 0.0742188 0.853516 0.0898438 0.853516 0.0898438 0.876953 0.0625 0.863281 0.0488281
0 0.345703 0.117188 0.320312 0.150391 0.289062 0.162109 0.289062 0.162109 0.267578 0.128906 0.263672 0.0859375 0.304688 0.0488281 0.335938 0.0527344 0.349609 0.0859375 0.345703 0.117188 0.337891 0.109375 0.333984 0.0664062 0.316406 0.0566406 0.279297 0.0976562 0.283203 0.140625 0.302734 0.148438 0.302734 0.148438 0.337891 0.109375
0 0.738281 0.0449219 0.785156 0.0488281 0.794922 0.0820312 0.75 0.111328 0.75 0.111328 0.707031 0.103516 0.701172 0.0664062 0.738281 0.0449219 0.742188 0.0527344 0.705078 0.078125 0.714844 0.0957031 0.744141 0.101562 0.744141 0.101562 0.787109 0.0742188 0.777344 0.0566406 0.742188 0.0527344
0 0.478516 0.128906 0.515625 0.0957031 0.582031 0.107422 0.591797 0.117188 0.583984 0.148438 0.535156 0.177734 0.535156 0.177734 0.492188 0.173828 0.478516 0.15625 0.478516 0.128906 0.486328 0.136719 0.496094 0.158203 0.544922 0.160156 0.544922 0.160156 0.580078 0.136719 0.574219 0.115234 0.523438 0.103516 0.486328 0.136719
0 0.798828 0.125 0.8125 0.111328 0.839844 0.111328 0.841797 0.136719 0.824219 0.154297 0.824219 0.154297 0.798828 0.148438 0.798828 0.125 0.806641 0.128906 0.818359 0.144531 0.818359 0.144531 0.833984 0.132812 0.832031 0.119141 0.806641 0.128906
0 0.707031 0.220703 0.667969 0.216797 0.623047 0.1875 0.619141 0.160156 0.650391 0.128906 0.648438 0.115234 0.699219 0.126953 0.724609 0.148438 0.728516 0.171875 0.707031 0.220703 0.707031 0.220703 0.701172 0.210938 0.708984 0.167969 0.699219 0.150391 0.660156 0.134766 0.630859 0.160156 0.626953 0.175781 0.644531 0.193359 0.701172 0.210938 0.701172 0.210938
0 0.849609 0.132812 0.871094 0.115234 0.90625 0.119141 0.919922 0.144531 0.902344 0.166016 0.902344 0.166016 0.855469 0.162109 0.849609 0.132812 0.857422 0.136719 0.867188 0.158203 0.896484 0.15625 0.896484 0.15625 0.90625 0.142578 0.871094 0.126953 0.857422 0.136719
0 0.232422 0.183594 0.224609 0.21875 0.207031 0.236328 0.207031 0.236328 0.175781 0.232422 0.146484 0.1875 0.146484 0.164062 0.183594 0.130859 0.232422 0.183594 0.224609 0.1875 0.183594 0.150391 0.154297 0.179688 0.175781 0.216797 0.201172 0.226562 0.201172 0.226562 0.224609 0.1875
0 0.0078125 0.267578 0 0.265625 0 0.158203 0.0253906 0.175781 0.0078125 0.267578
0 0.0566406 0.246094 0.0566406 0.1875 0.0703125 0.169922 0.0976562 0.173828 0.126953 0.21875 0.121094 0.283203 0.121094 0.283203 0.0976562 0.283203 0.0566406 0.246094 0.0644531 0.238281 0.107422 0.273438 0.107422 0.273438 0.115234 0.222656 0.078125 0.177734 0.0644531 0.195312 0.0644531 0.238281
0 0.800781 0.189453 0.837891 0.214844 0.849609 0.269531 0.832031 0.294922 0.832031 0.294922 0.765625 0.283203 0.748047 0.265625 0.728516 0.230469 0.738281 0.185547 0.757812 0.177734 0.800781 0.189453 0.796875 0.197266 0.75 0.197266 0.736328 0.222656 0.759766 0.265625 0.826172 0.285156 0.826172 0.285156 0.841797 0.261719 0.830078 0.222656 0.796875 0.197266
0 0.326172 0.238281 0.308594 0.255859 0.308594 0.255859 0.28125 0.255859 0.263672 0.242188 0.261719 0.193359 0.308594 0.185547 0.322266 0.199219 0.326172 0.238281 0.318359 0.234375 0.318359 0.214844 0.289062 0.193359 0.275391 0.207031 0.275391 0.242188 0.302734 0.246094 0.302734 0.246094 0.318359 0.234375
0 0.953125 0.185547 0.986328 0.203125 0.982422 0.25 0.964844 0.267578 0.964844 0.267578 0.929688 0.263672 0.916016 0.238281 0.927734 0.199219 0.953125 0.185547 0.957031 0.193359 0.927734 0.21875 0.931641 0.242188 0.951172 0.253906 0.951172 0.253906 0.978516 0.21875 0.957031 0.193359
0 0.433594 0.310547 0.400391 0.300781 0.404297 0.25 0.445312 0.208984 0.488281 0.201172 0.505859 0.253906 0.480469 0.294922 0.433594 0.310547 0.433594 0.310547 0.431641 0.300781 0.490234 0.261719 0.476562 0.212891 0.416016 0.25 0.408203 0.292969 0.431641 0.300781 0.431641 0.300781
0 0.228516 0.285156 0.228516 0.332031 0.207031 0.357422 0.207031 0.357422 0.167969 0.349609 0.154297 0.3125 0.158203 0.285156 0.1875 0.259766 0.207031 0.259766 0.228516 0.285156 0.216797 0.285156 0.207031 0.275391 0.179688 0.279297 0.162109 0.300781 0.169922 0.324219 0.208984 0.332031 0.208984 0.332031 0.220703 0.3125 0.216797 0.285156
0 0.996094 0.318359 0.986328 0.308594 0.996094 0.263672 0.996094 0.318359
0 0.0683594 0.3125 0.0585938 0.345703 0.0585938 0.345703 0.0195312 0.341797 0.0136719 0.3125 0.0546875 0.298828 0.0683594 0.3125 0.0605469 0.320312 0.0273438 0.314453 0.0214844 0.328125 0.0371094 0.335938 0.0371094 0.335938 0.0605469 0.320312
0 0.917969 0.322266 0.960938 0.318359 0.978516 0.335938 0.974609 0.375 0.949219 0.392578 0.949219 0.392578 0.910156 0.392578 0.896484 0.378906 0.896484 0.339844 0.917969 0.322266 0.921875 0.330078 0.904297 0.347656 0.910156 0.380859 0.943359 0.382812 0.943359 0.382812 0.970703 0.359375 0.957031 0.326172 0.921875 0.330078
0 0.787109 0.371094 0.791016 0.34375 0.808594 0.330078 0.832031 0.333984 0.857422 0.363281 0.853516 0.390625 0.832031 0.404297 0.832031 0.404297 0.808594 0.400391 0.787109 0.371094 0.794922 0.363281 0.826172 0.394531 0.826172 0.394531 0.845703 0.382812 0.845703 0.363281 0.824219 0.341797 0.808594 0.341797 0.794922 0.363281
0 0.197266 0.394531 0.226562 0.361328 0.265625 0.345703 0.275391 0.40625 0.234375 0.443359 0.234375 0.443359 0.197266 0.433594 0.197266 0.394531 0.205078 0.398438 0.205078 0.425781 0.232422 0.433594 0.232422 0.433594 0.267578 0.398438 0.257812 0.353516 0.205078 0.398438
0 0.283203 0.410156 0.298828 0.375 0.347656 0.341797 0.373047 0.371094 0.365234 0.425781 0.347656 0.455078 0.3125 0.470703 0.3125 0.470703 0.283203 0.464844 0.283203 0.410156 0.291016 0.414062 0.291016 0.457031 0.306641 0.460938 0.306641 0.460938 0.335938 0.451172 0.353516 0.429688 0.365234 0.375 0.34375 0.353516 0.302734 0.386719 0.291016 0.414062
0 0.765625 0.427734 0.726562 0.427734 0.720703 0.394531 0.746094 0.380859 0.773438 0.384766 0.779297 0.414062 0.765625 0.427734 0.765625 0.427734 0.763672 0.417969 0.771484 0.398438 0.753906 0.388672 0.728516 0.410156 0.734375 0.419922 0.763672 0.417969 0.763672 0.417969
0 0.841797 0.445312 0.863281 0.416016 0.939453 0.445312 0.955078 0.484375 0.955078 0.542969 0.9375 0.556641 0.9375 0.556641 0.894531 0.556641 0.853516 0.527344 0.841797 0.445312 0.849609 0.449219 0.857422 0.511719 0.90625 0.533203 0.914062 0.548828 0.931641 0.546875 0.931641 0.546875 0.947266 0.535156 0.935547 0.464844 0.914062 0.443359 0.867188 0.427734 0.849609 0.449219
0 0 0.462891 0 0.423828 0 0.462891
0 0.4375 0.529297 0.417969 0.529297 0.373047 0.484375 0.376953 0.449219 0.425781 0.431641 0.425781 0.419922 0.460938 0.431641 0.498047 0.488281 0.480469 0.513672 0.4375 0.529297 0.4375 0.529297 0.431641 0.519531 0.460938 0.513672 0.486328 0.492188 0.474609 0.460938 0.4375 0.431641 0.380859 0.464844 0.384766 0.484375 0.431641 0.519531 0.431641 0.519531
0 0.169922 0.5 0.195312 0.462891 0.220703 0.480469 0.232422 0.515625 0.203125 0.564453 0.203125 0.564453 0.181641 0.5625 0.169922 0.523438 0.169922 0.5 0.177734 0.503906 0.197266 0.554688 0.197266 0.554688 0.220703 0.523438 0.203125 0.474609 0.177734 0.503906
0 0.386719 0.603516 0.347656 0.611328 0.347656 0.611328 0.304688 0.607422 0.267578 0.570312 0.271484 0.527344 0.324219 0.494141 0.382812 0.517578 0.416016 0.566406 0.386719 0.603516 0.378906 0.595703 0.404297 0.574219 0.396484 0.546875 0.34375 0.505859 0.300781 0.521484 0.279297 0.542969 0.279297 0.558594 0.308594 0.591797 0.341797 0.601562 0.341797 0.601562 0.378906 0.595703
0 0 0.529297 0 0.509766 0 0.529297
0 0.0136719 0.574219 0.0175781 0.53125 0.0390625 0.505859 0.078125 0.517578 0.0957031 0.539062 0.0996094 0.5625 0.078125 0.611328 0.078125 0.611328 0.0429688 0.603516 0.0136719 0.574219 0.0214844 0.574219 0.0625 0.603516 0.0761719 0.601562 0.0761719 0.601562 0.0878906 0.550781 0.0429688 0.517578 0.0253906 0.539062 0.0214844 0.574219
0 0.818359 0.554688 0.818359 0.597656 0.785156 0.642578 0.734375 0.662109 0.734375 0.662109 0.712891 0.65625 0.689453 0.585938 0.693359 0.5625 0.765625 0.505859 0.800781 0.513672 0.794922 0.523438 0.818359 0.554688 0.810547 0.558594 0.785156 0.529297 0.730469 0.541016 0.701172 0.570312 0.720703 0.648438 0.732422 0.648438 0.732422 0.648438 0.785156 0.623047 0.810547 0.589844 0.810547 0.558594
0 0.126953 0.574219 0.136719 0.513672 0.166016 0.53125 0.162109 0.566406 0.148438 0.580078 0.148438 0.580078 0.126953 0.574219 0.134766 0.566406 0.146484 0.566406 0.146484 0.566406 0.158203 0.546875 0.152344 0.529297 0.134766 0.546875 0.134766 0.566406
0 0.869141 0.640625 0.876953 0.59375 0.894531 0.580078 0.9375 0.595703 0.955078 0.617188 0.951172 0.65625 0.929688 0.669922 0.929688 0.669922 0.869141 0.640625 0.876953 0.632812 0.914062 0.658203 0.935547 0.65625 0.935547 0.65625 0.943359 0.617188 0.894531 0.591797 0.876953 0.632812
0 0.474609 0.644531 0.511719 0.603516 0.556641 0.617188 0.548828 0.6875 0.523438 0.712891 0.523438 0.712891 0.496094 0.712891 0.474609 0.679688 0.474609 0.644531 0.482422 0.652344 0.490234 0.691406 0.517578 0.703125 0.517578 0.703125 0.548828 0.65625 0.548828 0.625 0.53125 0.611328 0.511719 0.615234 0.482422 0.652344
0 0.996094 0.658203 0.970703 0.644531 0.970703 0.625 0.992188 0.599609 0.998047 0.609375 0.978516 0.636719 0.996094 0.658203
0 0.0195312 0.701172 0 0.695312 0.0390625 0.681641 0.0566406 0.644531 0 0.611328 0.0273438 0.615234 0.0683594 0.644531 0.0605469 0.675781 0.0195312 0.701172
0 0.207031 0.662109 0.152344 0.658203 0.146484 0.617188 0.183594 0.607422 0.1875 0.619141 0.210938 0.623047 0.224609 0.640625 0.207031 0.662109 0.207031 0.662109 0.201172 0.652344 0.212891 0.636719 0.171875 0.615234 0.150391 0.632812 0.167969 0.654297 0.201172 0.652344 0.201172 0.652344
0 0.457031 0.611328 0.458984 0.65625 0.417969 0.681641 0.417969 0.681641 0.396484 0.679688 0.392578 0.648438 0.425781 0.611328 0.457031 0.611328 0.449219 0.619141 0.408203 0.640625 0.400391 0.667969 0.412109 0.671875 0.412109 0.671875 0.451172 0.648438 0.449219 0.619141
0 0.166016 0.714844 0.169922 0.691406 0.1875 0.677734 0.224609 0.683594 0.203125 0.724609 0.203125 0.724609 0.166016 0.714844 0.173828 0.707031 0.197266 0.714844 0.197266 0.714844 0.216797 0.695312 0.210938 0.685547 0.1875 0.689453 0.173828 0.707031
0 0.775391 0.703125 0.775391 0.734375 0.771484 0.75 0.742188 0.767578 0.742188 0.767578 0.716797 0.746094 0.712891 0.699219 0.75 0.677734 0.775391 0.703125 0.767578 0.710938 0.742188 0.689453 0.720703 0.71875 0.732422 0.753906 0.751953 0.753906 0.751953 0.753906 0.767578 0.710938
0 0.908203 0.714844 0.908203 0.753906 0.886719 0.791016 0.847656 0.802734 0.847656 0.802734 0.800781 0.798828 0.787109 0.785156 0.787109 0.746094 0.808594 0.685547 0.871094 0.677734 0.908203 0.714844 0.900391 0.71875 0.863281 0.685547 0.828125 0.689453 0.802734 0.738281 0.798828 0.785156 0.841797 0.792969 0.841797 0.792969 0.900391 0.746094 0.900391 0.71875
0 0.4375 0.732422 0.417969 0.732422 0.408203 0.714844 0.460938 0.689453 0.466797 0.714844 0.4375 0.732422 0.4375 0.732422 0.431641 0.722656 0.458984 0.703125 0.4375 0.705078 0.423828 0.71875 0.431641 0.722656 0.431641 0.722656
0 0.560547 0.726562 0.585938 0.689453 0.621094 0.693359 0.646484 0.734375 0.642578 0.785156 0.601562 0.830078 0.601562 0.830078 0.572266 0.824219 0.556641 0.777344 0.560547 0.726562 0.568359 0.730469 0.564453 0.75 0.576172 0.8125 0.595703 0.820312 0.595703 0.820312 0.638672 0.769531 0.634766 0.726562 0.605469 0.697266 0.568359 0.730469
0 0.324219 0.802734 0.302734 0.78125 0.292969 0.712891 0.300781 0.720703 0.324219 0.701172 0.351562 0.701172 0.392578 0.730469 0.392578 0.78125 0.375 0.802734 0.375 0.802734 0.324219 0.802734 0.332031 0.794922 0.369141 0.792969 0.369141 0.792969 0.384766 0.773438 0.384766 0.738281 0.355469 0.712891 0.324219 0.716797 0.302734 0.738281 0.310547 0.773438 0.332031 0.794922
0 0.996094 0.837891 0.962891 0.804688 0.951172 0.738281 0.988281 0.701172 0.998047 0.707031 0.962891 0.738281 0.962891 0.761719 0.996094 0.837891
0 0.0507812 0.810547 0.00585938 0.792969 0.00585938 0.753906 0.0214844 0.746094 0.0136719 0.785156 0.0273438 0.798828 0.0664062 0.794922 0.0800781 0.773438 0.0722656 0.746094 0.0507812 0.732422 0.0253906 0.746094 0.0351562 0.728516 0.0585938 0.724609 0.0800781 0.738281 0.0917969 0.765625 0.0800781 0.796875 0.0507812 0.810547
0 0.5 0.802734 0.451172 0.789062 0.451172 0.75 0.46875 0.732422 0.488281 0.736328 0.513672 0.769531 0.5 0.802734 0.5 0.802734 0.498047 0.792969 0.498047 0.761719 0.480469 0.744141 0.460938 0.751953 0.458984 0.78125 0.498047 0.792969 0.498047 0.792969
0 0.236328 0.808594 0.253906 0.787109 0.28125 0.791016 0.298828 0.808594 0.310547 0.851562 0.296875 0.865234 0.296875 0.865234 0.251953 0.855469 0.236328 0.808594 0.244141 0.8125 0.259766 0.847656 0.294922 0.855469 0.294922 0.855469 0.291016 0.816406 0.261719 0.794922 0.244141 0.8125
0 0.115234 0.847656 0.107422 0.824219 0.125 0.806641 0.164062 0.806641 0.189453 0.84375 0.193359 0.875 0.164062 0.900391 0.164062 0.900391 0.142578 0.890625 0.115234 0.847656 0.123047 0.84375 0.162109 0.890625 0.162109 0.890625 0.181641 0.851562 0.132812 0.818359 0.119141 0.828125 0.123047 0.84375
0 0.722656 0.853516 0.691406 0.849609 0.677734 0.824219 0.710938 0.802734 0.765625 0.806641 0.763672 0.832031 0.722656 0.853516 0.722656 0.853516 0.716797 0.84375 0.759766 0.816406 0.703125 0.814453 0.689453 0.832031 0.716797 0.84375 0.716797 0.84375
0 0.398438 0.966797 0.373047 0.960938 0.341797 0.898438 0.349609 0.863281 0.390625 0.814453 0.433594 0.822266 0.462891 0.878906 0.451172 0.929688 0.398438 0.966797 0.398438 0.966797 0.392578 0.957031 0.425781 0.939453 0.455078 0.898438 0.431641 0.835938 0.402344 0.822266 0.349609 0.886719 0.365234 0.933594 0.392578 0.957031 0.392578 0.957031
0 0.482422 0.890625 0.482422 0.835938 0.507812 0.814453 0.542969 0.814453 0.560547 0.835938 0.556641 0.859375 0.511719 0.900391 0.511719 0.900391 0.482422 0.890625 0.490234 0.882812 0.505859 0.890625 0.505859 0.890625 0.548828 0.851562 0.542969 0.826172 0.519531 0.822266 0.494141 0.835938 0.490234 0.882812
0 0.00390625 0.888672 0 0.841797 0.0136719 0.855469 0.00390625 0.888672
0 0.996094 0.970703 0.949219 0.966797 0.923828 0.945312 0.908203 0.886719 0.921875 0.849609 0.998047 0.863281 0.996094 0.880859 0.9375 0.861328 0.919922 0.894531 0.939453 0.949219 0.996094 0.970703
0 0.0605469 0.90625 0.0664062 0.869141 0.107422 0.886719 0.101562 0.923828 0.101562 0.923828 0.0605469 0.90625 0.0683594 0.898438 0.0957031 0.914062 0.0957031 0.914062 0.0957031 0.886719 0.0703125 0.880859 0.0683594 0.898438
0 0.808594 0.998047 0.794922 0.996094 0.814453 0.964844 0.814453 0.925781 0.777344 0.876953 0.75 0.884766 0.736328 0.914062 0.736328 0.96875 0.759766 0.996094 0.746094 0.998047 0.728516 0.976562 0.728516 0.90625 0.75 0.869141 0.785156 0.869141 0.814453 0.898438 0.826172 0.953125 0.808594 0.998047
0 0.240234 0.933594 0.277344 0.884766 0.292969 0.884766 0.310547 0.902344 0.314453 0.9375 0.300781 0.962891 0.273438 0.978516 0.273438 0.978516 0.244141 0.972656 0.240234 0.933594 0.248047 0.9375 0.251953 0.964844 0.271484 0.96875 0.271484 0.96875 0.306641 0.929688 0.285156 0.892578 0.248047 0.9375
0 0.621094 0.982422 0.599609 0.957031 0.597656 0.888672 0.636719 0.880859 0.662109 0.902344 0.677734 0.9375 0.677734 0.96875 0.664062 0.990234 0.664062 0.990234 0.621094 0.982422 0.628906 0.974609 0.658203 0.980469 0.658203 0.980469 0.669922 0.945312 0.654297 0.910156 0.628906 0.888672 0.605469 0.896484 0.603516 0.945312 0.628906 0.974609
0 0.160156 0.982422 0.138672 0.960938 0.152344 0.927734 0.175781 0.923828 0.205078 0.941406 0.205078 0.972656 0.191406 0.982422 0.191406 0.982422 0.160156 0.982422 0.167969 0.974609 0.185547 0.972656 0.185547 0.972656 0.197266 0.949219 0.160156 0.935547 0.154297 0.960938 0.167969 0.974609
0 0.902344 0.998047 0.851562 0.931641 0.841797 0.964844 0.876953 0.996094 0.837891 0.980469 0.839844 0.923828 0.859375 0.923828 0.888672 0.953125 0.902344 0.998047
0 0.542969 0.998047 0.533203 0.996094 0.544922 0.957031 0.53125 0.943359 0.513672 0.945312 0.517578 0.996094 0.501953 0.996094 0.507812 0.935547 0.535156 0.935547 0.552734 0.949219 0.542969 0.998047
0 0.140625 0.998047 0.113281 0.958984 0.0742188 0.951172 0.0351562 0.955078 0.0234375 0.998047 0.0175781 0.957031 0.03125 0.943359 0.121094 0.951172 0.140625 0.998047
0 0.359375 0.998047 0.332031 0.974609 0.3125 0.978516 0.300781 0.998047 0.294922 0.984375 0.3125 0.966797 0.335938 0.966797 0.359375 0.998047
0 0.472656 0.998047 0.388672 0.992188 0.410156 0.978516 0.445312 0.978516 0.472656 0.998047
