0 0.0390625 0.0722656 0.00976562 0.0546875 0.0214844 0 0.0371094 0 0.0175781 0.0507812 0.0390625 0.0605469 0.078125 0 0.0761719 0.0234375 0.0390625 0.0722656
0 0.195312 0.107422 0.158203 0.0664062 0.171875 0.00195312 0.226562 0.00585938 0.244141 0.0351562 0.240234 0.09375 0.222656 0.111328 0.222656 0.111328 0.195312 0.107422 0.199219 0.0996094 0.216797 0.101562 0.216797 0.101562 0.232422 0.0859375 0.236328 0.0390625 0.21875 0.0136719 0.179688 0.00976562 0.166016 0.0585938 0.199219 0.0996094
0 0.355469 0.0527344 0.28125 0.0410156 0.251953 0 0.265625 0 0.300781 0.0332031 0.359375 0.0410156 0.382812 0 0.384766 0.0234375 0.355469 0.0527344
0 0.617188 0 0.638672 0.046875 0.638672 0.0742188 0.613281 0.111328 0.613281 0.111328 0.568359 0.0820312 0.568359 0.0234375 0.582031 0 0.617188 0 0.611328 0.00390625 0.59375 0.00195312 0.576172 0.0273438 0.576172 0.0742188 0.611328 0.0976562 0.611328 0.0976562 0.630859 0.0507812 0.611328 0.00390625
0 0.855469 0.00976562 0.826172 0 0.873047 0 0.855469 0.00976562
0 0.996094 0.0449219 0.974609 0.015625 0.976562 0 0.994141 0 0.996094 0.0449219
0 0.900391 0.0742188 0.900391 0.0351562 0.929688 0.00585938 0.966797 0.046875 0.966797 0.0820312 0.945312 0.107422 0.945312 0.107422 0.925781 0.107422 0.900391 0.0742188 0.908203 0.0664062 0.939453 0.0976562 0.939453 0.0976562 0.958984 0.0664062 0.929688 0.0175781 0.908203 0.0429688 0.908203 0.0664062
0 0.0722656 0.0507812 0.101562 0.0214844 0.128906 0.0214844 0.130859 0.0507812 0.109375 0.0800781 0.109375 0.0800781 0.0820312 0.0800781 0.0722656 0.0507812 0.0800781 0.0585938 0.0820312 0.0683594 0.103516 0.0703125 0.103516 0.0703125 0.121094 0.0292969 0.0800781 0.0585938
0 0.777344 0.240234 0.738281 0.228516 0.689453 0.183594 0.697266 0.109375 0.730469 0.0488281 0.792969 0.0878906 0.810547 0.128906 0.806641 0.195312 0.777344 0.240234 0.777344 0.240234 0.775391 0.230469 0.802734 0.175781 0.798828 0.117188 0.769531 0.0800781 0.734375 0.0683594 0.708984 0.105469 0.697266 0.175781 0.734375 0.212891 0.775391 0.230469 0.775391 0.230469
0 0.00390625 0.173828 0.0136719 0.117188 0 0.0898438 0 0.0644531 0.00976562 0.0664062 0.0292969 0.125 0.0292969 0.144531 0.00390625 0.173828
0 0.273438 0.134766 0.248047 0.128906 0.248047 0.101562 0.285156 0.0800781 0.291016 0.109375 0.273438 0.134766 0.273438 0.134766 0.271484 0.125 0.28125 0.0917969 0.255859 0.109375 0.257812 0.123047 0.271484 0.125 0.271484 0.125
0 0.341797 0.167969 0.341797 0.128906 0.367188 0.0878906 0.408203 0.128906 0.408203 0.191406 0.390625 0.208984 0.390625 0.208984 0.371094 0.208984 0.341797 0.167969 0.349609 0.164062 0.369141 0.195312 0.384766 0.199219 0.384766 0.199219 0.404297 0.160156 0.392578 0.121094 0.371094 0.103516 0.349609 0.132812 0.349609 0.164062
0 0.564453 0.171875 0.556641 0.21875 0.53125 0.251953 0.53125 0.251953 0.488281 0.244141 0.455078 0.1875 0.455078 0.132812 0.492188 0.0878906 0.548828 0.132812 0.564453 0.171875 0.556641 0.175781 0.544922 0.144531 0.5 0.0957031 0.466797 0.171875 0.486328 0.226562 0.525391 0.242188 0.525391 0.242188 0.548828 0.210938 0.556641 0.175781
0 0.917969 0.123047 0.939453 0.140625 0.931641 0.1875 0.902344 0.212891 0.902344 0.212891 0.857422 0.191406 0.857422 0.15625 0.882812 0.123047 0.917969 0.123047 0.914062 0.130859 0.886719 0.138672 0.865234 0.164062 0.865234 0.183594 0.900391 0.203125 0.900391 0.203125 0.931641 0.160156 0.914062 0.130859
0 0.996094 0.208984 0.958984 0.164062 0.988281 0.126953 0.998047 0.132812 0.970703 0.167969 0.996094 0.208984
0 0.181641 0.210938 0.203125 0.150391 0.232422 0.167969 0.226562 0.240234 0.226562 0.240234 0.203125 0.236328 0.181641 0.210938 0.189453 0.207031 0.220703 0.230469 0.220703 0.230469 0.228516 0.1875 0.207031 0.162109 0.189453 0.207031
0 0.0371094 0.238281 0.0429688 0.166016 0.117188 0.173828 0.146484 0.203125 0.146484 0.273438 0.121094 0.302734 0.121094 0.302734 0.0527344 0.289062 0.0371094 0.238281 0.0449219 0.234375 0.0605469 0.28125 0.115234 0.292969 0.115234 0.292969 0.142578 0.253906 0.134766 0.203125 0.109375 0.181641 0.0546875 0.173828 0.0449219 0.234375
0 0.335938 0.263672 0.316406 0.263672 0.271484 0.234375 0.269531 0.173828 0.308594 0.169922 0.330078 0.183594 0.349609 0.230469 0.349609 0.253906 0.335938 0.263672 0.335938 0.263672 0.333984 0.253906 0.341797 0.238281 0.330078 0.210938 0.285156 0.193359 0.279297 0.226562 0.333984 0.253906 0.333984 0.253906
0 0.679688 0.279297 0.613281 0.259766 0.587891 0.230469 0.587891 0.199219 0.628906 0.181641 0.667969 0.212891 0.693359 0.253906 0.679688 0.279297 0.679688 0.279297 0.677734 0.265625 0.669922 0.234375 0.640625 0.208984 0.613281 0.201172 0.599609 0.214844 0.640625 0.259766 0.677734 0.265625 0.677734 0.265625
0 0.400391 0.296875 0.396484 0.230469 0.414062 0.201172 0.443359 0.214844 0.474609 0.261719 0.478516 0.300781 0.453125 0.333984 0.453125 0.333984 0.421875 0.322266 0.400391 0.296875 0.408203 0.292969 0.451172 0.324219 0.451172 0.324219 0.470703 0.292969 0.466797 0.265625 0.443359 0.226562 0.417969 0.212891 0.404297 0.234375 0.408203 0.292969
0 0 0.314453 0.00390625 0.220703 0.0136719 0.230469 0.0136719 0.289062 0 0.314453
0 0.183594 0.353516 0.166016 0.335938 0.166016 0.316406 0.203125 0.267578 0.222656 0.263672 0.248047 0.285156 0.248047 0.308594 0.214844 0.357422 0.214844 0.357422 0.183594 0.353516 0.1875 0.345703 0.208984 0.347656 0.208984 0.347656 0.240234 0.300781 0.226562 0.275391 0.210938 0.275391 0.173828 0.324219 0.1875 0.345703
0 0.267578 0.277344 0.308594 0.267578 0.333984 0.296875 0.328125 0.318359 0.328125 0.318359 0.273438 0.302734 0.267578 0.277344 0.275391 0.285156 0.285156 0.298828 0.322266 0.308594 0.322266 0.308594 0.292969 0.275391 0.275391 0.285156
0 0.984375 0.408203 0.947266 0.390625 0.943359 0.335938 0.955078 0.304688 0.996094 0.275391 0.998047 0.289062 0.951172 0.339844 0.955078 0.382812 0.972656 0.396484 0.998047 0.394531 0.984375 0.408203
0 0.71875 0.283203 0.761719 0.291016 0.806641 0.324219 0.802734 0.410156 0.785156 0.443359 0.785156 0.443359 0.685547 0.382812 0.689453 0.339844 0.71875 0.283203 0.71875 0.291016 0.693359 0.375 0.738281 0.412109 0.783203 0.429688 0.783203 0.429688 0.794922 0.40625 0.798828 0.328125 0.757812 0.298828 0.71875 0.291016
0 0.59375 0.287109 0.607422 0.300781 0.603516 0.359375 0.582031 0.392578 0.550781 0.404297 0.550781 0.404297 0.519531 0.404297 0.501953 0.390625 0.505859 0.3125 0.53125 0.291016 0.59375 0.287109 0.589844 0.294922 0.539062 0.298828 0.509766 0.328125 0.509766 0.382812 0.527344 0.396484 0.548828 0.394531 0.548828 0.394531 0.578125 0.384766 0.595703 0.355469 0.599609 0.304688 0.589844 0.294922
0 0.367188 0.314453 0.392578 0.335938 0.392578 0.351562 0.359375 0.380859 0.359375 0.380859 0.306641 0.367188 0.318359 0.335938 0.34375 0.314453 0.367188 0.314453 0.359375 0.322266 0.326172 0.351562 0.353516 0.371094 0.353516 0.371094 0.384766 0.34375 0.359375 0.322266
0 0.121094 0.330078 0.150391 0.347656 0.162109 0.363281 0.162109 0.398438 0.136719 0.412109 0.136719 0.412109 0.0800781 0.390625 0.0742188 0.333984 0.121094 0.330078 0.117188 0.345703 0.0839844 0.347656 0.0800781 0.363281 0.0976562 0.380859 0.134766 0.394531 0.134766 0.394531 0.142578 0.382812 0.117188 0.345703
0 0.292969 0.482422 0.265625 0.470703 0.236328 0.417969 0.240234 0.382812 0.277344 0.373047 0.289062 0.384766 0.335938 0.388672 0.369141 0.425781 0.363281 0.482422 0.363281 0.482422 0.292969 0.482422 0.296875 0.474609 0.357422 0.472656 0.357422 0.472656 0.361328 0.433594 0.328125 0.396484 0.269531 0.380859 0.248047 0.390625 0.244141 0.414062 0.265625 0.458984 0.296875 0.474609
0 0.480469 0.486328 0.453125 0.482422 0.408203 0.449219 0.40625 0.388672 0.445312 0.376953 0.462891 0.390625 0.494141 0.441406 0.480469 0.486328 0.480469 0.486328 0.474609 0.476562 0.486328 0.457031 0.474609 0.421875 0.445312 0.388672 0.421875 0.388672 0.412109 0.398438 0.419922 0.449219 0.474609 0.476562 0.474609 0.476562
0 0.0585938 0.490234 0 0.472656 0 0.462891 0.0507812 0.482422 0.0683594 0.464844 0.0527344 0.402344 0 0.380859 0.0429688 0.380859 0.0683594 0.410156 0.0761719 0.472656 0.0585938 0.490234
0 0.115234 0.488281 0.115234 0.464844 0.132812 0.443359 0.175781 0.431641 0.236328 0.457031 0.255859 0.511719 0.214844 0.537109 0.214844 0.537109 0.167969 0.529297 0.115234 0.488281 0.123047 0.484375 0.152344 0.509766 0.208984 0.527344 0.208984 0.527344 0.248047 0.503906 0.222656 0.458984 0.164062 0.443359 0.126953 0.464844 0.123047 0.484375
0 0.683594 0.513672 0.65625 0.505859 0.630859 0.476562 0.628906 0.427734 0.669922 0.445312 0.689453 0.492188 0.683594 0.513672 0.683594 0.513672 0.677734 0.503906 0.677734 0.480469 0.644531 0.439453 0.634766 0.464844 0.677734 0.503906 0.677734 0.503906
0 0.550781 0.443359 0.597656 0.443359 0.607422 0.453125 0.611328 0.488281 0.59375 0.505859 0.59375 0.505859 0.537109 0.496094 0.533203 0.464844 0.550781 0.443359 0.558594 0.451172 0.552734 0.484375 0.587891 0.496094 0.587891 0.496094 0.603516 0.480469 0.599609 0.460938 0.558594 0.451172
0 0.769531 0.591797 0.724609 0.546875 0.724609 0.511719 0.746094 0.482422 0.804688 0.490234 0.830078 0.511719 0.830078 0.542969 0.789062 0.595703 0.789062 0.595703 0.769531 0.591797 0.777344 0.583984 0.791016 0.582031 0.791016 0.582031 0.802734 0.570312 0.798828 0.519531 0.742188 0.498047 0.732422 0.539062 0.777344 0.583984
0 0.443359 0.511719 0.503906 0.490234 0.509766 0.519531 0.476562 0.537109 0.476562 0.537109 0.449219 0.533203 0.443359 0.511719 0.451172 0.519531 0.470703 0.527344 0.470703 0.527344 0.505859 0.507812 0.496094 0.498047 0.451172 0.519531
0 0.0898438 0.638672 0.0527344 0.601562 0.0488281 0.558594 0.0625 0.533203 0.09375 0.529297 0.126953 0.550781 0.146484 0.613281 0.132812 0.642578 0.132812 0.642578 0.0898438 0.638672 0.0976562 0.630859 0.126953 0.632812 0.126953 0.632812 0.134766 0.601562 0.119141 0.558594 0.0742188 0.537109 0.0566406 0.566406 0.0605469 0.59375 0.0976562 0.630859
0 0.613281 0.638672 0.583984 0.617188 0.568359 0.558594 0.589844 0.533203 0.662109 0.539062 0.660156 0.638672 0.660156 0.638672 0.613281 0.638672 0.617188 0.630859 0.650391 0.628906 0.650391 0.628906 0.654297 0.546875 0.605469 0.537109 0.585938 0.548828 0.576172 0.570312 0.591797 0.613281 0.617188 0.630859
0 0.5 0.564453 0.542969 0.576172 0.544922 0.609375 0.529297 0.648438 0.476562 0.681641 0.476562 0.681641 0.429688 0.681641 0.419922 0.671875 0.427734 0.597656 0.5 0.564453 0.503906 0.572266 0.431641 0.609375 0.427734 0.664062 0.4375 0.673828 0.474609 0.671875 0.474609 0.671875 0.521484 0.640625 0.535156 0.583984 0.503906 0.572266
0 0.962891 0.585938 0.962891 0.628906 0.945312 0.650391 0.945312 0.650391 0.919922 0.640625 0.916016 0.582031 0.929688 0.572266 0.953125 0.572266 0.962891 0.585938 0.955078 0.589844 0.9375 0.580078 0.923828 0.613281 0.927734 0.632812 0.943359 0.640625 0.943359 0.640625 0.955078 0.625 0.955078 0.589844
0 0.376953 0.632812 0.376953 0.671875 0.335938 0.732422 0.335938 0.732422 0.304688 0.716797 0.271484 0.671875 0.275391 0.621094 0.324219 0.580078 0.355469 0.587891 0.376953 0.632812 0.369141 0.636719 0.353516 0.601562 0.332031 0.587891 0.291016 0.617188 0.283203 0.644531 0.306641 0.683594 0.341797 0.707031 0.341797 0.707031 0.369141 0.667969 0.369141 0.636719
0 0.177734 0.597656 0.1875 0.587891 0.207031 0.583984 0.220703 0.597656 0.236328 0.625 0.226562 0.650391 0.226562 0.650391 0.185547 0.632812 0.177734 0.597656 0.1875 0.599609 0.189453 0.621094 0.212891 0.628906 0.212891 0.628906 0.205078 0.605469 0.1875 0.599609
0 0.75 0.677734 0.720703 0.652344 0.726562 0.607422 0.777344 0.607422 0.802734 0.628906 0.810547 0.660156 0.785156 0.677734 0.785156 0.677734 0.75 0.677734 0.757812 0.669922 0.779297 0.667969 0.779297 0.667969 0.802734 0.644531 0.769531 0.615234 0.734375 0.615234 0.724609 0.636719 0.732422 0.652344 0.757812 0.669922
0 0.230469 0.794922 0.214844 0.794922 0.154297 0.738281 0.146484 0.675781 0.160156 0.662109 0.191406 0.658203 0.244141 0.691406 0.251953 0.742188 0.230469 0.794922 0.230469 0.794922 0.224609 0.785156 0.240234 0.757812 0.240234 0.707031 0.21875 0.685547 0.175781 0.673828 0.154297 0.6875 0.158203 0.722656 0.224609 0.785156 0.224609 0.785156
0 0.0175781 0.679688 0.0351562 0.662109 0.0878906 0.671875 0.0878906 0.71875 0.0742188 0.724609 0.0742188 0.724609 0.0175781 0.703125 0.0175781 0.679688 0.0253906 0.683594 0.0351562 0.705078 0.0683594 0.710938 0.0683594 0.710938 0.0800781 0.695312 0.0742188 0.673828 0.0429688 0.669922 0.0253906 0.683594
0 0.996094 0.775391 0.980469 0.775391 0.970703 0.757812 0.974609 0.679688 0.988281 0.666016 0.998047 0.671875 0.982422 0.683594 0.978516 0.75 0.996094 0.775391
0 0.521484 0.773438 0.525391 0.722656 0.566406 0.693359 0.595703 0.703125 0.626953 0.765625 0.619141 0.8125 0.59375 0.837891 0.59375 0.837891 0.554688 0.837891 0.521484 0.773438 0.529297 0.769531 0.556641 0.824219 0.587891 0.828125 0.587891 0.828125 0.611328 0.796875 0.578125 0.712891 0.533203 0.730469 0.529297 0.769531
0 0.736328 0.71875 0.730469 0.751953 0.730469 0.751953 0.705078 0.746094 0.707031 0.705078 0.736328 0.71875 0.728516 0.722656 0.710938 0.716797 0.708984 0.734375 0.724609 0.742188 0.724609 0.742188 0.728516 0.722656
0 0.0703125 0.748047 0.123047 0.78125 0.115234 0.8125 0.0625 0.865234 0.0625 0.865234 0.0429688 0.865234 0.0136719 0.820312 0.0136719 0.785156 0.0429688 0.748047 0.0703125 0.748047 0.0664062 0.755859 0.0507812 0.755859 0.0214844 0.792969 0.0253906 0.828125 0.0527344 0.855469 0.0527344 0.855469 0.0917969 0.804688 0.0917969 0.78125 0.0664062 0.755859
0 0.453125 0.810547 0.431641 0.800781 0.431641 0.78125 0.445312 0.755859 0.464844 0.755859 0.474609 0.789062 0.453125 0.810547 0.453125 0.810547 0.451172 0.800781 0.466797 0.78125 0.457031 0.763672 0.439453 0.789062 0.451172 0.800781 0.451172 0.800781
0 0.304688 0.763672 0.400391 0.777344 0.404297 0.835938 0.390625 0.884766 0.390625 0.884766 0.335938 0.880859 0.306641 0.851562 0.304688 0.763672 0.3125 0.771484 0.318359 0.851562 0.351562 0.876953 0.384766 0.875 0.384766 0.875 0.384766 0.800781 0.347656 0.775391 0.3125 0.771484
0 0.763672 0.824219 0.703125 0.888672 0.703125 0.888672 0.679688 0.888672 0.666016 0.875 0.650391 0.851562 0.646484 0.8125 0.6875 0.771484 0.726562 0.767578 0.763672 0.824219 0.755859 0.820312 0.71875 0.775391 0.6875 0.783203 0.673828 0.796875 0.685547 0.804688 0.658203 0.832031 0.669922 0.863281 0.697266 0.878906 0.697266 0.878906 0.755859 0.820312
0 0.996094 0.919922 0.976562 0.919922 0.958984 0.894531 0.966797 0.835938 0.992188 0.810547 0.998047 0.820312 0.974609 0.84375 0.966797 0.890625 0.996094 0.919922
0 0.158203 0.890625 0.158203 0.847656 0.171875 0.833984 0.214844 0.826172 0.251953 0.859375 0.255859 0.914062 0.226562 0.962891 0.226562 0.962891 0.177734 0.929688 0.158203 0.890625 0.166016 0.886719 0.189453 0.929688 0.224609 0.949219 0.224609 0.949219 0.248047 0.910156 0.248047 0.882812 0.236328 0.851562 0.203125 0.833984 0.169922 0.851562 0.166016 0.886719
0 0.900391 0.902344 0.886719 0.916016 0.886719 0.916016 0.830078 0.898438 0.806641 0.863281 0.820312 0.833984 0.867188 0.830078 0.900391 0.859375 0.900391 0.902344 0.892578 0.898438 0.888672 0.859375 0.859375 0.837891 0.835938 0.837891 0.826172 0.875 0.839844 0.892578 0.880859 0.90625 0.880859 0.90625 0.892578 0.898438
0 0.521484 0.882812 0.513672 0.925781 0.492188 0.943359 0.492188 0.943359 0.451172 0.925781 0.451172 0.890625 0.472656 0.853516 0.496094 0.857422 0.521484 0.882812 0.513672 0.886719 0.480469 0.861328 0.466797 0.871094 0.458984 0.917969 0.486328 0.933594 0.486328 0.933594 0.505859 0.917969 0.513672 0.886719
0 0.0625 0.982422 0.0195312 0.978516 0 0.949219 0.0546875 0.974609 0.0957031 0.949219 0.107422 0.914062 0.0234375 0.912109 0 0.931641 0 0.917969 0.015625 0.904297 0.109375 0.900391 0.115234 0.925781 0.0996094 0.960938 0.0625 0.982422
0 0.429688 0.998047 0.416016 0.996094 0.402344 0.947266 0.359375 0.998047 0.353516 0.992188 0.365234 0.960938 0.40625 0.939453 0.431641 0.96875 0.429688 0.998047
0 0.628906 0.998047 0.619141 0.996094 0.630859 0.976562 0.582031 0.943359 0.566406 0.943359 0.537109 0.976562 0.539062 0.998047 0.529297 0.996094 0.529297 0.96875 0.558594 0.935547 0.585938 0.935547 0.638672 0.96875 0.628906 0.998047
