0 0.078125 0.00976562 0.0410156 0 0.0859375 0 0.078125 0.00976562
0 0.347656 0.00976562 0.298828 0 0.388672 0 0.347656 0.00976562
0 0.474609 0.0429688 0.511719 0.00195312 0.556641 0.015625 0.548828 0.0859375 0.523438 0.111328 0.523438 0.111328 0.496094 0.111328 0.474609 0.078125 0.474609 0.0429688 0.482422 0.0507812 0.490234 0.0898438 0.517578 0.101562 0.517578 0.101562 0.548828 0.0546875 0.548828 0.0234375 0.53125 0.00976562 0.511719 0.0136719 0.482422 0.0507812
0 0.734375 0.0605469 0.712891 0.0546875 0.699219 0 0.712891 0.0078125 0.722656 0.0488281 0.814453 0 0.785156 0.0410156 0.734375 0.0605469
0 0.929688 0.0683594 0.869141 0.0390625 0.878906 0 0.876953 0.03125 0.914062 0.0566406 0.933594 0.0566406 0.947266 0.0273438 0.923828 0 0.951172 0.0078125 0.951172 0.0546875 0.929688 0.0683594
0 0.996094 0.0566406 0.970703 0.0429688 0.970703 0.0234375 0.992188 0 0.998047 0.0078125 0.978516 0.0351562 0.996094 0.0566406
0 0.0195312 0.0996094 0 0.09375 0.0390625 0.0800781 0.0566406 0.0429688 0 0.00976562 0.0273438 0.0136719 0.0683594 0.0429688 0.0605469 0.0742188 0.0195312 0.0996094
0 0.207031 0.0605469 0.152344 0.0566406 0.146484 0.015625 0.183594 0.00585938 0.1875 0.0175781 0.210938 0.0214844 0.224609 0.0390625 0.207031 0.0605469 0.207031 0.0605469 0.201172 0.0507812 0.212891 0.0351562 0.171875 0.0136719 0.150391 0.03125 0.167969 0.0527344 0.201172 0.0507812 0.201172 0.0507812
0 0.457031 0.00976562 0.458984 0.0546875 0.417969 0.0800781 0.417969 0.0800781 0.396484 0.078125 0.392578 0.046875 0.425781 0.00976562 0.457031 0.00976562 0.449219 0.0175781 0.408203 0.0390625 0.400391 0.0664062 0.412109 0.0703125 0.412109 0.0703125 0.451172 0.046875 0.449219 0.0175781
0 0.166016 0.113281 0.169922 0.0898438 0.1875 0.0761719 0.224609 0.0820312 0.203125 0.123047 0.203125 0.123047 0.166016 0.113281 0.173828 0.105469 0.197266 0.113281 0.197266 0.113281 0.216797 0.09375 0.210938 0.0839844 0.1875 0.0878906 0.173828 0.105469
0 0.775391 0.101562 0.775391 0.132812 0.771484 0.148438 0.742188 0.166016 0.742188 0.166016 0.716797 0.144531 0.712891 0.0976562 0.75 0.0761719 0.775391 0.101562 0.767578 0.109375 0.742188 0.0878906 0.720703 0.117188 0.732422 0.152344 0.751953 0.152344 0.751953 0.152344 0.767578 0.109375
0 0.908203 0.113281 0.908203 0.152344 0.886719 0.189453 0.847656 0.201172 0.847656 0.201172 0.800781 0.197266 0.787109 0.183594 0.787109 0.144531 0.808594 0.0839844 0.871094 0.0761719 0.908203 0.113281 0.900391 0.117188 0.863281 0.0839844 0.828125 0.0878906 0.802734 0.136719 0.798828 0.183594 0.841797 0.191406 0.841797 0.191406 0.900391 0.144531 0.900391 0.117188
0 0.4375 0.130859 0.417969 0.130859 0.408203 0.113281 0.460938 0.0878906 0.466797 0.113281 0.4375 0.130859 0.4375 0.130859 0.431641 0.121094 0.458984 0.101562 0.4375 0.103516 0.423828 0.117188 0.431641 0.121094 0.431641 0.121094
0 0.560547 0.125 0.585938 0.0878906 0.621094 0.0917969 0.646484 0.132812 0.642578 0.183594 0.601562 0.228516 0.601562 0.228516 0.572266 0.222656 0.556641 0.175781 0.560547 0.125 0.568359 0.128906 0.564453 0.148438 0.576172 0.210938 0.595703 0.21875 0.595703 0.21875 0.638672 0.167969 0.634766 0.125 0.605469 0.0957031 0.568359 0.128906
0 0.324219 0.201172 0.302734 0.179688 0.292969 0.111328 0.300781 0.119141 0.324219 0.0996094 0.351562 0.0996094 0.392578 0.128906 0.392578 0.179688 0.375 0.201172 0.375 0.201172 0.324219 0.201172 0.332031 0.193359 0.369141 0.191406 0.369141 0.191406 0.384766 0.171875 0.384766 0.136719 0.355469 0.111328 0.324219 0.115234 0.302734 0.136719 0.310547 0.171875 0.332031 0.193359
0 0.996094 0.236328 0.962891 0.203125 0.951172 0.136719 0.988281 0.0996094 0.998047 0.105469 0.962891 0.136719 0.962891 0.160156 0.996094 0.236328
0 0.0507812 0.208984 0.00585938 0.191406 0.00585938 0.152344 0.0214844 0.144531 0.0136719 0.183594 0.0273438 0.197266 0.0664062 0.193359 0.0800781 0.171875 0.0722656 0.144531 0.0507812 0.130859 0.0253906 0.144531 0.0351562 0.126953 0.0585938 0.123047 0.0800781 0.136719 0.0917969 0.164062 0.0800781 0.195312 0.0507812 0.208984
0 0.5 0.201172 0.451172 0.1875 0.451172 0.148438 0.46875 0.130859 0.488281 0.134766 0.513672 0.167969 0.5 0.201172 0.5 0.201172 0.498047 0.191406 0.498047 0.160156 0.480469 0.142578 0.460938 0.150391 0.458984 0.179688 0.498047 0.191406 0.498047 0.191406
0 0.236328 0.207031 0.253906 0.185547 0.28125 0.189453 0.298828 0.207031 0.310547 0.25 0.296875 0.263672 0.296875 0.263672 0.251953 0.253906 0.236328 0.207031 0.244141 0.210938 0.259766 0.246094 0.294922 0.253906 0.294922 0.253906 0.291016 0.214844 0.261719 0.193359 0.244141 0.210938
0 0.115234 0.246094 0.107422 0.222656 0.125 0.205078 0.164062 0.205078 0.189453 0.242188 0.193359 0.273438 0.164062 0.298828 0.164062 0.298828 0.142578 0.289062 0.115234 0.246094 0.123047 0.242188 0.162109 0.289062 0.162109 0.289062 0.181641 0.25 0.132812 0.216797 0.119141 0.226562 0.123047 0.242188
0 0.722656 0.251953 0.691406 0.248047 0.677734 0.222656 0.710938 0.201172 0.765625 0.205078 0.763672 0.230469 0.722656 0.251953 0.722656 0.251953 0.716797 0.242188 0.759766 0.214844 0.703125 0.212891 0.689453 0.230469 0.716797 0.242188 0.716797 0.242188
0 0.398438 0.365234 0.373047 0.359375 0.341797 0.296875 0.349609 0.261719 0.390625 0.212891 0.433594 0.220703 0.462891 0.277344 0.451172 0.328125 0.398438 0.365234 0.398438 0.365234 0.392578 0.355469 0.425781 0.337891 0.455078 0.296875 0.431641 0.234375 0.402344 0.220703 0.349609 0.285156 0.365234 0.332031 0.392578 0.355469 0.392578 0.355469
0 0.482422 0.289062 0.482422 0.234375 0.507812 0.212891 0.542969 0.212891 0.560547 0.234375 0.556641 0.257812 0.511719 0.298828 0.511719 0.298828 0.482422 0.289062 0.490234 0.28125 0.505859 0.289062 0.505859 0.289062 0.548828 0.25 0.542969 0.224609 0.519531 0.220703 0.494141 0.234375 0.490234 0.28125
0 0.00390625 0.287109 0 0.240234 0.0136719 0.253906 0.00390625 0.287109
0 0.996094 0.369141 0.949219 0.365234 0.923828 0.34375 0.908203 0.285156 0.921875 0.248047 0.998047 0.261719 0.996094 0.279297 0.9375 0.259766 0.919922 0.292969 0.939453 0.347656 0.996094 0.369141
0 0.0605469 0.304688 0.0664062 0.267578 0.107422 0.285156 0.101562 0.322266 0.101562 0.322266 0.0605469 0.304688 0.0683594 0.296875 0.0957031 0.3125 0.0957031 0.3125 0.0957031 0.285156 0.0703125 0.279297 0.0683594 0.296875
0 0.826172 0.335938 0.818359 0.382812 0.785156 0.412109 0.785156 0.412109 0.761719 0.412109 0.728516 0.375 0.728516 0.304688 0.75 0.267578 0.785156 0.267578 0.800781 0.279297 0.826172 0.335938 0.818359 0.339844 0.802734 0.296875 0.765625 0.275391 0.744141 0.289062 0.736328 0.3125 0.736328 0.367188 0.779297 0.402344 0.779297 0.402344 0.810547 0.375 0.818359 0.339844
0 0.240234 0.332031 0.277344 0.283203 0.292969 0.283203 0.310547 0.300781 0.314453 0.335938 0.306641 0.355469 0.273438 0.376953 0.273438 0.376953 0.244141 0.371094 0.240234 0.332031 0.248047 0.335938 0.251953 0.363281 0.271484 0.367188 0.271484 0.367188 0.306641 0.328125 0.285156 0.291016 0.248047 0.335938
0 0.621094 0.380859 0.599609 0.355469 0.597656 0.287109 0.636719 0.279297 0.662109 0.300781 0.677734 0.335938 0.677734 0.367188 0.664062 0.388672 0.664062 0.388672 0.621094 0.380859 0.628906 0.373047 0.658203 0.378906 0.658203 0.378906 0.669922 0.34375 0.654297 0.308594 0.628906 0.287109 0.605469 0.294922 0.603516 0.34375 0.628906 0.373047
0 0.160156 0.380859 0.138672 0.359375 0.152344 0.326172 0.175781 0.322266 0.205078 0.339844 0.205078 0.371094 0.191406 0.380859 0.191406 0.380859 0.160156 0.380859 0.167969 0.373047 0.185547 0.371094 0.185547 0.371094 0.197266 0.347656 0.160156 0.333984 0.154297 0.359375 0.167969 0.373047
0 0.839844 0.322266 0.859375 0.322266 0.888672 0.351562 0.904297 0.382812 0.902344 0.412109 0.902344 0.412109 0.882812 0.412109 0.837891 0.378906 0.839844 0.322266 0.847656 0.330078 0.841797 0.363281 0.896484 0.402344 0.896484 0.402344 0.880859 0.359375 0.847656 0.330078
0 0.501953 0.394531 0.507812 0.333984 0.535156 0.333984 0.552734 0.347656 0.552734 0.386719 0.539062 0.404297 0.539062 0.404297 0.501953 0.394531 0.509766 0.386719 0.533203 0.394531 0.533203 0.394531 0.544922 0.355469 0.515625 0.341797 0.509766 0.386719
0 0.0820312 0.447266 0.0390625 0.419922 0.0214844 0.402344 0.0214844 0.347656 0.121094 0.349609 0.142578 0.394531 0.132812 0.447266 0.132812 0.447266 0.0820312 0.447266 0.0898438 0.439453 0.126953 0.4375 0.126953 0.4375 0.134766 0.402344 0.113281 0.357422 0.0332031 0.355469 0.0292969 0.394531 0.0507812 0.416016 0.0898438 0.439453
0 0.335938 0.365234 0.357422 0.382812 0.365234 0.417969 0.347656 0.443359 0.347656 0.443359 0.294922 0.429688 0.304688 0.369141 0.335938 0.365234 0.332031 0.373047 0.320312 0.373047 0.302734 0.386719 0.302734 0.421875 0.345703 0.433594 0.345703 0.433594 0.357422 0.40625 0.332031 0.373047
0 0.425781 0.474609 0.392578 0.4375 0.394531 0.384766 0.445312 0.376953 0.474609 0.394531 0.482422 0.445312 0.464844 0.482422 0.464844 0.482422 0.425781 0.474609 0.433594 0.466797 0.462891 0.46875 0.462891 0.46875 0.474609 0.4375 0.466797 0.402344 0.453125 0.392578 0.40625 0.396484 0.404297 0.4375 0.433594 0.466797
0 0.996094 0.490234 0.982422 0.460938 0.988281 0.408203 0.998047 0.410156 0.996094 0.490234
0 0.550781 0.419922 0.570312 0.423828 0.607422 0.464844 0.603516 0.507812 0.578125 0.544922 0.578125 0.544922 0.542969 0.541016 0.513672 0.503906 0.521484 0.449219 0.550781 0.419922 0.546875 0.431641 0.525391 0.488281 0.537109 0.511719 0.568359 0.53125 0.568359 0.53125 0.587891 0.507812 0.591797 0.472656 0.578125 0.447266 0.546875 0.431641
0 0.935547 0.476562 0.917969 0.537109 0.917969 0.537109 0.878906 0.525391 0.845703 0.484375 0.845703 0.457031 0.867188 0.427734 0.90625 0.443359 0.935547 0.476562 0.927734 0.484375 0.875 0.443359 0.861328 0.492188 0.912109 0.527344 0.912109 0.527344 0.927734 0.484375
0 0.195312 0.517578 0.177734 0.503906 0.183594 0.443359 0.210938 0.447266 0.236328 0.46875 0.240234 0.503906 0.230469 0.517578 0.230469 0.517578 0.195312 0.517578 0.203125 0.509766 0.224609 0.507812 0.224609 0.507812 0.224609 0.46875 0.191406 0.455078 0.185547 0.496094 0.203125 0.509766
0 0.716797 0.550781 0.712891 0.484375 0.757812 0.443359 0.796875 0.443359 0.814453 0.472656 0.814453 0.519531 0.761719 0.568359 0.761719 0.568359 0.734375 0.568359 0.716797 0.550781 0.724609 0.546875 0.759766 0.558594 0.759766 0.558594 0.806641 0.511719 0.806641 0.476562 0.789062 0.451172 0.765625 0.451172 0.720703 0.492188 0.724609 0.546875
0 0.0234375 0.552734 0 0.546875 0.0253906 0.535156 0.0371094 0.5 0 0.478516 0.0449219 0.492188 0.0234375 0.552734
0 0.0644531 0.496094 0.0898438 0.478516 0.125 0.478516 0.150391 0.5 0.150391 0.527344 0.136719 0.544922 0.136719 0.544922 0.0742188 0.537109 0.0644531 0.496094 0.0722656 0.503906 0.09375 0.537109 0.130859 0.535156 0.130859 0.535156 0.142578 0.519531 0.136719 0.501953 0.0722656 0.503906
0 0.441406 0.490234 0.462891 0.511719 0.458984 0.558594 0.449219 0.576172 0.402344 0.591797 0.402344 0.591797 0.373047 0.570312 0.373047 0.507812 0.441406 0.490234 0.433594 0.498047 0.388672 0.515625 0.392578 0.566406 0.412109 0.574219 0.412109 0.574219 0.447266 0.550781 0.447266 0.507812 0.433594 0.498047
0 0.703125 0.623047 0.646484 0.59375 0.646484 0.566406 0.664062 0.541016 0.695312 0.544922 0.720703 0.566406 0.724609 0.613281 0.703125 0.623047 0.703125 0.623047 0.701172 0.613281 0.716797 0.605469 0.712891 0.574219 0.675781 0.548828 0.658203 0.5625 0.654297 0.585938 0.667969 0.603516 0.701172 0.613281 0.701172 0.613281
0 0.191406 0.595703 0.146484 0.582031 0.148438 0.544922 0.171875 0.544922 0.193359 0.5625 0.191406 0.595703 0.191406 0.595703 0.189453 0.585938 0.171875 0.556641 0.150391 0.558594 0.164062 0.580078 0.189453 0.585938 0.189453 0.585938
0 0.478516 0.636719 0.466797 0.613281 0.476562 0.572266 0.53125 0.564453 0.548828 0.578125 0.564453 0.609375 0.550781 0.658203 0.550781 0.658203 0.478516 0.636719 0.486328 0.628906 0.544922 0.648438 0.544922 0.648438 0.556641 0.617188 0.541016 0.585938 0.523438 0.572266 0.496094 0.576172 0.482422 0.605469 0.486328 0.628906
0 0.904297 0.703125 0.876953 0.640625 0.888672 0.585938 0.921875 0.568359 0.958984 0.578125 0.978516 0.636719 0.970703 0.671875 0.9375 0.712891 0.9375 0.712891 0.904297 0.703125 0.914062 0.693359 0.931641 0.691406 0.931641 0.691406 0.962891 0.652344 0.955078 0.59375 0.9375 0.576172 0.904297 0.597656 0.888672 0.632812 0.892578 0.667969 0.914062 0.693359
0 0.00976562 0.667969 0.0136719 0.625 0.0507812 0.580078 0.0742188 0.580078 0.119141 0.621094 0.115234 0.671875 0.0742188 0.712891 0.0742188 0.712891 0.00976562 0.667969 0.0175781 0.664062 0.0722656 0.699219 0.0722656 0.699219 0.103516 0.671875 0.111328 0.628906 0.0585938 0.587891 0.0214844 0.628906 0.0175781 0.664062
0 0.277344 0.603516 0.306641 0.640625 0.302734 0.683594 0.277344 0.736328 0.277344 0.736328 0.242188 0.724609 0.205078 0.675781 0.205078 0.640625 0.234375 0.591797 0.277344 0.603516 0.273438 0.611328 0.246094 0.603516 0.220703 0.632812 0.212891 0.667969 0.275391 0.71875 0.275391 0.71875 0.298828 0.648438 0.273438 0.611328
0 0.816406 0.595703 0.849609 0.617188 0.861328 0.648438 0.855469 0.685547 0.855469 0.685547 0.828125 0.681641 0.802734 0.65625 0.802734 0.617188 0.816406 0.595703 0.820312 0.603516 0.810547 0.648438 0.849609 0.675781 0.849609 0.675781 0.841797 0.625 0.820312 0.603516
0 0.146484 0.648438 0.15625 0.607422 0.193359 0.632812 0.183594 0.666016 0.183594 0.666016 0.164062 0.666016 0.146484 0.648438 0.154297 0.644531 0.177734 0.65625 0.177734 0.65625 0.185547 0.640625 0.160156 0.619141 0.154297 0.644531
0 0.404297 0.664062 0.404297 0.6875 0.382812 0.720703 0.382812 0.720703 0.341797 0.699219 0.345703 0.632812 0.355469 0.626953 0.390625 0.634766 0.404297 0.664062 0.396484 0.667969 0.384766 0.644531 0.363281 0.634766 0.349609 0.691406 0.376953 0.710938 0.376953 0.710938 0.396484 0.667969
0 0.730469 0.638672 0.775391 0.664062 0.767578 0.703125 0.730469 0.724609 0.730469 0.724609 0.695312 0.720703 0.666016 0.695312 0.666016 0.667969 0.683594 0.646484 0.730469 0.638672 0.726562 0.646484 0.699219 0.650391 0.673828 0.6875 0.710938 0.716797 0.728516 0.714844 0.728516 0.714844 0.763672 0.691406 0.767578 0.671875 0.726562 0.646484
0 0.529297 0.734375 0.570312 0.666016 0.621094 0.681641 0.634766 0.707031 0.597656 0.787109 0.597656 0.787109 0.578125 0.787109 0.529297 0.734375 0.537109 0.730469 0.591797 0.777344 0.591797 0.777344 0.615234 0.734375 0.615234 0.707031 0.609375 0.689453 0.578125 0.673828 0.537109 0.730469
0 0.449219 0.677734 0.496094 0.673828 0.517578 0.71875 0.503906 0.763672 0.503906 0.763672 0.441406 0.748047 0.423828 0.730469 0.423828 0.695312 0.449219 0.677734 0.453125 0.685547 0.431641 0.707031 0.441406 0.736328 0.501953 0.75 0.501953 0.75 0.509766 0.722656 0.488281 0.681641 0.453125 0.685547
0 0.15625 0.677734 0.199219 0.677734 0.212891 0.734375 0.175781 0.751953 0.175781 0.751953 0.148438 0.751953 0.119141 0.703125 0.15625 0.677734 0.164062 0.689453 0.138672 0.703125 0.144531 0.724609 0.173828 0.734375 0.173828 0.734375 0.197266 0.722656 0.195312 0.697266 0.164062 0.689453
0 0.988281 0.826172 0.943359 0.816406 0.951172 0.765625 0.976562 0.728516 0.998047 0.738281 0.998047 0.753906 0.984375 0.736328 0.970703 0.746094 0.951172 0.808594 0.980469 0.818359 0.996094 0.787109 0.988281 0.826172
0 0.0234375 0.873047 0 0.863281 0.0195312 0.865234 0.0683594 0.832031 0.0351562 0.748047 0 0.773438 0.0078125 0.744141 0.0390625 0.736328 0.0683594 0.785156 0.0761719 0.835938 0.0234375 0.873047
0 0.783203 0.757812 0.8125 0.732422 0.859375 0.763672 0.873047 0.792969 0.873047 0.835938 0.835938 0.873047 0.835938 0.873047 0.816406 0.873047 0.779297 0.828125 0.783203 0.757812 0.791016 0.761719 0.787109 0.820312 0.824219 0.865234 0.833984 0.863281 0.833984 0.863281 0.865234 0.832031 0.865234 0.800781 0.851562 0.771484 0.808594 0.744141 0.791016 0.761719
0 0.679688 0.810547 0.630859 0.800781 0.652344 0.748047 0.705078 0.757812 0.705078 0.792969 0.679688 0.810547 0.679688 0.810547 0.677734 0.800781 0.697266 0.785156 0.697266 0.765625 0.660156 0.755859 0.642578 0.78125 0.660156 0.802734 0.677734 0.800781 0.677734 0.800781
0 0.173828 0.867188 0.162109 0.8125 0.167969 0.783203 0.21875 0.767578 0.255859 0.800781 0.267578 0.820312 0.257812 0.880859 0.257812 0.880859 0.173828 0.867188 0.181641 0.859375 0.251953 0.871094 0.251953 0.871094 0.251953 0.8125 0.230469 0.791016 0.1875 0.787109 0.181641 0.859375
0 0.384766 0.816406 0.384766 0.796875 0.417969 0.763672 0.457031 0.767578 0.486328 0.796875 0.486328 0.816406 0.449219 0.841797 0.449219 0.841797 0.417969 0.841797 0.384766 0.816406 0.392578 0.8125 0.425781 0.833984 0.443359 0.832031 0.443359 0.832031 0.478516 0.804688 0.464844 0.783203 0.425781 0.771484 0.392578 0.8125
0 0.552734 0.882812 0.560547 0.839844 0.578125 0.826172 0.617188 0.833984 0.669922 0.878906 0.664062 0.900391 0.664062 0.900391 0.5625 0.892578 0.552734 0.882812 0.560547 0.875 0.578125 0.888672 0.658203 0.890625 0.658203 0.890625 0.648438 0.869141 0.59375 0.833984 0.564453 0.855469 0.560547 0.875
