0 0.152344 0.0527344 0.119141 0.00390625 0.132812 0 0.130859 0.0117188 0.152344 0.0371094 0.1875 0 0.185547 0.015625 0.152344 0.0527344
0 0.25 0.0292969 0.222656 0.0253906 0.216797 0 0.230469 0 0.238281 0.0214844 0.261719 0 0.277344 0 0.279297 0.0078125 0.25 0.0292969
0 0.316406 0.0371094 0.287109 0.03125 0.289062 0 0.304688 0.0292969 0.326172 0.0195312 0.324219 0 0.341797 0 0.333984 0.0273438 0.316406 0.0371094
0 0.414062 0.0175781 0.375 0.0175781 0.353516 0 0.40625 0.00976562 0.417969 0 0.414062 0.0175781
0 0.566406 0.0175781 0.533203 0 0.587891 0 0.566406 0.0175781
0 0.703125 0.0214844 0.673828 0 0.703125 0.00976562 0.722656 0 0.703125 0.0214844
0 0.0507812 0.0175781 0.078125 0.0214844 0.0878906 0.0351562 0.0878906 0.0546875 0.0703125 0.0683594 0.0703125 0.0683594 0.0410156 0.0625 0.0507812 0.0175781 0.0546875 0.0253906 0.0488281 0.0546875 0.0683594 0.0585938 0.0683594 0.0585938 0.0800781 0.0429688 0.0546875 0.0253906
0 0.384766 0.0976562 0.396484 0.0546875 0.429688 0.0253906 0.46875 0.0253906 0.466797 0.0585938 0.421875 0.107422 0.421875 0.107422 0.384766 0.0976562 0.392578 0.09375 0.416016 0.0976562 0.416016 0.0976562 0.455078 0.0585938 0.460938 0.0332031 0.4375 0.0332031 0.408203 0.0546875 0.392578 0.09375
0 0.261719 0.0488281 0.304688 0.0527344 0.341797 0.0742188 0.357422 0.144531 0.335938 0.158203 0.335938 0.158203 0.285156 0.150391 0.255859 0.125 0.251953 0.0585938 0.261719 0.0488281 0.269531 0.0566406 0.259766 0.0859375 0.283203 0.121094 0.3125 0.138672 0.333984 0.136719 0.333984 0.136719 0.345703 0.125 0.337891 0.0976562 0.308594 0.0644531 0.269531 0.0566406
0 0.529297 0.148438 0.529297 0.0898438 0.539062 0.0800781 0.574219 0.0644531 0.613281 0.0644531 0.634766 0.078125 0.650391 0.152344 0.632812 0.197266 0.632812 0.197266 0.544922 0.175781 0.529297 0.148438 0.537109 0.144531 0.552734 0.167969 0.626953 0.1875 0.626953 0.1875 0.638672 0.171875 0.638672 0.113281 0.601562 0.0839844 0.542969 0.0917969 0.537109 0.144531
0 0.216797 0.171875 0.191406 0.197266 0.191406 0.197266 0.171875 0.197266 0.150391 0.167969 0.150391 0.121094 0.164062 0.107422 0.199219 0.107422 0.216797 0.140625 0.216797 0.171875 0.208984 0.167969 0.208984 0.148438 0.191406 0.115234 0.171875 0.115234 0.158203 0.128906 0.158203 0.160156 0.185547 0.1875 0.185547 0.1875 0.208984 0.167969
0 0.0976562 0.126953 0.111328 0.140625 0.115234 0.164062 0.0898438 0.189453 0.0898438 0.189453 0.0410156 0.167969 0.0390625 0.130859 0.0976562 0.126953 0.0898438 0.134766 0.0546875 0.134766 0.0449219 0.148438 0.0527344 0.167969 0.0839844 0.179688 0.0839844 0.179688 0.103516 0.167969 0.103516 0.148438 0.0898438 0.134766
0 0 0.208984 0.0136719 0.179688 0 0.142578 0.0214844 0.152344 0.0214844 0.1875 0 0.208984
0 0.427734 0.214844 0.398438 0.255859 0.398438 0.255859 0.355469 0.248047 0.349609 0.21875 0.363281 0.185547 0.386719 0.169922 0.417969 0.169922 0.427734 0.214844 0.419922 0.210938 0.410156 0.177734 0.386719 0.181641 0.361328 0.207031 0.361328 0.238281 0.392578 0.246094 0.392578 0.246094 0.419922 0.210938
0 0.046875 0.208984 0.103516 0.238281 0.107422 0.277344 0.0859375 0.298828 0.0859375 0.298828 0.0371094 0.285156 0.0292969 0.234375 0.046875 0.208984 0.0507812 0.220703 0.0371094 0.257812 0.0644531 0.273438 0.0644531 0.273438 0.0859375 0.267578 0.0957031 0.25 0.0507812 0.220703
0 0.759766 0.417969 0.759766 0.375 0.800781 0.330078 0.855469 0.318359 0.888672 0.351562 0.884766 0.386719 0.859375 0.416016 0.8125 0.427734 0.8125 0.427734 0.759766 0.417969 0.765625 0.412109 0.810547 0.417969 0.810547 0.417969 0.869141 0.371094 0.859375 0.349609 0.816406 0.345703 0.767578 0.382812 0.765625 0.412109
0 0.0078125 0.482422 0 0.476562 0.0488281 0.425781 0.0488281 0.398438 0.0351562 0.380859 0 0.388672 0 0.371094 0.046875 0.369141 0.0527344 0.441406 0.0078125 0.482422
0 0.658203 0.492188 0.660156 0.451172 0.730469 0.439453 0.759766 0.460938 0.763672 0.503906 0.730469 0.537109 0.730469 0.537109 0.695312 0.533203 0.669922 0.511719 0.658203 0.492188 0.666016 0.488281 0.681641 0.511719 0.728516 0.527344 0.728516 0.527344 0.755859 0.5 0.751953 0.46875 0.722656 0.447266 0.671875 0.458984 0.666016 0.488281
0 0.175781 0.533203 0.154297 0.515625 0.142578 0.460938 0.15625 0.447266 0.191406 0.447266 0.228516 0.464844 0.232422 0.515625 0.21875 0.541016 0.21875 0.541016 0.175781 0.533203 0.179688 0.525391 0.212891 0.53125 0.212891 0.53125 0.224609 0.476562 0.199219 0.458984 0.164062 0.455078 0.150391 0.46875 0.158203 0.503906 0.179688 0.525391
0 0.324219 0.470703 0.341797 0.484375 0.353516 0.527344 0.328125 0.548828 0.328125 0.548828 0.263672 0.523438 0.273438 0.482422 0.324219 0.470703 0.320312 0.478516 0.275391 0.496094 0.28125 0.525391 0.322266 0.539062 0.322266 0.539062 0.341797 0.527344 0.345703 0.507812 0.320312 0.478516
0 0.542969 0.541016 0.525391 0.519531 0.525391 0.488281 0.554688 0.478516 0.601562 0.486328 0.619141 0.527344 0.597656 0.548828 0.597656 0.548828 0.542969 0.541016 0.546875 0.533203 0.591797 0.539062 0.591797 0.539062 0.611328 0.523438 0.601562 0.498047 0.5625 0.486328 0.533203 0.5 0.546875 0.533203
0 0.00390625 0.607422 0 0.582031 0.0136719 0.574219 0.0175781 0.550781 0 0.525391 0.0253906 0.542969 0.0214844 0.582031 0.00390625 0.607422
0 0.0605469 0.601562 0.0800781 0.558594 0.113281 0.541016 0.138672 0.578125 0.138672 0.625 0.0976562 0.658203 0.0976562 0.658203 0.0644531 0.648438 0.0605469 0.601562 0.0683594 0.605469 0.0722656 0.640625 0.0917969 0.648438 0.0917969 0.648438 0.126953 0.605469 0.105469 0.548828 0.0683594 0.605469
0 0.697266 0.652344 0.693359 0.625 0.707031 0.591797 0.738281 0.587891 0.787109 0.617188 0.783203 0.644531 0.757812 0.669922 0.757812 0.669922 0.707031 0.666016 0.697266 0.652344 0.705078 0.648438 0.751953 0.660156 0.751953 0.660156 0.779297 0.621094 0.71875 0.595703 0.705078 0.648438
0 0.388672 0.722656 0.388672 0.753906 0.371094 0.771484 0.371094 0.771484 0.289062 0.759766 0.251953 0.722656 0.263672 0.683594 0.289062 0.662109 0.34375 0.669922 0.388672 0.722656 0.380859 0.726562 0.34375 0.681641 0.308594 0.673828 0.267578 0.699219 0.267578 0.726562 0.300781 0.755859 0.357422 0.757812 0.357422 0.757812 0.380859 0.742188 0.380859 0.726562
0 0.119141 0.738281 0.130859 0.695312 0.160156 0.681641 0.175781 0.681641 0.216797 0.734375 0.208984 0.777344 0.171875 0.802734 0.171875 0.802734 0.142578 0.789062 0.119141 0.738281 0.126953 0.734375 0.142578 0.773438 0.160156 0.791016 0.177734 0.789062 0.177734 0.789062 0.205078 0.765625 0.208984 0.742188 0.167969 0.689453 0.134766 0.707031 0.126953 0.734375
0 0.859375 0.701172 0.925781 0.701172 0.962891 0.746094 0.966797 0.769531 0.941406 0.814453 0.941406 0.814453 0.878906 0.802734 0.845703 0.769531 0.841797 0.738281 0.859375 0.701172 0.871094 0.705078 0.853516 0.730469 0.857422 0.753906 0.894531 0.783203 0.927734 0.785156 0.927734 0.785156 0.943359 0.769531 0.939453 0.753906 0.898438 0.712891 0.871094 0.705078
0 0.0507812 0.791016 0.0117188 0.791016 0 0.777344 0.0429688 0.783203 0.0761719 0.730469 0.0546875 0.716797 0 0.724609 0 0.712891 0.0625 0.708984 0.0800781 0.71875 0.0839844 0.742188 0.0507812 0.791016
0 0.693359 0.78125 0.710938 0.759766 0.767578 0.765625 0.738281 0.806641 0.738281 0.806641 0.693359 0.804688 0.693359 0.78125 0.701172 0.789062 0.703125 0.798828 0.732422 0.796875 0.732422 0.796875 0.753906 0.767578 0.730469 0.763672 0.701172 0.789062
0 0.0234375 0.958984 0.00195312 0.9375 0 0.914062 0.0234375 0.947266 0.0722656 0.898438 0.0761719 0.859375 0.0585938 0.826172 0.0273438 0.826172 0 0.849609 0 0.835938 0.0234375 0.818359 0.0625 0.818359 0.0839844 0.851562 0.0839844 0.898438 0.0234375 0.958984
0 0.212891 0.90625 0.25 0.845703 0.292969 0.837891 0.330078 0.871094 0.326172 0.910156 0.308594 0.939453 0.257812 0.962891 0.257812 0.962891 0.212891 0.945312 0.212891 0.90625 0.220703 0.910156 0.230469 0.947266 0.271484 0.949219 0.271484 0.949219 0.310547 0.921875 0.322266 0.886719 0.322266 0.875 0.285156 0.845703 0.253906 0.857422 0.220703 0.910156
0 0.15625 0.857422 0.179688 0.857422 0.197266 0.878906 0.197266 0.914062 0.164062 0.958984 0.164062 0.958984 0.140625 0.955078 0.123047 0.933594 0.123047 0.902344 0.15625 0.857422 0.160156 0.865234 0.130859 0.910156 0.134766 0.933594 0.162109 0.949219 0.162109 0.949219 0.189453 0.90625 0.175781 0.865234 0.160156 0.865234
0 0.316406 0.998047 0.302734 0.996094 0.316406 0.998047
