0 0.136719 0.0214844 0.121094 0.0214844 0.111328 0 0.128906 0.0136719 0.140625 0 0.136719 0.0214844
0 0.179688 0.00585938 0.158203 0 0.197266 0 0.179688 0.00585938
0 0.507812 0.0175781 0.484375 0.0175781 0.462891 0 0.503906 0.00976562 0.515625 0 0.507812 0.0175781
0 0.828125 0.00585938 0.806641 0 0.837891 0 0.828125 0.00585938
0 0.421875 0.0800781 0.400391 0.0664062 0.400391 0.03125 0.417969 0.0136719 0.455078 0.03125 0.453125 0.0800781 0.453125 0.0800781 0.421875 0.0800781 0.425781 0.0722656 0.447266 0.0703125 0.447266 0.0703125 0.451172 0.0429688 0.414062 0.0292969 0.408203 0.0585938 0.425781 0.0722656
0 0.0820312 0.0292969 0.128906 0.0371094 0.142578 0.09375 0.109375 0.107422 0.109375 0.107422 0.0585938 0.0996094 0.0449219 0.0859375 0.0410156 0.046875 0.0820312 0.0292969 0.0859375 0.0371094 0.0488281 0.0546875 0.0664062 0.0917969 0.103516 0.0976562 0.103516 0.0976562 0.134766 0.0859375 0.128906 0.0644531 0.0859375 0.0371094
0 0.222656 0.123047 0.208984 0.101562 0.212891 0.0664062 0.234375 0.0449219 0.267578 0.0507812 0.275391 0.09375 0.261719 0.123047 0.261719 0.123047 0.222656 0.123047 0.230469 0.115234 0.255859 0.113281 0.255859 0.113281 0.267578 0.0859375 0.259766 0.0585938 0.242188 0.0527344 0.220703 0.0742188 0.220703 0.101562 0.230469 0.115234
0 0.878906 0.193359 0.847656 0.193359 0.833984 0.171875 0.833984 0.140625 0.847656 0.119141 0.878906 0.119141 0.908203 0.148438 0.904297 0.171875 0.878906 0.193359 0.878906 0.193359 0.876953 0.183594 0.896484 0.152344 0.878906 0.130859 0.855469 0.126953 0.841797 0.148438 0.845703 0.175781 0.876953 0.183594 0.876953 0.183594
0 0.175781 0.123047 0.193359 0.136719 0.197266 0.160156 0.152344 0.205078 0.152344 0.205078 0.121094 0.201172 0.111328 0.167969 0.128906 0.126953 0.175781 0.123047 0.167969 0.130859 0.126953 0.148438 0.119141 0.183594 0.146484 0.195312 0.146484 0.195312 0.167969 0.185547 0.189453 0.152344 0.167969 0.130859
0 0.318359 0.164062 0.314453 0.214844 0.296875 0.240234 0.296875 0.240234 0.277344 0.240234 0.251953 0.207031 0.263672 0.15625 0.285156 0.142578 0.318359 0.164062 0.310547 0.167969 0.292969 0.150391 0.267578 0.167969 0.259766 0.199219 0.285156 0.232422 0.294922 0.230469 0.294922 0.230469 0.310547 0.167969
0 0.00390625 0.306641 0 0.296875 0.0292969 0.277344 0.0332031 0.25 0 0.205078 0.0273438 0.216797 0.0410156 0.242188 0.0371094 0.28125 0.00390625 0.306641
0 0.996094 0.267578 0.962891 0.253906 0.970703 0.214844 0.992188 0.201172 0.998047 0.210938 0.974609 0.226562 0.970703 0.25 0.996094 0.255859 0.996094 0.267578
0 0.101562 0.291016 0.0878906 0.277344 0.0878906 0.261719 0.132812 0.228516 0.169922 0.253906 0.169922 0.273438 0.144531 0.294922 0.144531 0.294922 0.101562 0.291016 0.109375 0.283203 0.138672 0.285156 0.138672 0.285156 0.162109 0.265625 0.140625 0.244141 0.121094 0.244141 0.0957031 0.269531 0.109375 0.283203
0 0.191406 0.333984 0.169922 0.3125 0.193359 0.273438 0.238281 0.244141 0.279297 0.273438 0.279297 0.300781 0.226562 0.337891 0.226562 0.337891 0.191406 0.333984 0.195312 0.326172 0.224609 0.328125 0.224609 0.328125 0.271484 0.296875 0.271484 0.277344 0.230469 0.255859 0.181641 0.308594 0.195312 0.326172
0 0.0683594 0.382812 0.0605469 0.355469 0.0820312 0.326172 0.140625 0.322266 0.154297 0.335938 0.162109 0.402344 0.136719 0.419922 0.136719 0.419922 0.0976562 0.419922 0.0683594 0.382812 0.0761719 0.375 0.109375 0.400391 0.130859 0.398438 0.130859 0.398438 0.154297 0.390625 0.146484 0.34375 0.132812 0.330078 0.0859375 0.337891 0.0722656 0.355469 0.0761719 0.375
0 0.263672 0.359375 0.289062 0.330078 0.316406 0.326172 0.330078 0.335938 0.330078 0.355469 0.296875 0.384766 0.296875 0.384766 0.273438 0.384766 0.263672 0.359375 0.271484 0.363281 0.28125 0.376953 0.294922 0.375 0.294922 0.375 0.318359 0.359375 0.322266 0.34375 0.308594 0.333984 0.271484 0.363281
0 0.236328 0.390625 0.236328 0.414062 0.21875 0.427734 0.21875 0.427734 0.177734 0.410156 0.1875 0.380859 0.236328 0.390625 0.228516 0.398438 0.21875 0.388672 0.185547 0.398438 0.203125 0.416016 0.220703 0.414062 0.220703 0.414062 0.228516 0.398438
0 0.09375 0.505859 0.0664062 0.501953 0.0488281 0.476562 0.0546875 0.431641 0.0683594 0.488281 0.0898438 0.498047 0.0996094 0.484375 0.0957031 0.453125 0.0585938 0.423828 0.0859375 0.427734 0.103516 0.449219 0.107422 0.492188 0.09375 0.505859
0 0.359375 0.544922 0.300781 0.525391 0.287109 0.507812 0.283203 0.449219 0.304688 0.419922 0.330078 0.429688 0.3125 0.427734 0.291016 0.457031 0.294922 0.503906 0.324219 0.525391 0.357422 0.53125 0.357422 0.460938 0.318359 0.441406 0.347656 0.439453 0.365234 0.453125 0.359375 0.544922
0 0.119141 0.496094 0.128906 0.439453 0.169922 0.449219 0.166016 0.488281 0.148438 0.505859 0.148438 0.505859 0.119141 0.496094 0.126953 0.488281 0.150391 0.492188 0.150391 0.492188 0.162109 0.457031 0.136719 0.447266 0.126953 0.488281
0 0.234375 0.435547 0.240234 0.445312 0.244141 0.496094 0.21875 0.509766 0.21875 0.509766 0.185547 0.484375 0.1875 0.439453 0.234375 0.435547 0.228516 0.445312 0.203125 0.447266 0.193359 0.464844 0.232422 0.492188 0.232422 0.492188 0.240234 0.472656 0.228516 0.445312
0 0.392578 0.507812 0.410156 0.486328 0.445312 0.494141 0.462891 0.515625 0.466797 0.554688 0.445312 0.576172 0.445312 0.576172 0.40625 0.576172 0.392578 0.558594 0.392578 0.507812 0.400391 0.511719 0.400391 0.550781 0.414062 0.568359 0.439453 0.566406 0.439453 0.566406 0.455078 0.554688 0.458984 0.53125 0.451172 0.511719 0.421875 0.494141 0.400391 0.511719
0 0.496094 0.599609 0.474609 0.574219 0.482422 0.542969 0.53125 0.509766 0.566406 0.517578 0.591797 0.550781 0.587891 0.582031 0.542969 0.603516 0.542969 0.603516 0.496094 0.599609 0.5 0.591797 0.541016 0.59375 0.541016 0.59375 0.570312 0.583984 0.583984 0.554688 0.5625 0.525391 0.523438 0.521484 0.482422 0.566406 0.5 0.591797
0 0.21875 0.537109 0.220703 0.621094 0.144531 0.630859 0.144531 0.630859 0.126953 0.605469 0.126953 0.546875 0.171875 0.533203 0.21875 0.537109 0.210938 0.544922 0.142578 0.554688 0.160156 0.619141 0.208984 0.617188 0.208984 0.617188 0.210938 0.544922
0 0.279297 0.585938 0.289062 0.568359 0.351562 0.548828 0.373047 0.558594 0.376953 0.621094 0.351562 0.650391 0.351562 0.650391 0.292969 0.650391 0.283203 0.640625 0.279297 0.585938 0.287109 0.589844 0.287109 0.621094 0.300781 0.642578 0.349609 0.640625 0.349609 0.640625 0.369141 0.617188 0.359375 0.556641 0.324219 0.576172 0.304688 0.572266 0.287109 0.589844
0 0.484375 0.654297 0.429688 0.650391 0.416016 0.636719 0.416016 0.601562 0.472656 0.603516 0.505859 0.636719 0.484375 0.654297 0.484375 0.654297 0.478516 0.644531 0.494141 0.636719 0.566406 0.708984 0.587891 0.6875 0.574219 0.654297 0.535156 0.638672 0.564453 0.699219 0.580078 0.675781 0.558594 0.654297 0.523438 0.650391 0.505859 0.664062 0.511719 0.689453 0.564453 0.699219 0.564453 0.699219 0.535156 0.638672 0.498047 0.65625 0.5 0.693359 0.53125 0.708984 0.566406 0.708984 0.566406 0.708984 0.494141 0.636719 0.460938 0.607422 0.423828 0.617188 0.445312 0.646484 0.478516 0.644531 0.478516 0.644531
0 0.0898438 0.669922 0.0605469 0.664062 0.0566406 0.628906 0.078125 0.611328 0.113281 0.611328 0.119141 0.652344 0.0898438 0.669922 0.0898438 0.669922 0.0878906 0.660156 0.115234 0.636719 0.105469 0.619141 0.0644531 0.636719 0.0644531 0.652344 0.0878906 0.660156 0.0878906 0.660156
0 0.607422 0.691406 0.607422 0.65625 0.632812 0.630859 0.648438 0.630859 0.650391 0.667969 0.632812 0.697266 0.632812 0.697266 0.607422 0.691406 0.615234 0.6875 0.626953 0.6875 0.626953 0.6875 0.642578 0.664062 0.640625 0.638672 0.615234 0.660156 0.615234 0.6875
0 0.208984 0.683594 0.226562 0.650391 0.255859 0.660156 0.255859 0.675781 0.238281 0.689453 0.238281 0.689453 0.208984 0.683594 0.216797 0.675781 0.232422 0.679688 0.232422 0.679688 0.238281 0.658203 0.216797 0.675781
0 0.361328 0.695312 0.361328 0.671875 0.378906 0.646484 0.410156 0.658203 0.427734 0.679688 0.40625 0.705078 0.40625 0.705078 0.361328 0.695312 0.369141 0.691406 0.400391 0.695312 0.400391 0.695312 0.416016 0.679688 0.378906 0.662109 0.369141 0.691406
0 0.138672 0.726562 0.142578 0.675781 0.160156 0.654297 0.179688 0.658203 0.197266 0.683594 0.197266 0.71875 0.179688 0.740234 0.179688 0.740234 0.152344 0.740234 0.138672 0.726562 0.146484 0.722656 0.177734 0.730469 0.177734 0.730469 0.189453 0.6875 0.164062 0.662109 0.146484 0.722656
0 0.0117188 0.751953 0 0.75 0.0136719 0.734375 0 0.689453 0.0214844 0.707031 0.0117188 0.751953
0 0.648438 0.814453 0.615234 0.789062 0.607422 0.742188 0.621094 0.724609 0.675781 0.720703 0.724609 0.753906 0.724609 0.796875 0.691406 0.818359 0.691406 0.818359 0.648438 0.814453 0.65625 0.806641 0.685547 0.808594 0.685547 0.808594 0.708984 0.800781 0.720703 0.765625 0.679688 0.732422 0.628906 0.732422 0.615234 0.75 0.623047 0.78125 0.65625 0.806641
0 0.455078 0.777344 0.455078 0.761719 0.484375 0.736328 0.513672 0.75 0.513672 0.777344 0.5 0.791016 0.5 0.791016 0.472656 0.791016 0.455078 0.777344 0.462891 0.769531 0.494141 0.78125 0.494141 0.78125 0.505859 0.757812 0.492188 0.744141 0.462891 0.769531
0 0.0214844 0.761719 0.0625 0.748047 0.0898438 0.755859 0.111328 0.777344 0.111328 0.800781 0.0898438 0.822266 0.0898438 0.822266 0.03125 0.791016 0.0214844 0.761719 0.0292969 0.769531 0.0625 0.802734 0.0917969 0.808594 0.0917969 0.808594 0.103516 0.785156 0.0898438 0.771484 0.0585938 0.759766 0.0292969 0.769531
0 0.181641 0.777344 0.175781 0.818359 0.175781 0.818359 0.146484 0.808594 0.148438 0.755859 0.164062 0.755859 0.181641 0.777344 0.173828 0.78125 0.160156 0.767578 0.154297 0.800781 0.169922 0.808594 0.169922 0.808594 0.173828 0.78125
0 0.554688 0.810547 0.529297 0.804688 0.529297 0.777344 0.539062 0.763672 0.574219 0.759766 0.576172 0.78125 0.554688 0.810547 0.554688 0.810547 0.552734 0.800781 0.564453 0.78125 0.558594 0.767578 0.537109 0.785156 0.537109 0.796875 0.552734 0.800781 0.552734 0.800781
0 0.318359 0.808594 0.347656 0.783203 0.402344 0.783203 0.419922 0.800781 0.419922 0.835938 0.375 0.857422 0.375 0.857422 0.335938 0.857422 0.318359 0.839844 0.318359 0.808594 0.326172 0.8125 0.335938 0.845703 0.369141 0.847656 0.369141 0.847656 0.412109 0.828125 0.412109 0.804688 0.398438 0.791016 0.351562 0.794922 0.326172 0.8125
0 0.222656 0.853516 0.208984 0.835938 0.226562 0.791016 0.257812 0.791016 0.271484 0.808594 0.267578 0.84375 0.246094 0.857422 0.246094 0.857422 0.222656 0.853516 0.226562 0.845703 0.251953 0.84375 0.251953 0.84375 0.263672 0.8125 0.234375 0.798828 0.216797 0.832031 0.226562 0.845703
0 0.0117188 0.884766 0 0.882812 0.0136719 0.871094 0 0.814453 0.0214844 0.839844 0.0214844 0.878906 0.0117188 0.884766
0 0.482422 0.855469 0.464844 0.884766 0.464844 0.884766 0.443359 0.882812 0.435547 0.84375 0.476562 0.826172 0.482422 0.855469 0.474609 0.851562 0.46875 0.833984 0.451172 0.847656 0.451172 0.875 0.462891 0.875 0.462891 0.875 0.474609 0.851562
0 0.455078 0.933594 0.455078 0.917969 0.488281 0.880859 0.546875 0.876953 0.564453 0.894531 0.564453 0.914062 0.515625 0.955078 0.515625 0.955078 0.476562 0.951172 0.455078 0.933594 0.462891 0.925781 0.476562 0.939453 0.509766 0.945312 0.509766 0.945312 0.552734 0.917969 0.550781 0.892578 0.503906 0.884766 0.470703 0.910156 0.462891 0.925781
0 0.820312 0.931641 0.789062 0.927734 0.763672 0.890625 0.777344 0.880859 0.832031 0.888672 0.841797 0.914062 0.820312 0.931641 0.820312 0.931641 0.814453 0.921875 0.832031 0.900391 0.796875 0.888672 0.775391 0.894531 0.789062 0.916016 0.814453 0.921875 0.814453 0.921875
0 0.289062 0.955078 0.251953 0.945312 0.251953 0.914062 0.265625 0.892578 0.289062 0.892578 0.326172 0.917969 0.320312 0.939453 0.289062 0.955078 0.289062 0.955078 0.287109 0.945312 0.314453 0.921875 0.273438 0.900391 0.259766 0.9375 0.287109 0.945312 0.287109 0.945312
0 0.203125 0.998047 0.193359 0.996094 0.195312 0.935547 0.15625 0.931641 0.126953 0.953125 0.119141 0.964844 0.140625 0.998047 0.115234 0.980469 0.111328 0.957031 0.152344 0.923828 0.203125 0.927734 0.203125 0.998047
0 0.705078 0.945312 0.703125 0.974609 0.703125 0.974609 0.648438 0.966797 0.638672 0.9375 0.65625 0.919922 0.683594 0.923828 0.705078 0.945312 0.697266 0.949219 0.675781 0.931641 0.646484 0.945312 0.671875 0.966797 0.697266 0.964844 0.697266 0.964844 0.697266 0.949219
0 0.429688 0.998047 0.419922 0.996094 0.419922 0.957031 0.386719 0.935547 0.361328 0.949219 0.347656 0.998047 0.349609 0.949219 0.378906 0.927734 0.414062 0.939453 0.431641 0.957031 0.429688 0.998047
0 0.789062 0.998047 0.779297 0.996094 0.783203 0.964844 0.757812 0.943359 0.767578 0.996094 0.748047 0.996094 0.742188 0.935547 0.773438 0.939453 0.791016 0.957031 0.789062 0.998047
0 0.847656 0.998047 0.820312 0.994141 0.818359 0.96875 0.859375 0.947266 0.876953 0.960938 0.876953 0.976562 0.847656 0.998047 0.847656 0.998047 0.845703 0.988281 0.869141 0.96875 0.835938 0.966797 0.826172 0.976562 0.845703 0.988281 0.845703 0.988281
0 0.261719 0.998047 0.246094 0.970703 0.222656 0.998047 0.212891 0.992188 0.25 0.958984 0.267578 0.980469 0.261719 0.998047
0 0.566406 0.998047 0.527344 0.986328 0.455078 0.996094 0.53125 0.978516 0.566406 0.998047
