0 0.238281 0.0605469 0.197266 0.046875 0.177734 0.015625 0.181641 0 0.207031 0 0.205078 0.015625 0.230469 0.0332031 0.238281 0 0.296875 0 0.298828 0.0234375 0.283203 0.046875 0.253906 0.0449219 0.238281 0.0605469
0 0.757812 0.0917969 0.703125 0.0917969 0.673828 0.0703125 0.683594 0 0.712891 0 0.697266 0.0117188 0.697266 0.0507812 0.726562 0.0683594 0.753906 0.0605469 0.763672 0.0351562 0.738281 0.00195312 0.720703 0 0.783203 0.00390625 0.783203 0.0585938 0.757812 0.0917969
0 0.992188 0.138672 0.929688 0.126953 0.904297 0.09375 0.892578 0.0429688 0.917969 0 0.998047 0 0.992188 0.0214844 0.941406 0.0136719 0.927734 0.046875 0.953125 0.107422 0.998047 0.109375 0.992188 0.138672
0 0.177734 0.0273438 0.00390625 0.0078125
0 0.240234 0.183594 0.210938 0.220703 0.148438 0.251953 0.148438 0.251953 0.105469 0.248047 0.0761719 0.230469 0.0644531 0.132812 0.0976562 0.0996094 0.167969 0.0644531 0.201172 0.0742188 0.197266 0.0859375 0.236328 0.144531 0.240234 0.183594 0.216797 0.175781 0.205078 0.140625 0.167969 0.0957031 0.0917969 0.144531 0.0996094 0.214844 0.134766 0.226562 0.134766 0.226562 0.175781 0.212891 0.216797 0.175781
0 0.322266 0.242188 0.322266 0.144531 0.34375 0.115234 0.375 0.0996094 0.417969 0.0996094 0.525391 0.191406 0.529297 0.214844 0.509766 0.253906 0.449219 0.294922 0.449219 0.294922 0.34375 0.275391 0.322266 0.242188 0.345703 0.234375 0.375 0.259766 0.378906 0.251953 0.431641 0.265625 0.431641 0.265625 0.46875 0.255859 0.505859 0.207031 0.429688 0.134766 0.371094 0.130859 0.345703 0.160156 0.345703 0.234375
0 0.240234 0.197266 0.00390625 0.00390625
0 0.00390625 0.357422 0 0.320312 0.0253906 0.300781 0.00585938 0.273438 0.0175781 0.261719 0 0.257812 0 0.234375 0.03125 0.232422 0.0683594 0.261719 0.0800781 0.296875 0.00390625 0.357422
0 0.195312 0.396484 0.162109 0.363281 0.162109 0.292969 0.199219 0.259766 0.234375 0.255859 0.25 0.267578 0.275391 0.320312 0.275391 0.367188 0.253906 0.404297 0.253906 0.404297 0.195312 0.396484 0.207031 0.373047 0.240234 0.375 0.240234 0.375 0.248047 0.324219 0.236328 0.292969 0.210938 0.283203 0.185547 0.3125 0.185547 0.351562 0.207031 0.373047
0 0.992188 0.419922 0.949219 0.408203 0.896484 0.351562 0.904297 0.296875 0.945312 0.267578 0.996094 0.279297 0.998047 0.304688 0.933594 0.302734 0.919922 0.34375 0.96875 0.388672 0.998047 0.394531 0.992188 0.419922
0 0.900391 0.361328 0.00390625 0.00390625
0 0.308594 0.603516 0.251953 0.550781 0.232422 0.496094 0.261719 0.435547 0.363281 0.435547 0.408203 0.46875 0.427734 0.523438 0.423828 0.5625 0.375 0.607422 0.375 0.607422 0.308594 0.603516 0.324219 0.583984 0.365234 0.582031 0.365234 0.582031 0.400391 0.542969 0.396484 0.503906 0.375 0.466797 0.332031 0.458984 0.328125 0.474609 0.296875 0.474609 0.279297 0.492188 0.279297 0.539062 0.291016 0.5625 0.324219 0.583984
0 0 0.644531 0 0.582031 0.0351562 0.548828 0.128906 0.548828 0.201172 0.601562 0.208984 0.648438 0.197266 0.683594 0.171875 0.720703 0.136719 0.740234 0.136719 0.740234 0.0742188 0.720703 0 0.644531 0.0253906 0.636719 0.0703125 0.685547 0.138672 0.710938 0.138672 0.710938 0.181641 0.652344 0.173828 0.605469 0.125 0.576172 0.0585938 0.572266 0.03125 0.583984 0.0175781 0.609375 0.0253906 0.636719
0 0.150391 0.740234 0.00390625 0.00390625
