0 0.302734 0.164062 0.269531 0.197266 0.269531 0.197266 0.207031 0.185547 0.177734 0.15625 0.177734 0.101562 0.214844 0.0605469 0.265625 0.0683594 0.302734 0.113281 0.302734 0.164062 0.279297 0.15625 0.271484 0.113281 0.242188 0.0878906 0.222656 0.0878906 0.201172 0.117188 0.205078 0.148438 0.222656 0.162109 0.267578 0.164062 0.267578 0.164062 0.279297 0.15625
0 0.0429688 0.369141 0.00585938 0.328125 0.0136719 0.230469 0.0351562 0.208984 0.0546875 0.208984 0.0820312 0.177734 0.119141 0.207031 0.134766 0.285156 0.134766 0.347656 0.109375 0.373047 0.109375 0.373047 0.0429688 0.369141 0.0507812 0.345703 0.0800781 0.347656 0.0800781 0.347656 0.107422 0.339844 0.111328 0.304688 0.09375 0.220703 0.0820312 0.232422 0.046875 0.232422 0.0292969 0.265625 0.0371094 0.332031 0.0507812 0.345703
0 0.884766 0.371094 0.904297 0.386719 0.912109 0.457031 0.890625 0.494141 0.839844 0.513672 0.839844 0.513672 0.794922 0.492188 0.771484 0.410156 0.783203 0.378906 0.8125 0.349609 0.878906 0.345703 0.884766 0.371094 0.867188 0.384766 0.835938 0.369141 0.806641 0.386719 0.798828 0.433594 0.814453 0.472656 0.841797 0.484375 0.841797 0.484375 0.871094 0.474609 0.884766 0.453125 0.884766 0.410156 0.867188 0.384766
0 0.378906 0.525391 0.410156 0.525391 0.427734 0.539062 0.431641 0.59375 0.410156 0.626953 0.347656 0.654297 0.347656 0.654297 0.314453 0.640625 0.298828 0.589844 0.318359 0.527344 0.34375 0.501953 0.367188 0.501953 0.378906 0.525391 0.390625 0.544922 0.34375 0.541016 0.330078 0.558594 0.322266 0.605469 0.349609 0.625 0.349609 0.625 0.396484 0.597656 0.408203 0.558594 0.390625 0.544922
0 0.326172 0.517578 0.00390625 0.00390625
0 0.494141 0.640625 0.490234 0.574219 0.527344 0.529297 0.582031 0.513672 0.628906 0.521484 0.646484 0.539062 0.634766 0.601562 0.578125 0.654297 0.542969 0.662109 0.542969 0.662109 0.494141 0.640625 0.513672 0.621094 0.505859 0.640625 0.498047 0.636719 0.505859 0.640625 0.505859 0.640625 0.513672 0.621094 0.552734 0.632812 0.552734 0.632812 0.603516 0.601562 0.619141 0.570312 0.609375 0.541016 0.546875 0.548828 0.529297 0.5625 0.509766 0.597656 0.513672 0.621094
0 0.298828 0.580078 0.00390625 0.00390625
0 0.326172 0.654297 0.00390625 0.00390625
0 0.205078 0.720703 0.00390625 0.00390625
0 0.123047 0.832031 0.123047 0.789062 0.15625 0.744141 0.226562 0.720703 0.265625 0.732422 0.302734 0.789062 0.291016 0.855469 0.259766 0.910156 0.21875 0.927734 0.21875 0.927734 0.158203 0.902344 0.123047 0.832031 0.146484 0.820312 0.185547 0.890625 0.224609 0.898438 0.224609 0.898438 0.267578 0.84375 0.275391 0.796875 0.246094 0.751953 0.214844 0.748047 0.154297 0.777344 0.146484 0.820312
0 0.541016 0.804688 0.570312 0.771484 0.609375 0.751953 0.699219 0.759766 0.720703 0.78125 0.708984 0.835938 0.65625 0.888672 0.621094 0.896484 0.621094 0.896484 0.544922 0.859375 0.541016 0.804688 0.564453 0.816406 0.564453 0.839844 0.578125 0.853516 0.634766 0.867188 0.634766 0.867188 0.689453 0.8125 0.6875 0.787109 0.625 0.775391 0.564453 0.816406
0 0.00390625 0.888672 0 0.855469 0.0136719 0.84375 0.0175781 0.8125 0 0.785156 0 0.755859 0.0371094 0.789062 0.0449219 0.816406 0.0371094 0.851562 0.00390625 0.888672
0 0.814453 0.839844 0.824219 0.810547 0.90625 0.826172 0.939453 0.867188 0.943359 0.933594 0.902344 0.962891 0.902344 0.962891 0.810547 0.933594 0.791016 0.875 0.794922 0.847656 0.814453 0.839844 0.835938 0.837891 0.837891 0.902344 0.867188 0.923828 0.904297 0.929688 0.904297 0.929688 0.916016 0.921875 0.908203 0.871094 0.835938 0.837891
0 0.892578 0.818359 0.00390625 0.00390625
0 0.662109 0.841797 0.00390625 0.00390625
0 0.253906 0.998047 0.181641 0.992188 0.199219 0.970703 0.226562 0.970703 0.253906 0.998047
0 0.998047 0.970703 0.00390625 0.00390625
0 0.996094 0.994141 0.996094 0.978516 0.996094 0.994141
