0 0.0585938 0.0214844 0.0273438 0.0214844 0.00585938 0 0.0546875 0.0136719 0.0742188 0 0.0585938 0.0214844
0 0.441406 0.0253906 0.417969 0.0253906 0.400391 0 0.421875 0.0175781 0.478516 0 0.441406 0.0253906
0 0.632812 0.0878906 0.613281 0.0878906 0.595703 0.0703125 0.580078 0.0078125 0.607422 0 0.591797 0.0234375 0.611328 0.0742188 0.625 0.0800781 0.681641 0.0546875 0.689453 0.0351562 0.677734 0 0.6875 0 0.693359 0.0546875 0.632812 0.0878906
0 0.816406 0.0957031 0.744141 0.0507812 0.734375 0 0.751953 0.0429688 0.808594 0.0800781 0.837891 0.03125 0.841797 0 0.853516 0 0.816406 0.0957031
0 0.177734 0.0898438 0.238281 0.0410156 0.269531 0.0410156 0.314453 0.0742188 0.326172 0.113281 0.25 0.154297 0.25 0.154297 0.199219 0.138672 0.177734 0.113281 0.177734 0.0898438 0.185547 0.0976562 0.210938 0.134766 0.244141 0.144531 0.244141 0.144531 0.318359 0.105469 0.310547 0.0859375 0.261719 0.0488281 0.226562 0.0605469 0.185547 0.0976562
0 0.521484 0.0859375 0.521484 0.117188 0.496094 0.142578 0.496094 0.142578 0.46875 0.142578 0.443359 0.121094 0.443359 0.0820312 0.46875 0.0527344 0.503906 0.0566406 0.521484 0.0859375 0.513672 0.0898438 0.492188 0.0605469 0.476562 0.0605469 0.455078 0.0820312 0.451172 0.113281 0.476562 0.134766 0.494141 0.132812 0.494141 0.132812 0.513672 0.113281 0.513672 0.0898438
0 0.0644531 0.136719 0.0605469 0.105469 0.0742188 0.0800781 0.105469 0.0839844 0.126953 0.105469 0.130859 0.152344 0.113281 0.166016 0.113281 0.166016 0.0859375 0.162109 0.0644531 0.136719 0.0722656 0.132812 0.103516 0.152344 0.103516 0.152344 0.115234 0.109375 0.0820312 0.0878906 0.0683594 0.109375 0.0722656 0.132812
0 0.996094 0.158203 0.966797 0.148438 0.966797 0.121094 0.992188 0.103516 0.998047 0.117188 0.976562 0.126953 0.974609 0.140625 0.996094 0.146484 0.996094 0.158203
0 0.335938 0.177734 0.318359 0.15625 0.318359 0.132812 0.355469 0.111328 0.402344 0.111328 0.433594 0.126953 0.435547 0.15625 0.398438 0.185547 0.398438 0.185547 0.335938 0.177734 0.34375 0.169922 0.392578 0.175781 0.392578 0.175781 0.427734 0.148438 0.421875 0.130859 0.363281 0.119141 0.326172 0.140625 0.34375 0.169922
0 0.152344 0.166016 0.195312 0.177734 0.228516 0.214844 0.232422 0.269531 0.222656 0.283203 0.222656 0.283203 0.175781 0.271484 0.138672 0.242188 0.138672 0.183594 0.152344 0.166016 0.160156 0.173828 0.146484 0.210938 0.150391 0.242188 0.216797 0.273438 0.216797 0.273438 0.216797 0.214844 0.160156 0.173828
0 0.419922 0.226562 0.419922 0.1875 0.457031 0.166016 0.488281 0.173828 0.513672 0.21875 0.509766 0.246094 0.476562 0.263672 0.476562 0.263672 0.445312 0.259766 0.419922 0.226562 0.427734 0.222656 0.453125 0.251953 0.470703 0.253906 0.470703 0.253906 0.496094 0.244141 0.505859 0.222656 0.498047 0.199219 0.464844 0.173828 0.427734 0.195312 0.427734 0.222656
0 0.0585938 0.169922 0.101562 0.173828 0.123047 0.195312 0.111328 0.238281 0.09375 0.251953 0.09375 0.251953 0.046875 0.248047 0.0214844 0.230469 0.0253906 0.203125 0.0585938 0.169922 0.0625 0.177734 0.0292969 0.222656 0.0546875 0.240234 0.0878906 0.242188 0.0878906 0.242188 0.115234 0.203125 0.0859375 0.177734 0.0625 0.177734
0 0.255859 0.195312 0.273438 0.169922 0.300781 0.169922 0.318359 0.210938 0.285156 0.259766 0.285156 0.259766 0.263672 0.238281 0.255859 0.195312 0.263672 0.203125 0.283203 0.242188 0.283203 0.242188 0.310547 0.203125 0.292969 0.177734 0.273438 0.181641 0.263672 0.203125
0 0.378906 0.201172 0.412109 0.226562 0.402344 0.267578 0.402344 0.267578 0.386719 0.267578 0.365234 0.246094 0.365234 0.21875 0.378906 0.201172 0.382812 0.208984 0.373047 0.238281 0.400391 0.253906 0.400391 0.253906 0.404297 0.230469 0.382812 0.208984
0 0 0.275391 0 0.244141 0.00976562 0.253906 0 0.275391
0 0.304688 0.244141 0.341797 0.246094 0.328125 0.279297 0.328125 0.279297 0.302734 0.265625 0.304688 0.244141 0.310547 0.253906 0.326172 0.265625 0.326172 0.265625 0.328125 0.248047 0.310547 0.253906
0 0.552734 0.355469 0.544922 0.28125 0.585938 0.244141 0.621094 0.248047 0.642578 0.261719 0.654297 0.308594 0.617188 0.353516 0.601562 0.349609 0.570312 0.369141 0.570312 0.369141 0.552734 0.355469 0.560547 0.347656 0.572266 0.355469 0.572266 0.355469 0.634766 0.308594 0.634766 0.285156 0.609375 0.255859 0.585938 0.255859 0.552734 0.292969 0.560547 0.347656
0 0.96875 0.380859 0.917969 0.369141 0.880859 0.335938 0.876953 0.273438 0.90625 0.244141 0.957031 0.259766 0.978516 0.285156 0.96875 0.380859 0.96875 0.380859 0.962891 0.371094 0.970703 0.347656 0.958984 0.351562 0.955078 0.28125 0.933594 0.263672 0.902344 0.259766 0.888672 0.308594 0.9375 0.369141 0.962891 0.371094 0.962891 0.371094
0 0.0917969 0.339844 0.0898438 0.279297 0.132812 0.271484 0.150391 0.292969 0.158203 0.34375 0.140625 0.357422 0.140625 0.357422 0.113281 0.357422 0.0917969 0.339844 0.0996094 0.332031 0.134766 0.347656 0.134766 0.347656 0.150391 0.335938 0.142578 0.300781 0.101562 0.287109 0.0917969 0.300781 0.0996094 0.332031
0 0.361328 0.300781 0.347656 0.330078 0.316406 0.341797 0.316406 0.341797 0.271484 0.332031 0.271484 0.308594 0.296875 0.283203 0.335938 0.283203 0.361328 0.300781 0.353516 0.304688 0.308594 0.291016 0.279297 0.316406 0.285156 0.330078 0.314453 0.332031 0.314453 0.332031 0.353516 0.304688
0 0.394531 0.291016 0.449219 0.294922 0.447266 0.324219 0.410156 0.349609 0.410156 0.349609 0.375 0.345703 0.361328 0.324219 0.394531 0.291016 0.402344 0.298828 0.373047 0.328125 0.404297 0.339844 0.404297 0.339844 0.443359 0.304688 0.402344 0.298828
0 0 0.353516 0 0.330078 0 0.353516
0 0.455078 0.394531 0.451172 0.355469 0.460938 0.341797 0.517578 0.382812 0.517578 0.398438 0.496094 0.416016 0.496094 0.416016 0.476562 0.416016 0.455078 0.394531 0.462891 0.386719 0.490234 0.40625 0.490234 0.40625 0.509766 0.390625 0.464844 0.353516 0.462891 0.386719
0 0.212891 0.410156 0.25 0.365234 0.285156 0.365234 0.310547 0.390625 0.306641 0.457031 0.273438 0.486328 0.273438 0.486328 0.238281 0.474609 0.212891 0.4375 0.212891 0.410156 0.220703 0.417969 0.236328 0.457031 0.267578 0.476562 0.267578 0.476562 0.302734 0.4375 0.298828 0.386719 0.277344 0.373047 0.257812 0.373047 0.220703 0.417969
0 0.744141 0.503906 0.748047 0.417969 0.777344 0.384766 0.832031 0.369141 0.861328 0.417969 0.861328 0.449219 0.785156 0.509766 0.785156 0.509766 0.744141 0.503906 0.751953 0.5 0.783203 0.5 0.783203 0.5 0.853516 0.441406 0.849609 0.414062 0.808594 0.388672 0.767578 0.414062 0.755859 0.457031 0.751953 0.5
0 0.0820312 0.458984 0.0527344 0.425781 0.0527344 0.40625 0.0820312 0.373047 0.109375 0.373047 0.169922 0.40625 0.166016 0.433594 0.125 0.466797 0.125 0.466797 0.0820312 0.458984 0.0898438 0.451172 0.119141 0.457031 0.119141 0.457031 0.154297 0.410156 0.0898438 0.380859 0.0644531 0.425781 0.0898438 0.451172
0 0.585938 0.380859 0.626953 0.398438 0.623047 0.441406 0.59375 0.458984 0.59375 0.458984 0.556641 0.429688 0.556641 0.40625 0.585938 0.380859 0.589844 0.388672 0.568359 0.429688 0.582031 0.447266 0.599609 0.445312 0.599609 0.445312 0.619141 0.429688 0.619141 0.40625 0.589844 0.388672
0 0 0.486328 0 0.392578 0 0.486328
0 0.357422 0.449219 0.390625 0.392578 0.421875 0.388672 0.443359 0.414062 0.447266 0.464844 0.410156 0.509766 0.382812 0.521484 0.382812 0.521484 0.369141 0.515625 0.357422 0.449219 0.365234 0.457031 0.373047 0.5 0.392578 0.503906 0.392578 0.503906 0.421875 0.486328 0.439453 0.457031 0.435547 0.421875 0.414062 0.396484 0.388672 0.410156 0.365234 0.457031
0 0.474609 0.460938 0.503906 0.427734 0.539062 0.423828 0.556641 0.445312 0.552734 0.480469 0.53125 0.513672 0.492188 0.517578 0.492188 0.517578 0.474609 0.5 0.474609 0.460938 0.482422 0.46875 0.492188 0.505859 0.525391 0.503906 0.525391 0.503906 0.548828 0.464844 0.53125 0.431641 0.503906 0.439453 0.482422 0.46875
0 0.865234 0.46875 0.878906 0.455078 0.931641 0.46875 0.923828 0.503906 0.898438 0.529297 0.898438 0.529297 0.875 0.525391 0.865234 0.507812 0.865234 0.46875 0.873047 0.476562 0.876953 0.511719 0.892578 0.519531 0.892578 0.519531 0.919922 0.492188 0.923828 0.476562 0.910156 0.466797 0.873047 0.476562
0 0.181641 0.503906 0.185547 0.546875 0.164062 0.587891 0.164062 0.587891 0.144531 0.587891 0.119141 0.550781 0.125 0.482422 0.152344 0.478516 0.181641 0.503906 0.173828 0.511719 0.136719 0.494141 0.130859 0.550781 0.142578 0.574219 0.158203 0.578125 0.158203 0.578125 0.177734 0.539062 0.173828 0.511719
0 0.615234 0.53125 0.623047 0.484375 0.636719 0.474609 0.695312 0.482422 0.697266 0.515625 0.652344 0.544922 0.652344 0.544922 0.615234 0.53125 0.623047 0.523438 0.646484 0.535156 0.646484 0.535156 0.685547 0.515625 0.683594 0.486328 0.644531 0.482422 0.623047 0.503906 0.623047 0.523438
0 0.00195312 0.503906 0.046875 0.486328 0.0566406 0.519531 0.03125 0.541016 0.03125 0.541016 0.00195312 0.53125 0.00195312 0.503906 0.00976562 0.511719 0.0253906 0.53125 0.0253906 0.53125 0.0488281 0.511719 0.0390625 0.494141 0.00976562 0.511719
0 0.996094 0.568359 0.958984 0.542969 0.962891 0.5 0.980469 0.482422 0.998047 0.488281 0.974609 0.5 0.966797 0.53125 0.996094 0.568359
0 0.474609 0.566406 0.449219 0.591797 0.449219 0.591797 0.384766 0.582031 0.384766 0.554688 0.441406 0.513672 0.478516 0.53125 0.474609 0.566406 0.466797 0.5625 0.464844 0.533203 0.4375 0.533203 0.392578 0.5625 0.398438 0.580078 0.443359 0.582031 0.443359 0.582031 0.466797 0.5625
0 0.34375 0.521484 0.337891 0.574219 0.308594 0.587891 0.308594 0.587891 0.271484 0.578125 0.279297 0.542969 0.300781 0.525391 0.34375 0.521484 0.335938 0.529297 0.291016 0.542969 0.283203 0.566406 0.302734 0.578125 0.302734 0.578125 0.330078 0.566406 0.335938 0.529297
0 0.693359 0.628906 0.693359 0.578125 0.722656 0.537109 0.761719 0.537109 0.779297 0.5625 0.779297 0.601562 0.722656 0.669922 0.722656 0.669922 0.705078 0.660156 0.693359 0.628906 0.701172 0.621094 0.720703 0.65625 0.720703 0.65625 0.771484 0.59375 0.761719 0.552734 0.726562 0.560547 0.701172 0.585938 0.701172 0.621094
0 0.0292969 0.566406 0.09375 0.548828 0.119141 0.585938 0.119141 0.617188 0.105469 0.630859 0.105469 0.630859 0.0625 0.626953 0.0292969 0.59375 0.0292969 0.566406 0.0371094 0.574219 0.0410156 0.59375 0.0664062 0.615234 0.0996094 0.621094 0.0996094 0.621094 0.111328 0.59375 0.0859375 0.556641 0.0371094 0.574219
0 0.566406 0.548828 0.599609 0.566406 0.603516 0.605469 0.558594 0.642578 0.558594 0.642578 0.523438 0.638672 0.505859 0.613281 0.525391 0.570312 0.566406 0.548828 0.5625 0.556641 0.533203 0.578125 0.517578 0.613281 0.53125 0.630859 0.552734 0.632812 0.552734 0.632812 0.595703 0.597656 0.591797 0.574219 0.5625 0.556641
0 0.244141 0.640625 0.214844 0.673828 0.214844 0.673828 0.197266 0.671875 0.177734 0.628906 0.199219 0.564453 0.230469 0.572266 0.244141 0.601562 0.244141 0.640625 0.236328 0.636719 0.232422 0.59375 0.210938 0.572266 0.185547 0.621094 0.208984 0.664062 0.208984 0.664062 0.236328 0.636719
0 0.46875 0.666016 0.431641 0.664062 0.435547 0.617188 0.449219 0.595703 0.496094 0.583984 0.498047 0.617188 0.46875 0.666016 0.46875 0.666016 0.466797 0.65625 0.488281 0.591797 0.447266 0.613281 0.443359 0.648438 0.466797 0.65625 0.466797 0.65625
0 0.798828 0.621094 0.832031 0.599609 0.867188 0.607422 0.888672 0.640625 0.904297 0.722656 0.882812 0.744141 0.882812 0.744141 0.835938 0.740234 0.791016 0.699219 0.798828 0.621094 0.806641 0.628906 0.802734 0.691406 0.835938 0.728516 0.876953 0.734375 0.876953 0.734375 0.892578 0.722656 0.880859 0.648438 0.871094 0.626953 0.839844 0.607422 0.806641 0.628906
0 0.996094 0.681641 0.976562 0.681641 0.951172 0.660156 0.951172 0.621094 0.972656 0.603516 0.996094 0.603516 0.998047 0.621094 0.972656 0.615234 0.955078 0.640625 0.970703 0.667969 0.996094 0.681641
0 0.3125 0.720703 0.279297 0.683594 0.283203 0.636719 0.320312 0.611328 0.375 0.626953 0.423828 0.683594 0.419922 0.707031 0.390625 0.728516 0.390625 0.728516 0.3125 0.720703 0.320312 0.712891 0.396484 0.714844 0.396484 0.714844 0.416016 0.691406 0.367188 0.634766 0.328125 0.619141 0.291016 0.644531 0.287109 0.675781 0.320312 0.712891
0 0.00390625 0.646484 0.03125 0.646484 0.0683594 0.679688 0.0683594 0.699219 0.0429688 0.720703 0.0429688 0.720703 0.0234375 0.720703 0.00195312 0.695312 0.00390625 0.646484 0.0117188 0.654297 0.00585938 0.683594 0.0371094 0.710938 0.0371094 0.710938 0.0605469 0.6875 0.0117188 0.654297
0 0.167969 0.646484 0.189453 0.6875 0.144531 0.736328 0.144531 0.736328 0.119141 0.726562 0.111328 0.675781 0.132812 0.650391 0.167969 0.646484 0.164062 0.654297 0.123047 0.675781 0.126953 0.71875 0.142578 0.722656 0.142578 0.722656 0.177734 0.683594 0.164062 0.654297
0 0.601562 0.705078 0.587891 0.691406 0.587891 0.667969 0.640625 0.650391 0.662109 0.691406 0.636719 0.708984 0.636719 0.708984 0.601562 0.705078 0.609375 0.697266 0.630859 0.699219 0.630859 0.699219 0.654297 0.683594 0.632812 0.658203 0.595703 0.675781 0.609375 0.697266
0 0.552734 0.738281 0.535156 0.763672 0.535156 0.763672 0.511719 0.763672 0.486328 0.742188 0.482422 0.6875 0.5 0.666016 0.53125 0.677734 0.552734 0.703125 0.552734 0.738281 0.544922 0.734375 0.544922 0.710938 0.5 0.677734 0.490234 0.695312 0.494141 0.734375 0.529297 0.753906 0.529297 0.753906 0.544922 0.734375
0 0.710938 0.748047 0.6875 0.744141 0.666016 0.714844 0.710938 0.677734 0.75 0.681641 0.751953 0.71875 0.710938 0.748047 0.710938 0.748047 0.708984 0.738281 0.744141 0.710938 0.738281 0.685547 0.707031 0.689453 0.681641 0.714844 0.708984 0.738281 0.708984 0.738281
0 0.605469 0.771484 0.587891 0.75 0.621094 0.724609 0.644531 0.728516 0.650391 0.757812 0.632812 0.771484 0.632812 0.771484 0.605469 0.771484 0.613281 0.763672 0.626953 0.761719 0.626953 0.761719 0.642578 0.75 0.636719 0.736328 0.603516 0.75 0.613281 0.763672
0 0.462891 0.796875 0.429688 0.853516 0.429688 0.853516 0.408203 0.851562 0.396484 0.785156 0.433594 0.751953 0.449219 0.751953 0.462891 0.765625 0.462891 0.796875 0.455078 0.789062 0.449219 0.767578 0.416016 0.796875 0.423828 0.84375 0.423828 0.84375 0.455078 0.789062
0 0.267578 0.851562 0.271484 0.804688 0.300781 0.763672 0.359375 0.759766 0.380859 0.78125 0.376953 0.835938 0.351562 0.865234 0.351562 0.865234 0.277344 0.865234 0.267578 0.851562 0.275391 0.84375 0.289062 0.857422 0.345703 0.855469 0.345703 0.855469 0.369141 0.828125 0.373047 0.789062 0.351562 0.767578 0.316406 0.767578 0.291016 0.785156 0.275391 0.84375
0 0.671875 0.759766 0.734375 0.775391 0.740234 0.8125 0.707031 0.833984 0.707031 0.833984 0.636719 0.818359 0.630859 0.789062 0.671875 0.759766 0.675781 0.767578 0.638672 0.796875 0.683594 0.826172 0.701172 0.824219 0.701172 0.824219 0.732422 0.804688 0.732422 0.789062 0.707031 0.771484 0.675781 0.767578
0 0.119141 0.808594 0.123047 0.867188 0.078125 0.908203 0.078125 0.908203 0.0332031 0.871094 0.0214844 0.8125 0.0585938 0.771484 0.09375 0.767578 0.119141 0.808594 0.111328 0.8125 0.0859375 0.775391 0.0703125 0.775391 0.0371094 0.808594 0.0332031 0.832031 0.0449219 0.871094 0.0761719 0.898438 0.0761719 0.898438 0.115234 0.863281 0.111328 0.8125
0 0.595703 0.824219 0.546875 0.861328 0.546875 0.861328 0.519531 0.857422 0.490234 0.828125 0.494141 0.800781 0.523438 0.779297 0.5625 0.787109 0.595703 0.8125 0.595703 0.824219 0.587891 0.820312 0.53125 0.787109 0.501953 0.808594 0.501953 0.828125 0.541016 0.851562 0.541016 0.851562 0.587891 0.820312
0 0.199219 0.791016 0.230469 0.791016 0.251953 0.816406 0.251953 0.855469 0.230469 0.884766 0.230469 0.884766 0.214844 0.884766 0.193359 0.851562 0.189453 0.800781 0.199219 0.791016 0.203125 0.798828 0.205078 0.851562 0.21875 0.865234 0.236328 0.863281 0.236328 0.863281 0.236328 0.808594 0.203125 0.798828
0 0.71875 0.931641 0.689453 0.894531 0.697266 0.863281 0.722656 0.845703 0.794922 0.863281 0.791016 0.90625 0.742188 0.931641 0.742188 0.931641 0.71875 0.931641 0.722656 0.923828 0.736328 0.921875 0.736328 0.921875 0.783203 0.898438 0.78125 0.865234 0.730469 0.853516 0.705078 0.871094 0.705078 0.902344 0.722656 0.923828
0 0.357422 0.882812 0.386719 0.861328 0.433594 0.873047 0.447266 0.90625 0.417969 0.927734 0.417969 0.927734 0.371094 0.923828 0.357422 0.882812 0.365234 0.890625 0.382812 0.916016 0.412109 0.917969 0.412109 0.917969 0.439453 0.894531 0.40625 0.869141 0.365234 0.890625
0 0.875 0.876953 0.888672 0.886719 0.888672 0.933594 0.876953 0.96875 0.851562 0.990234 0.851562 0.990234 0.830078 0.984375 0.818359 0.9375 0.849609 0.890625 0.875 0.876953 0.871094 0.884766 0.826172 0.945312 0.849609 0.980469 0.849609 0.980469 0.880859 0.925781 0.880859 0.890625 0.871094 0.884766
0 0.5 0.974609 0.462891 0.972656 0.466797 0.914062 0.507812 0.888672 0.574219 0.888672 0.580078 0.925781 0.5 0.974609 0.5 0.974609 0.498047 0.964844 0.566406 0.927734 0.572266 0.902344 0.507812 0.900391 0.474609 0.949219 0.480469 0.966797 0.498047 0.964844 0.498047 0.964844
0 0.992188 0.998047 0.994141 0.929688 0.976562 0.908203 0.943359 0.921875 0.931641 0.949219 0.935547 0.996094 0.923828 0.992188 0.923828 0.933594 0.945312 0.900391 0.980469 0.900391 0.998047 0.914062 0.992188 0.998047
0 0.277344 0.998047 0.263672 0.996094 0.314453 0.960938 0.318359 0.9375 0.269531 0.912109 0.238281 0.916016 0.197266 0.964844 0.25 0.998047 0.189453 0.972656 0.189453 0.957031 0.238281 0.904297 0.277344 0.904297 0.3125 0.916016 0.326172 0.933594 0.322266 0.96875 0.277344 0.998047
0 0.136719 0.966797 0.119141 0.960938 0.125 0.931641 0.132812 0.958984 0.150391 0.9375 0.140625 0.923828 0.119141 0.925781 0.132812 0.912109 0.158203 0.925781 0.136719 0.966797
0 0.753906 0.998047 0.738281 0.982422 0.710938 0.998047 0.701172 0.992188 0.734375 0.970703 0.751953 0.980469 0.753906 0.998047
