0 0.515625 0.00976562 0.507812 0 0.515625 0.00976562
0 0.597656 0.0292969 0.550781 0.0253906 0.525391 0 0.589844 0.0214844 0.587891 0 0.597656 0 0.597656 0.0292969
0 0.710938 0.0527344 0.683594 0.0527344 0.666016 0.0390625 0.664062 0 0.673828 0.0351562 0.691406 0.0449219 0.712891 0.0351562 0.712891 0.0117188 0.697266 0 0.720703 0.0078125 0.710938 0.0527344
0 0.878906 0.0410156 0.851562 0.0410156 0.837891 0.0273438 0.839844 0 0.859375 0.0332031 0.875 0.0332031 0.896484 0 0.878906 0.0410156
0 0.197266 0.0625 0.201172 0.0859375 0.183594 0.107422 0.183594 0.107422 0.134766 0.0859375 0.144531 0.0410156 0.179688 0.0449219 0.197266 0.0625 0.189453 0.0664062 0.152344 0.0488281 0.142578 0.078125 0.181641 0.0976562 0.181641 0.0976562 0.189453 0.0664062
0 0.720703 0.0625 0.761719 0.0488281 0.789062 0.0566406 0.810547 0.078125 0.810547 0.101562 0.789062 0.123047 0.789062 0.123047 0.730469 0.0917969 0.720703 0.0625 0.728516 0.0703125 0.761719 0.103516 0.791016 0.109375 0.791016 0.109375 0.802734 0.0859375 0.789062 0.0722656 0.757812 0.0605469 0.728516 0.0703125
0 0.310547 0.0625 0.322266 0.0859375 0.3125 0.107422 0.3125 0.107422 0.275391 0.101562 0.273438 0.0566406 0.310547 0.0625 0.302734 0.0664062 0.28125 0.0644531 0.279297 0.0898438 0.306641 0.0976562 0.306641 0.0976562 0.314453 0.0898438 0.302734 0.0664062
0 0.880859 0.078125 0.875 0.119141 0.875 0.119141 0.845703 0.109375 0.847656 0.0566406 0.863281 0.0566406 0.880859 0.078125 0.873047 0.0820312 0.859375 0.0683594 0.853516 0.101562 0.869141 0.109375 0.869141 0.109375 0.873047 0.0820312
0 0.00390625 0.154297 0 0.144531 0.0292969 0.117188 0.0253906 0.09375 0 0.078125 0.0117188 0.0722656 0.0332031 0.0859375 0.0371094 0.125 0.00390625 0.154297
0 0.490234 0.148438 0.490234 0.113281 0.515625 0.0683594 0.546875 0.0761719 0.568359 0.0976562 0.568359 0.125 0.535156 0.166016 0.535156 0.166016 0.503906 0.166016 0.490234 0.148438 0.498047 0.144531 0.511719 0.158203 0.529297 0.15625 0.529297 0.15625 0.556641 0.128906 0.560547 0.105469 0.523438 0.0800781 0.505859 0.0976562 0.498047 0.144531
0 0.720703 0.140625 0.720703 0.179688 0.679688 0.201172 0.679688 0.201172 0.646484 0.1875 0.623047 0.140625 0.630859 0.113281 0.65625 0.0917969 0.671875 0.0917969 0.720703 0.140625 0.712891 0.144531 0.664062 0.0996094 0.634766 0.125 0.634766 0.144531 0.648438 0.169922 0.681641 0.1875 0.681641 0.1875 0.712891 0.171875 0.712891 0.144531
0 0.921875 0.154297 0.908203 0.136719 0.925781 0.0917969 0.957031 0.0917969 0.970703 0.109375 0.966797 0.144531 0.945312 0.158203 0.945312 0.158203 0.921875 0.154297 0.925781 0.146484 0.951172 0.144531 0.951172 0.144531 0.962891 0.113281 0.933594 0.0996094 0.916016 0.132812 0.925781 0.146484
0 0.115234 0.15625 0.115234 0.121094 0.125 0.115234 0.148438 0.115234 0.158203 0.128906 0.158203 0.160156 0.140625 0.173828 0.140625 0.173828 0.115234 0.15625 0.123047 0.152344 0.138672 0.164062 0.138672 0.164062 0.150391 0.152344 0.140625 0.123047 0.123047 0.128906 0.123047 0.152344
0 0.134766 0.246094 0.171875 0.166016 0.21875 0.169922 0.244141 0.195312 0.232422 0.234375 0.199219 0.259766 0.199219 0.259766 0.15625 0.259766 0.134766 0.246094 0.142578 0.238281 0.181641 0.242188 0.181641 0.242188 0.220703 0.210938 0.21875 0.185547 0.171875 0.177734 0.162109 0.191406 0.142578 0.238281
0 0.0742188 0.185547 0.0878906 0.199219 0.0917969 0.273438 0.0742188 0.302734 0.0742188 0.302734 0.0507812 0.302734 0 0.265625 0 0.199219 0.03125 0.177734 0.0742188 0.185547 0.0703125 0.193359 0.0390625 0.185547 0.00195312 0.210938 0.00195312 0.253906 0.0234375 0.279297 0.0683594 0.292969 0.0683594 0.292969 0.0839844 0.269531 0.0839844 0.21875 0.0703125 0.193359
0 0.988281 0.255859 0.951172 0.246094 0.951172 0.214844 0.964844 0.193359 0.998047 0.203125 0.996094 0.216797 0.972656 0.201172 0.958984 0.21875 0.964844 0.244141 0.998047 0.246094 0.988281 0.255859
0 0.851562 0.224609 0.902344 0.228516 0.904297 0.296875 0.863281 0.326172 0.863281 0.326172 0.851562 0.326172 0.814453 0.28125 0.810547 0.257812 0.851562 0.224609 0.855469 0.232422 0.818359 0.265625 0.855469 0.314453 0.869141 0.3125 0.869141 0.3125 0.892578 0.296875 0.900391 0.253906 0.894531 0.236328 0.855469 0.232422
0 0.564453 0.3125 0.564453 0.269531 0.601562 0.232422 0.626953 0.246094 0.638672 0.277344 0.634766 0.316406 0.609375 0.330078 0.609375 0.330078 0.578125 0.330078 0.564453 0.3125 0.572266 0.308594 0.585938 0.322266 0.603516 0.320312 0.603516 0.320312 0.630859 0.300781 0.613281 0.248047 0.597656 0.248047 0.572266 0.277344 0.572266 0.308594
0 0.908203 0.300781 0.949219 0.259766 0.966797 0.285156 0.9375 0.330078 0.9375 0.330078 0.917969 0.330078 0.908203 0.300781 0.916016 0.308594 0.931641 0.320312 0.931641 0.320312 0.955078 0.300781 0.945312 0.271484 0.916016 0.308594
0 0 0.384766 0.0175781 0.308594 0 0.292969 0.0195312 0.291016 0.0253906 0.339844 0 0.384766
0 0.996094 0.349609 0.982422 0.335938 0.992188 0.302734 0.996094 0.349609
0 0.275391 0.378906 0.283203 0.414062 0.267578 0.457031 0.222656 0.482422 0.222656 0.482422 0.167969 0.478516 0.162109 0.449219 0.181641 0.394531 0.246094 0.353516 0.275391 0.378906 0.267578 0.386719 0.246094 0.373047 0.226562 0.376953 0.177734 0.425781 0.169922 0.464844 0.179688 0.474609 0.216797 0.472656 0.216797 0.472656 0.246094 0.466797 0.271484 0.421875 0.267578 0.386719
0 0.519531 0.419922 0.476562 0.419922 0.458984 0.402344 0.462891 0.375 0.484375 0.349609 0.53125 0.353516 0.560547 0.378906 0.556641 0.398438 0.519531 0.419922 0.519531 0.419922 0.517578 0.410156 0.539062 0.400391 0.548828 0.378906 0.523438 0.361328 0.484375 0.361328 0.470703 0.402344 0.517578 0.410156 0.517578 0.410156
0 0.859375 0.423828 0.824219 0.423828 0.794922 0.402344 0.804688 0.357422 0.855469 0.349609 0.873047 0.367188 0.859375 0.423828 0.859375 0.423828 0.853516 0.414062 0.865234 0.394531 0.859375 0.365234 0.835938 0.357422 0.802734 0.375 0.808594 0.404297 0.853516 0.414062 0.853516 0.414062
0 0.912109 0.421875 0.917969 0.365234 0.945312 0.365234 0.970703 0.386719 0.970703 0.414062 0.953125 0.435547 0.953125 0.435547 0.925781 0.435547 0.912109 0.421875 0.919922 0.417969 0.947266 0.425781 0.947266 0.425781 0.962891 0.394531 0.921875 0.373047 0.919922 0.417969
0 0.769531 0.486328 0.746094 0.482422 0.728516 0.457031 0.738281 0.451172 0.765625 0.478516 0.791016 0.457031 0.791016 0.425781 0.769531 0.404297 0.738281 0.408203 0.722656 0.455078 0.716797 0.417969 0.730469 0.400391 0.773438 0.396484 0.798828 0.421875 0.798828 0.460938 0.769531 0.486328
0 0.0117188 0.513672 0 0.513672 0 0.5 0.03125 0.494141 0.0410156 0.457031 0 0.435547 0 0.423828 0.0488281 0.449219 0.0410156 0.5 0.0117188 0.513672
0 0.996094 0.521484 0.982422 0.488281 0.992188 0.435547 0.996094 0.521484
0 0.943359 0.496094 0.935547 0.53125 0.914062 0.552734 0.914062 0.552734 0.890625 0.552734 0.869141 0.523438 0.865234 0.492188 0.882812 0.455078 0.921875 0.458984 0.943359 0.496094 0.935547 0.503906 0.927734 0.480469 0.898438 0.462891 0.873047 0.503906 0.884766 0.53125 0.908203 0.542969 0.908203 0.542969 0.935547 0.503906
0 0.521484 0.554688 0.513672 0.492188 0.542969 0.462891 0.570312 0.466797 0.607422 0.5 0.607422 0.550781 0.589844 0.587891 0.589844 0.587891 0.554688 0.583984 0.521484 0.554688 0.529297 0.546875 0.554688 0.572266 0.583984 0.578125 0.583984 0.578125 0.599609 0.519531 0.5625 0.478516 0.542969 0.478516 0.521484 0.5 0.529297 0.546875
0 0.783203 0.539062 0.765625 0.556641 0.765625 0.556641 0.732422 0.546875 0.734375 0.505859 0.761719 0.501953 0.779297 0.515625 0.783203 0.539062 0.775391 0.53125 0.75 0.509766 0.736328 0.535156 0.759766 0.546875 0.759766 0.546875 0.775391 0.53125
0 0.986328 0.558594 0.949219 0.607422 0.949219 0.607422 0.923828 0.597656 0.919922 0.570312 0.947266 0.519531 0.972656 0.513672 0.986328 0.558594 0.978516 0.554688 0.964844 0.521484 0.927734 0.578125 0.943359 0.597656 0.943359 0.597656 0.978516 0.554688
0 0.138672 0.597656 0.078125 0.638672 0.078125 0.638672 0.0234375 0.619141 0.00585938 0.578125 0.0429688 0.541016 0.0976562 0.533203 0.126953 0.554688 0.138672 0.597656 0.130859 0.59375 0.119141 0.5625 0.0898438 0.541016 0.0351562 0.556641 0.0136719 0.585938 0.03125 0.611328 0.0761719 0.628906 0.0761719 0.628906 0.130859 0.59375
0 0.689453 0.574219 0.689453 0.597656 0.667969 0.619141 0.667969 0.619141 0.636719 0.619141 0.611328 0.601562 0.615234 0.570312 0.636719 0.552734 0.667969 0.548828 0.689453 0.574219 0.681641 0.582031 0.648438 0.564453 0.623047 0.597656 0.662109 0.609375 0.662109 0.609375 0.681641 0.582031
0 0.996094 0.615234 0.978516 0.609375 0.996094 0.560547 0.986328 0.597656 0.996094 0.615234
0 0.384766 0.597656 0.384766 0.625 0.371094 0.638672 0.371094 0.638672 0.330078 0.621094 0.333984 0.585938 0.355469 0.572266 0.375 0.576172 0.384766 0.597656 0.376953 0.601562 0.355469 0.583984 0.337891 0.613281 0.365234 0.628906 0.365234 0.628906 0.376953 0.601562
0 0.445312 0.603516 0.523438 0.595703 0.544922 0.617188 0.544922 0.675781 0.511719 0.712891 0.511719 0.712891 0.441406 0.712891 0.431641 0.703125 0.423828 0.644531 0.445312 0.603516 0.453125 0.611328 0.435547 0.644531 0.443359 0.699219 0.505859 0.703125 0.505859 0.703125 0.537109 0.667969 0.537109 0.625 0.515625 0.603516 0.453125 0.611328
0 0.839844 0.697266 0.816406 0.697266 0.798828 0.679688 0.804688 0.603516 0.853516 0.640625 0.857422 0.671875 0.839844 0.697266 0.839844 0.697266 0.833984 0.6875 0.849609 0.65625 0.8125 0.615234 0.802734 0.660156 0.816406 0.685547 0.833984 0.6875 0.833984 0.6875
0 0.25 0.619141 0.263672 0.640625 0.259766 0.679688 0.234375 0.697266 0.234375 0.697266 0.169922 0.683594 0.173828 0.652344 0.21875 0.619141 0.25 0.619141 0.242188 0.626953 0.203125 0.638672 0.177734 0.667969 0.195312 0.685547 0.236328 0.683594 0.236328 0.683594 0.255859 0.664062 0.242188 0.626953
0 0.623047 0.703125 0.597656 0.724609 0.597656 0.724609 0.574219 0.724609 0.560547 0.691406 0.564453 0.65625 0.589844 0.634766 0.617188 0.642578 0.626953 0.664062 0.623047 0.703125 0.615234 0.695312 0.619141 0.675781 0.601562 0.642578 0.568359 0.671875 0.572266 0.707031 0.591797 0.714844 0.591797 0.714844 0.615234 0.695312
0 0.699219 0.720703 0.652344 0.712891 0.634766 0.699219 0.638672 0.675781 0.6875 0.630859 0.757812 0.642578 0.759766 0.667969 0.740234 0.710938 0.699219 0.720703 0.699219 0.720703 0.697266 0.710938 0.740234 0.6875 0.75 0.650391 0.699219 0.642578 0.642578 0.6875 0.667969 0.708984 0.697266 0.710938 0.697266 0.710938
0 0.996094 0.716797 0.970703 0.703125 0.966797 0.664062 0.996094 0.634766 0.978516 0.660156 0.978516 0.695312 0.996094 0.716797
0 0.162109 0.707031 0.136719 0.724609 0.136719 0.724609 0.117188 0.720703 0.0917969 0.691406 0.0878906 0.65625 0.0976562 0.642578 0.142578 0.648438 0.162109 0.707031 0.154297 0.699219 0.146484 0.683594 0.125 0.666016 0.101562 0.666016 0.103516 0.6875 0.128906 0.712891 0.142578 0.710938 0.142578 0.710938 0.154297 0.699219
0 0.884766 0.714844 0.884766 0.679688 0.90625 0.650391 0.935547 0.683594 0.931641 0.71875 0.910156 0.728516 0.910156 0.728516 0.890625 0.728516 0.884766 0.714844 0.892578 0.710938 0.908203 0.71875 0.908203 0.71875 0.927734 0.695312 0.914062 0.666016 0.892578 0.6875 0.892578 0.710938
0 0 0.75 0 0.695312 0.0195312 0.666016 0.0429688 0.666016 0.0839844 0.714844 0.0839844 0.761719 0.0664062 0.783203 0.0664062 0.783203 0.0273438 0.779297 0 0.75 0.00585938 0.742188 0.0351562 0.771484 0.0605469 0.773438 0.0605469 0.773438 0.0800781 0.734375 0.0722656 0.710938 0.0273438 0.673828 0.00195312 0.714844 0.00585938 0.742188
0 0.996094 0.845703 0.953125 0.837891 0.939453 0.8125 0.947266 0.75 0.988281 0.728516 0.998047 0.734375 0.955078 0.757812 0.947266 0.804688 0.964844 0.833984 0.996094 0.845703
0 0.210938 0.736328 0.228516 0.746094 0.228516 0.773438 0.220703 0.800781 0.195312 0.818359 0.195312 0.818359 0.158203 0.8125 0.162109 0.769531 0.179688 0.744141 0.210938 0.736328 0.207031 0.744141 0.169922 0.777344 0.173828 0.808594 0.189453 0.808594 0.189453 0.808594 0.216797 0.78125 0.220703 0.753906 0.207031 0.744141
0 0.386719 0.806641 0.365234 0.765625 0.390625 0.740234 0.433594 0.744141 0.462891 0.789062 0.453125 0.806641 0.453125 0.806641 0.386719 0.806641 0.394531 0.798828 0.439453 0.796875 0.439453 0.796875 0.443359 0.773438 0.425781 0.751953 0.384766 0.753906 0.380859 0.785156 0.394531 0.798828
0 0.585938 0.791016 0.572266 0.765625 0.617188 0.740234 0.664062 0.744141 0.673828 0.773438 0.65625 0.791016 0.65625 0.791016 0.585938 0.791016 0.59375 0.783203 0.650391 0.78125 0.650391 0.78125 0.662109 0.765625 0.636719 0.748047 0.580078 0.773438 0.59375 0.783203
0 0.738281 0.744141 0.785156 0.748047 0.794922 0.78125 0.75 0.810547 0.75 0.810547 0.707031 0.802734 0.701172 0.765625 0.738281 0.744141 0.742188 0.751953 0.705078 0.777344 0.714844 0.794922 0.744141 0.800781 0.744141 0.800781 0.787109 0.773438 0.777344 0.755859 0.742188 0.751953
0 0.867188 0.740234 0.884766 0.75 0.884766 0.769531 0.855469 0.802734 0.855469 0.802734 0.830078 0.792969 0.826172 0.765625 0.867188 0.740234 0.863281 0.748047 0.833984 0.773438 0.853516 0.789062 0.853516 0.789062 0.876953 0.761719 0.863281 0.748047
0 0.345703 0.816406 0.320312 0.849609 0.289062 0.861328 0.289062 0.861328 0.267578 0.828125 0.263672 0.785156 0.304688 0.748047 0.335938 0.751953 0.349609 0.785156 0.345703 0.816406 0.337891 0.808594 0.333984 0.765625 0.316406 0.755859 0.279297 0.796875 0.283203 0.839844 0.302734 0.847656 0.302734 0.847656 0.337891 0.808594
0 0.478516 0.828125 0.515625 0.794922 0.582031 0.806641 0.591797 0.816406 0.583984 0.847656 0.535156 0.876953 0.535156 0.876953 0.492188 0.873047 0.478516 0.855469 0.478516 0.828125 0.486328 0.835938 0.496094 0.857422 0.544922 0.859375 0.544922 0.859375 0.580078 0.835938 0.574219 0.814453 0.523438 0.802734 0.486328 0.835938
0 0.707031 0.919922 0.667969 0.916016 0.623047 0.886719 0.619141 0.859375 0.650391 0.828125 0.648438 0.814453 0.699219 0.826172 0.724609 0.847656 0.728516 0.871094 0.707031 0.919922 0.707031 0.919922 0.701172 0.910156 0.708984 0.867188 0.699219 0.849609 0.660156 0.833984 0.630859 0.859375 0.626953 0.875 0.644531 0.892578 0.701172 0.910156 0.701172 0.910156
0 0.798828 0.824219 0.8125 0.810547 0.839844 0.810547 0.841797 0.835938 0.824219 0.853516 0.824219 0.853516 0.798828 0.847656 0.798828 0.824219 0.806641 0.828125 0.818359 0.84375 0.818359 0.84375 0.833984 0.832031 0.832031 0.818359 0.806641 0.828125
0 0.849609 0.832031 0.871094 0.814453 0.90625 0.818359 0.919922 0.84375 0.902344 0.865234 0.902344 0.865234 0.855469 0.861328 0.849609 0.832031 0.857422 0.835938 0.867188 0.857422 0.896484 0.855469 0.896484 0.855469 0.90625 0.841797 0.871094 0.826172 0.857422 0.835938
0 0.232422 0.882812 0.224609 0.917969 0.207031 0.935547 0.207031 0.935547 0.175781 0.931641 0.146484 0.886719 0.146484 0.863281 0.183594 0.830078 0.232422 0.882812 0.224609 0.886719 0.183594 0.849609 0.154297 0.878906 0.173828 0.914062 0.201172 0.925781 0.201172 0.925781 0.224609 0.886719
0 0.0078125 0.966797 0 0.964844 0 0.857422 0.0253906 0.875 0.0078125 0.966797
0 0.0566406 0.945312 0.0566406 0.886719 0.0703125 0.869141 0.0976562 0.873047 0.126953 0.917969 0.121094 0.982422 0.121094 0.982422 0.0976562 0.982422 0.0566406 0.945312 0.0644531 0.9375 0.107422 0.972656 0.107422 0.972656 0.115234 0.921875 0.078125 0.876953 0.0644531 0.894531 0.0644531 0.9375
0 0.800781 0.888672 0.837891 0.914062 0.849609 0.96875 0.832031 0.994141 0.832031 0.994141 0.765625 0.982422 0.748047 0.964844 0.728516 0.929688 0.738281 0.884766 0.757812 0.876953 0.800781 0.888672 0.796875 0.896484 0.75 0.896484 0.736328 0.921875 0.759766 0.964844 0.826172 0.984375 0.826172 0.984375 0.841797 0.960938 0.830078 0.921875 0.796875 0.896484
0 0.326172 0.9375 0.308594 0.955078 0.308594 0.955078 0.28125 0.955078 0.263672 0.941406 0.261719 0.892578 0.308594 0.884766 0.322266 0.898438 0.326172 0.9375 0.318359 0.933594 0.318359 0.914062 0.289062 0.892578 0.275391 0.90625 0.275391 0.941406 0.302734 0.945312 0.302734 0.945312 0.318359 0.933594
0 0.953125 0.884766 0.986328 0.902344 0.982422 0.949219 0.964844 0.966797 0.964844 0.966797 0.929688 0.962891 0.916016 0.9375 0.927734 0.898438 0.953125 0.884766 0.957031 0.892578 0.927734 0.917969 0.931641 0.941406 0.951172 0.953125 0.951172 0.953125 0.978516 0.917969 0.957031 0.892578
0 0.472656 0.998047 0.439453 0.996094 0.490234 0.960938 0.476562 0.912109 0.416016 0.949219 0.410156 0.998047 0.400391 0.996094 0.400391 0.972656 0.408203 0.941406 0.433594 0.916016 0.488281 0.900391 0.505859 0.953125 0.472656 0.998047
0 0.226562 0.998047 0.207031 0.974609 0.179688 0.978516 0.164062 0.998047 0.154297 0.992188 0.1875 0.958984 0.207031 0.958984 0.224609 0.976562 0.226562 0.998047
0 0.992188 0.998047 0.996094 0.962891 0.992188 0.998047
