0 0.9375 0.0605469 0.896484 0.046875 0.876953 0.015625 0.880859 0 0.90625 0 0.904297 0.015625 0.929688 0.0332031 0.9375 0 0.996094 0 0.998047 0.0234375 0.982422 0.046875 0.953125 0.0449219 0.9375 0.0605469
0 0.53125 0.0371094 0.59375 0.0253906 0.625 0.0371094 0.646484 0.0625 0.650391 0.113281 0.623047 0.167969 0.570312 0.201172 0.570312 0.201172 0.505859 0.175781 0.490234 0.152344 0.490234 0.0898438 0.53125 0.0371094 0.542969 0.0605469 0.517578 0.09375 0.517578 0.148438 0.564453 0.171875 0.564453 0.171875 0.599609 0.152344 0.623047 0.101562 0.611328 0.0898438 0.619141 0.0703125 0.582031 0.0488281 0.542969 0.0605469
0 0.876953 0.0273438 0.00390625 0.0078125
0 0.939453 0.183594 0.910156 0.220703 0.847656 0.251953 0.847656 0.251953 0.804688 0.248047 0.775391 0.230469 0.763672 0.132812 0.796875 0.0996094 0.867188 0.0644531 0.900391 0.0742188 0.896484 0.0859375 0.935547 0.144531 0.939453 0.183594 0.916016 0.175781 0.904297 0.140625 0.867188 0.0957031 0.791016 0.144531 0.798828 0.214844 0.833984 0.226562 0.833984 0.226562 0.875 0.212891 0.916016 0.175781
0 0.0195312 0.255859 0 0.25 0 0.230469 0.0351562 0.212891 0.0527344 0.183594 0.03125 0.162109 0 0.152344 0 0.123047 0.0703125 0.158203 0.0839844 0.183594 0.0644531 0.222656 0.0585938 0.216797 0.0195312 0.255859
0 0.939453 0.197266 0.00390625 0.00390625
0 0.619141 0.273438 0.65625 0.240234 0.730469 0.232422 0.767578 0.261719 0.779297 0.296875 0.769531 0.314453 0.691406 0.365234 0.691406 0.365234 0.630859 0.320312 0.619141 0.273438 0.646484 0.277344 0.646484 0.296875 0.664062 0.314453 0.705078 0.320312 0.705078 0.320312 0.724609 0.300781 0.705078 0.273438 0.710938 0.255859 0.646484 0.277344
0 0.894531 0.396484 0.861328 0.363281 0.861328 0.292969 0.898438 0.259766 0.933594 0.255859 0.949219 0.267578 0.974609 0.320312 0.974609 0.367188 0.953125 0.404297 0.953125 0.404297 0.894531 0.396484 0.90625 0.373047 0.939453 0.375 0.939453 0.375 0.947266 0.324219 0.935547 0.292969 0.910156 0.283203 0.884766 0.3125 0.884766 0.351562 0.90625 0.373047
0 0.996094 0.595703 0.966797 0.574219 0.931641 0.503906 0.947266 0.449219 0.976562 0.427734 0.998047 0.433594 0.998047 0.472656 0.974609 0.507812 0.978516 0.539062 0.998047 0.566406 0.996094 0.595703
0 0.828125 0.548828 0.900391 0.601562 0.908203 0.648438 0.896484 0.683594 0.871094 0.720703 0.835938 0.740234 0.835938 0.740234 0.773438 0.720703 0.697266 0.644531 0.697266 0.582031 0.734375 0.548828 0.828125 0.548828 0.824219 0.576172 0.757812 0.572266 0.730469 0.583984 0.716797 0.609375 0.724609 0.636719 0.769531 0.685547 0.837891 0.710938 0.837891 0.710938 0.880859 0.652344 0.873047 0.605469 0.824219 0.576172
0 0.390625 0.572266 0.472656 0.556641 0.513672 0.59375 0.513672 0.667969 0.492188 0.697266 0.425781 0.716797 0.425781 0.716797 0.394531 0.716797 0.373047 0.703125 0.353516 0.617188 0.390625 0.572266 0.40625 0.591797 0.388672 0.609375 0.376953 0.640625 0.398438 0.677734 0.423828 0.6875 0.423828 0.6875 0.462891 0.660156 0.482422 0.628906 0.484375 0.580078 0.40625 0.591797
0 0.849609 0.740234 0.00390625 0.00390625
0 0.625 0.998047 0.591797 0.996094 0.611328 0.964844 0.597656 0.880859 0.572266 0.90625 0.564453 0.996094 0.535156 0.998047 0.521484 0.976562 0.513672 0.90625 0.5625 0.857422 0.605469 0.853516 0.626953 0.875 0.638672 0.980469 0.625 0.998047
