0 0.0820312 0.0605469 0.0507812 0.0566406 0.0253906 0.03125 0.0351562 0 0.0449219 0.00390625 0.0332031 0.0195312 0.0664062 0.0527344 0.115234 0.0273438 0.09375 0 0.123047 0.0195312 0.123047 0.0351562 0.0820312 0.0605469
0 0.167969 0.0605469 0.142578 0.0390625 0.152344 0.00195312 0.205078 0.0078125 0.212891 0.0429688 0.199219 0.0605469 0.199219 0.0605469 0.167969 0.0605469 0.175781 0.0527344 0.193359 0.0507812 0.193359 0.0507812 0.205078 0.0273438 0.191406 0.00976562 0.164062 0.00585938 0.150391 0.03125 0.175781 0.0527344
0 0.332031 0.0878906 0.316406 0.0878906 0.298828 0.0585938 0.302734 0.0117188 0.3125 0 0.330078 0 0.306641 0.03125 0.324219 0.0800781 0.357422 0.046875 0.357422 0 0.367188 0 0.369141 0.046875 0.332031 0.0878906
0 0.953125 0.0410156 0.917969 0 0.941406 0 0.957031 0.0214844 0.998047 0 0.996094 0.0175781 0.953125 0.0410156
0 0.822266 0.0976562 0.814453 0.046875 0.839844 0.00585938 0.871094 0.00585938 0.884766 0.0234375 0.884766 0.0703125 0.84375 0.111328 0.84375 0.111328 0.822266 0.0976562 0.830078 0.09375 0.845703 0.0976562 0.845703 0.0976562 0.876953 0.0625 0.876953 0.03125 0.863281 0.0136719 0.847656 0.0136719 0.822266 0.0546875 0.830078 0.09375
0 0.777344 0.0878906 0.732422 0.0546875 0.722656 0.0253906 0.769531 0.0214844 0.794922 0.0390625 0.794922 0.0664062 0.777344 0.0878906 0.777344 0.0878906 0.775391 0.078125 0.783203 0.0390625 0.734375 0.0332031 0.775391 0.078125 0.775391 0.078125
0 0.996094 0.158203 0.96875 0.154297 0.939453 0.121094 0.943359 0.0820312 0.960938 0.0527344 0.998047 0.0546875 0.996094 0.0800781 0.96875 0.0605469 0.947266 0.101562 0.947266 0.117188 0.996094 0.158203
0 0.636719 0.158203 0.558594 0.150391 0.525391 0.0976562 0.529297 0.0664062 0.542969 0.0566406 0.621094 0.0566406 0.654297 0.109375 0.650391 0.144531 0.636719 0.158203 0.636719 0.158203 0.630859 0.148438 0.638672 0.121094 0.605469 0.0683594 0.542969 0.0683594 0.533203 0.078125 0.570312 0.146484 0.630859 0.148438 0.630859 0.148438
0 0.214844 0.162109 0.193359 0.15625 0.193359 0.101562 0.226562 0.0605469 0.238281 0.0605469 0.205078 0.0976562 0.201172 0.148438 0.214844 0.150391 0.248047 0.117188 0.246094 0.0683594 0.259766 0.078125 0.259766 0.117188 0.214844 0.162109
0 0.396484 0.101562 0.453125 0.0996094 0.466797 0.125 0.457031 0.158203 0.457031 0.158203 0.40625 0.146484 0.396484 0.101562 0.404297 0.113281 0.421875 0.142578 0.447266 0.144531 0.447266 0.144531 0.445312 0.115234 0.404297 0.113281
0 0.833984 0.136719 0.833984 0.15625 0.816406 0.166016 0.816406 0.166016 0.798828 0.160156 0.787109 0.132812 0.787109 0.113281 0.800781 0.103516 0.816406 0.107422 0.833984 0.136719 0.826172 0.140625 0.804688 0.115234 0.798828 0.140625 0.808594 0.154297 0.822266 0.152344 0.822266 0.152344 0.826172 0.140625
0 0.291016 0.183594 0.291016 0.152344 0.308594 0.123047 0.34375 0.130859 0.376953 0.171875 0.355469 0.205078 0.320312 0.216797 0.320312 0.216797 0.298828 0.207031 0.291016 0.183594 0.298828 0.179688 0.3125 0.205078 0.330078 0.203125 0.330078 0.203125 0.353516 0.171875 0.316406 0.130859 0.298828 0.179688
0 0.845703 0.210938 0.841797 0.167969 0.863281 0.146484 0.925781 0.138672 0.939453 0.148438 0.935547 0.203125 0.890625 0.224609 0.890625 0.224609 0.863281 0.224609 0.845703 0.210938 0.853516 0.203125 0.884766 0.214844 0.884766 0.214844 0.927734 0.195312 0.925781 0.150391 0.886719 0.150391 0.853516 0.167969 0.853516 0.203125
0 0.685547 0.191406 0.707031 0.169922 0.742188 0.173828 0.755859 0.1875 0.751953 0.222656 0.734375 0.244141 0.734375 0.244141 0.707031 0.240234 0.685547 0.21875 0.685547 0.191406 0.693359 0.195312 0.693359 0.210938 0.728516 0.234375 0.728516 0.234375 0.748047 0.195312 0.714844 0.177734 0.693359 0.195312
0 0.996094 0.240234 0.951172 0.222656 0.957031 0.185547 0.998047 0.183594 0.958984 0.199219 0.962891 0.222656 0.996094 0.240234
0 0.404297 0.230469 0.400391 0.203125 0.421875 0.185547 0.441406 0.185547 0.470703 0.207031 0.453125 0.248047 0.453125 0.248047 0.404297 0.230469 0.412109 0.222656 0.447266 0.238281 0.447266 0.238281 0.458984 0.207031 0.433594 0.193359 0.414062 0.201172 0.412109 0.222656
0 0.779297 0.203125 0.808594 0.193359 0.828125 0.205078 0.828125 0.244141 0.828125 0.244141 0.800781 0.236328 0.779297 0.203125 0.787109 0.210938 0.8125 0.232422 0.826172 0.230469 0.826172 0.230469 0.816406 0.208984 0.787109 0.210938
0 0.0878906 0.296875 0.0839844 0.257812 0.109375 0.224609 0.160156 0.228516 0.166016 0.269531 0.125 0.310547 0.125 0.310547 0.0878906 0.296875 0.0957031 0.289062 0.119141 0.300781 0.119141 0.300781 0.154297 0.273438 0.152344 0.236328 0.117188 0.232422 0.0957031 0.253906 0.0957031 0.289062
0 0.326172 0.257812 0.34375 0.236328 0.378906 0.228516 0.392578 0.242188 0.384766 0.277344 0.347656 0.302734 0.347656 0.302734 0.322266 0.289062 0.326172 0.257812 0.333984 0.261719 0.333984 0.28125 0.349609 0.28125 0.349609 0.28125 0.378906 0.244141 0.363281 0.240234 0.333984 0.261719
0 0.791016 0.246094 0.78125 0.275391 0.78125 0.275391 0.75 0.271484 0.736328 0.253906 0.777344 0.228516 0.791016 0.246094 0.783203 0.253906 0.773438 0.240234 0.748047 0.253906 0.775391 0.265625 0.775391 0.265625 0.783203 0.253906
0 0.958984 0.273438 0.962891 0.289062 0.949219 0.306641 0.949219 0.306641 0.921875 0.302734 0.904297 0.277344 0.910156 0.236328 0.933594 0.244141 0.958984 0.273438 0.951172 0.277344 0.914062 0.248047 0.919922 0.285156 0.947266 0.296875 0.947266 0.296875 0.951172 0.277344
0 0.675781 0.314453 0.650391 0.296875 0.638672 0.269531 0.648438 0.248047 0.683594 0.240234 0.724609 0.269531 0.724609 0.296875 0.703125 0.314453 0.703125 0.314453 0.675781 0.314453 0.679688 0.306641 0.701172 0.304688 0.701172 0.304688 0.716797 0.273438 0.6875 0.251953 0.660156 0.251953 0.650391 0.261719 0.658203 0.289062 0.679688 0.306641
0 0.193359 0.339844 0.193359 0.300781 0.222656 0.248047 0.257812 0.248047 0.275391 0.269531 0.271484 0.339844 0.242188 0.380859 0.242188 0.380859 0.193359 0.339844 0.201172 0.332031 0.226562 0.365234 0.244141 0.367188 0.244141 0.367188 0.267578 0.304688 0.234375 0.259766 0.205078 0.292969 0.201172 0.332031
0 0.787109 0.332031 0.794922 0.28125 0.824219 0.251953 0.871094 0.255859 0.880859 0.289062 0.865234 0.320312 0.824219 0.345703 0.824219 0.345703 0.800781 0.345703 0.787109 0.332031 0.794922 0.324219 0.818359 0.335938 0.818359 0.335938 0.857422 0.3125 0.871094 0.267578 0.832031 0.259766 0.806641 0.28125 0.794922 0.324219
0 0.521484 0.398438 0.525391 0.359375 0.558594 0.306641 0.609375 0.318359 0.634766 0.339844 0.634766 0.398438 0.605469 0.451172 0.605469 0.451172 0.570312 0.443359 0.521484 0.398438 0.529297 0.394531 0.550781 0.419922 0.603516 0.441406 0.603516 0.441406 0.626953 0.390625 0.626953 0.347656 0.601562 0.326172 0.5625 0.318359 0.537109 0.355469 0.529297 0.394531
0 0.923828 0.324219 0.923828 0.351562 0.910156 0.365234 0.910156 0.365234 0.884766 0.339844 0.890625 0.302734 0.923828 0.324219 0.916016 0.328125 0.898438 0.314453 0.896484 0.34375 0.912109 0.351562 0.912109 0.351562 0.916016 0.328125
0 0.429688 0.333984 0.455078 0.351562 0.451172 0.390625 0.429688 0.416016 0.398438 0.427734 0.398438 0.427734 0.330078 0.402344 0.382812 0.326172 0.429688 0.333984 0.425781 0.341797 0.386719 0.337891 0.341797 0.398438 0.375 0.416016 0.412109 0.414062 0.412109 0.414062 0.443359 0.382812 0.447266 0.359375 0.425781 0.341797
0 0.160156 0.404297 0.126953 0.390625 0.126953 0.371094 0.152344 0.345703 0.189453 0.367188 0.185547 0.386719 0.160156 0.404297 0.160156 0.404297 0.158203 0.394531 0.166016 0.363281 0.152344 0.357422 0.134766 0.382812 0.158203 0.394531 0.158203 0.394531
0 0.996094 0.384766 0.986328 0.375 0.992188 0.341797 0.996094 0.384766
0 0.785156 0.423828 0.742188 0.416016 0.716797 0.378906 0.734375 0.365234 0.777344 0.373047 0.798828 0.398438 0.785156 0.423828 0.785156 0.423828 0.783203 0.414062 0.791016 0.40625 0.765625 0.376953 0.728516 0.378906 0.753906 0.412109 0.783203 0.414062 0.783203 0.414062
0 0.287109 0.460938 0.261719 0.494141 0.261719 0.494141 0.230469 0.494141 0.220703 0.457031 0.230469 0.431641 0.277344 0.423828 0.287109 0.460938 0.279297 0.457031 0.273438 0.435547 0.253906 0.435547 0.232422 0.460938 0.255859 0.476562 0.255859 0.476562 0.279297 0.457031
0 0.9375 0.419922 0.957031 0.419922 0.974609 0.441406 0.957031 0.470703 0.957031 0.470703 0.923828 0.453125 0.9375 0.419922 0.945312 0.427734 0.935547 0.453125 0.951172 0.460938 0.951172 0.460938 0.962891 0.441406 0.945312 0.427734
0 0.216797 0.476562 0.191406 0.537109 0.191406 0.537109 0.164062 0.521484 0.146484 0.492188 0.160156 0.427734 0.183594 0.431641 0.216797 0.476562 0.208984 0.480469 0.167969 0.439453 0.154297 0.484375 0.189453 0.523438 0.189453 0.523438 0.208984 0.480469
0 0.435547 0.476562 0.4375 0.431641 0.492188 0.439453 0.513672 0.460938 0.521484 0.492188 0.503906 0.505859 0.503906 0.505859 0.46875 0.501953 0.435547 0.476562 0.443359 0.46875 0.46875 0.490234 0.498047 0.496094 0.498047 0.496094 0.513672 0.484375 0.509766 0.472656 0.484375 0.447266 0.457031 0.439453 0.443359 0.46875
0 0.638672 0.476562 0.652344 0.435547 0.707031 0.427734 0.720703 0.4375 0.732422 0.484375 0.71875 0.509766 0.71875 0.509766 0.679688 0.509766 0.638672 0.476562 0.646484 0.472656 0.679688 0.498047 0.712891 0.5 0.712891 0.5 0.724609 0.476562 0.707031 0.439453 0.675781 0.435547 0.646484 0.460938 0.646484 0.472656
0 0.996094 0.478516 0.996094 0.435547 0.996094 0.478516
0 0.775391 0.511719 0.773438 0.470703 0.8125 0.458984 0.830078 0.476562 0.833984 0.507812 0.816406 0.529297 0.816406 0.529297 0.775391 0.511719 0.783203 0.507812 0.810547 0.519531 0.810547 0.519531 0.826172 0.488281 0.8125 0.474609 0.785156 0.474609 0.783203 0.507812
0 0.113281 0.470703 0.130859 0.492188 0.134766 0.511719 0.101562 0.544922 0.101562 0.544922 0.0527344 0.527344 0.0527344 0.496094 0.0703125 0.470703 0.113281 0.470703 0.105469 0.478516 0.0859375 0.478516 0.0761719 0.507812 0.103516 0.523438 0.103516 0.523438 0.123047 0.5 0.105469 0.478516
0 0.880859 0.546875 0.884766 0.496094 0.90625 0.470703 0.916016 0.472656 0.910156 0.482422 0.947266 0.496094 0.958984 0.523438 0.958984 0.554688 0.921875 0.580078 0.921875 0.580078 0.902344 0.580078 0.880859 0.546875 0.888672 0.542969 0.910156 0.572266 0.919922 0.570312 0.919922 0.570312 0.947266 0.554688 0.951172 0.53125 0.9375 0.498047 0.902344 0.490234 0.888672 0.542969
0 0.261719 0.529297 0.292969 0.537109 0.326172 0.566406 0.326172 0.59375 0.3125 0.603516 0.3125 0.603516 0.273438 0.603516 0.240234 0.570312 0.242188 0.552734 0.255859 0.566406 0.261719 0.529297 0.265625 0.537109 0.267578 0.574219 0.302734 0.59375 0.302734 0.59375 0.314453 0.574219 0.265625 0.537109
0 0.132812 0.662109 0.0996094 0.648438 0.0917969 0.59375 0.132812 0.560547 0.148438 0.560547 0.166016 0.601562 0.166016 0.640625 0.132812 0.662109 0.132812 0.662109 0.130859 0.652344 0.158203 0.632812 0.140625 0.572266 0.0996094 0.601562 0.111328 0.648438 0.130859 0.652344 0.130859 0.652344
0 0.1875 0.564453 0.214844 0.564453 0.240234 0.585938 0.226562 0.638672 0.226562 0.638672 0.203125 0.638672 0.181641 0.621094 0.177734 0.574219 0.1875 0.564453 0.195312 0.572266 0.185547 0.605469 0.195312 0.623047 0.220703 0.628906 0.220703 0.628906 0.232422 0.59375 0.195312 0.572266
0 0.707031 0.662109 0.683594 0.658203 0.666016 0.632812 0.6875 0.576172 0.740234 0.59375 0.740234 0.621094 0.707031 0.662109 0.707031 0.662109 0.705078 0.652344 0.732422 0.601562 0.703125 0.583984 0.681641 0.601562 0.677734 0.636719 0.705078 0.652344 0.705078 0.652344
0 0.472656 0.591797 0.498047 0.609375 0.498047 0.644531 0.46875 0.677734 0.46875 0.677734 0.423828 0.671875 0.445312 0.591797 0.472656 0.591797 0.46875 0.599609 0.455078 0.601562 0.431641 0.660156 0.462891 0.667969 0.462891 0.667969 0.490234 0.636719 0.490234 0.617188 0.46875 0.599609
0 0.759766 0.648438 0.759766 0.621094 0.792969 0.603516 0.802734 0.621094 0.785156 0.654297 0.785156 0.654297 0.759766 0.648438 0.767578 0.644531 0.783203 0.644531 0.783203 0.644531 0.789062 0.615234 0.767578 0.628906 0.767578 0.644531
0 0.244141 0.625 0.261719 0.611328 0.28125 0.611328 0.291016 0.636719 0.291016 0.664062 0.273438 0.681641 0.273438 0.681641 0.244141 0.664062 0.244141 0.625 0.251953 0.628906 0.251953 0.65625 0.271484 0.671875 0.271484 0.671875 0.283203 0.65625 0.273438 0.619141 0.251953 0.628906
0 0.359375 0.626953 0.384766 0.648438 0.382812 0.666016 0.382812 0.666016 0.320312 0.658203 0.298828 0.636719 0.324219 0.623047 0.359375 0.626953 0.351562 0.634766 0.318359 0.636719 0.335938 0.654297 0.376953 0.65625 0.376953 0.65625 0.351562 0.634766
0 0.0859375 0.724609 0.0605469 0.714844 0.0585938 0.669922 0.0996094 0.671875 0.103516 0.710938 0.0859375 0.724609 0.0859375 0.724609 0.0839844 0.714844 0.0957031 0.703125 0.0859375 0.673828 0.0644531 0.679688 0.0644531 0.703125 0.0839844 0.714844 0.0839844 0.714844
0 0.619141 0.675781 0.619141 0.703125 0.605469 0.712891 0.605469 0.712891 0.580078 0.707031 0.572266 0.675781 0.582031 0.666016 0.619141 0.675781 0.611328 0.679688 0.589844 0.673828 0.587891 0.699219 0.599609 0.703125 0.599609 0.703125 0.611328 0.679688
0 0.320312 0.716797 0.306641 0.703125 0.306641 0.679688 0.359375 0.681641 0.369141 0.710938 0.355469 0.724609 0.355469 0.724609 0.320312 0.716797 0.324219 0.708984 0.349609 0.714844 0.349609 0.714844 0.361328 0.703125 0.351562 0.689453 0.314453 0.6875 0.324219 0.708984
0 0.705078 0.714844 0.695312 0.767578 0.695312 0.767578 0.667969 0.763672 0.650391 0.742188 0.646484 0.703125 0.660156 0.685547 0.695312 0.697266 0.705078 0.714844 0.697266 0.71875 0.664062 0.697266 0.654297 0.726562 0.667969 0.751953 0.689453 0.757812 0.689453 0.757812 0.697266 0.71875
0 0.728516 0.730469 0.732422 0.699219 0.746094 0.689453 0.769531 0.689453 0.787109 0.707031 0.787109 0.75 0.777344 0.759766 0.777344 0.759766 0.757812 0.759766 0.728516 0.730469 0.736328 0.726562 0.771484 0.75 0.771484 0.75 0.779297 0.714844 0.753906 0.697266 0.736328 0.726562
0 0.802734 0.710938 0.808594 0.685547 0.837891 0.699219 0.832031 0.724609 0.832031 0.724609 0.802734 0.710938 0.810547 0.703125 0.826172 0.714844 0.826172 0.714844 0.816406 0.693359 0.810547 0.703125
0 0.259766 0.734375 0.259766 0.757812 0.242188 0.767578 0.242188 0.767578 0.21875 0.767578 0.201172 0.75 0.214844 0.693359 0.259766 0.734375 0.251953 0.738281 0.21875 0.708984 0.212891 0.75 0.240234 0.757812 0.240234 0.757812 0.251953 0.738281
0 0.496094 0.736328 0.53125 0.732422 0.552734 0.75 0.552734 0.765625 0.507812 0.806641 0.507812 0.806641 0.482422 0.800781 0.470703 0.765625 0.496094 0.736328 0.509766 0.792969 0.492188 0.794922 0.478516 0.773438 0.5 0.744141 0.484375 0.880859 0.513672 0.851562 0.515625 0.818359 0.449219 0.791016 0.417969 0.791016 0.384766 0.8125 0.482422 0.871094 0.509766 0.828125 0.488281 0.826172 0.472656 0.806641 0.4375 0.802734 0.396484 0.828125 0.421875 0.873047 0.482422 0.871094 0.482422 0.871094 0.384766 0.8125 0.414062 0.880859 0.484375 0.880859 0.484375 0.880859 0.5 0.744141 0.519531 0.740234 0.544922 0.761719 0.509766 0.792969 0.509766 0.792969
0 0.59375 0.740234 0.642578 0.742188 0.646484 0.792969 0.625 0.802734 0.625 0.802734 0.580078 0.78125 0.59375 0.740234 0.601562 0.748047 0.591797 0.769531 0.609375 0.791016 0.623047 0.789062 0.623047 0.789062 0.634766 0.75 0.601562 0.748047
0 0.822266 0.769531 0.835938 0.751953 0.884766 0.765625 0.892578 0.808594 0.878906 0.833984 0.878906 0.833984 0.851562 0.830078 0.826172 0.796875 0.822266 0.769531 0.830078 0.777344 0.837891 0.796875 0.873047 0.824219 0.873047 0.824219 0.884766 0.785156 0.867188 0.763672 0.84375 0.759766 0.830078 0.777344
0 0.128906 0.755859 0.169922 0.773438 0.164062 0.833984 0.164062 0.833984 0.119141 0.804688 0.128906 0.755859 0.136719 0.763672 0.130859 0.792969 0.150391 0.800781 0.150391 0.800781 0.154297 0.777344 0.136719 0.763672
0 0.232422 0.808594 0.265625 0.783203 0.285156 0.783203 0.287109 0.808594 0.261719 0.830078 0.261719 0.830078 0.234375 0.826172 0.232422 0.808594 0.240234 0.816406 0.255859 0.820312 0.255859 0.820312 0.277344 0.791016 0.261719 0.814453 0.240234 0.816406
0 0.230469 0.830078 0.230469 0.865234 0.230469 0.865234 0.1875 0.857422 0.189453 0.835938 0.199219 0.826172 0.230469 0.830078 0.222656 0.837891 0.201172 0.839844 0.207031 0.857422 0.224609 0.855469 0.224609 0.855469 0.222656 0.837891
0 0.671875 0.826172 0.710938 0.830078 0.728516 0.847656 0.71875 0.873047 0.71875 0.873047 0.667969 0.869141 0.654297 0.835938 0.671875 0.826172 0.675781 0.833984 0.662109 0.84375 0.683594 0.865234 0.712891 0.863281 0.712891 0.863281 0.720703 0.851562 0.707031 0.837891 0.675781 0.833984
0 0.0332031 0.878906 0.0292969 0.855469 0.046875 0.833984 0.0996094 0.84375 0.103516 0.867188 0.0742188 0.884766 0.0742188 0.884766 0.0332031 0.878906 0.0410156 0.871094 0.0683594 0.875 0.0683594 0.875 0.0859375 0.869141 0.0917969 0.851562 0.046875 0.845703 0.0410156 0.871094
0 0.583984 0.863281 0.605469 0.837891 0.630859 0.84375 0.634766 0.878906 0.617188 0.896484 0.617188 0.896484 0.583984 0.882812 0.583984 0.863281 0.591797 0.867188 0.597656 0.884766 0.615234 0.886719 0.615234 0.886719 0.626953 0.871094 0.621094 0.845703 0.591797 0.867188
0 0.283203 0.867188 0.265625 0.876953 0.267578 0.863281 0.3125 0.853516 0.322266 0.863281 0.3125 0.896484 0.3125 0.896484 0.285156 0.896484 0.283203 0.867188 0.289062 0.861328 0.291016 0.886719 0.306641 0.886719 0.306641 0.886719 0.314453 0.867188 0.289062 0.861328
0 0.8125 0.884766 0.818359 0.929688 0.777344 0.955078 0.777344 0.955078 0.767578 0.953125 0.775391 0.90625 0.792969 0.884766 0.8125 0.884766 0.804688 0.892578 0.779297 0.921875 0.791016 0.9375 0.791016 0.9375 0.810547 0.921875 0.804688 0.892578
0 0.646484 0.933594 0.664062 0.908203 0.707031 0.896484 0.712891 0.9375 0.683594 0.962891 0.683594 0.962891 0.652344 0.962891 0.646484 0.933594 0.654297 0.9375 0.660156 0.955078 0.681641 0.953125 0.681641 0.953125 0.701172 0.941406 0.703125 0.908203 0.683594 0.908203 0.654297 0.9375
0 0.841797 0.96875 0.851562 0.900391 0.871094 0.900391 0.892578 0.925781 0.882812 0.994141 0.882812 0.994141 0.859375 0.990234 0.841797 0.96875 0.849609 0.960938 0.876953 0.980469 0.876953 0.980469 0.884766 0.933594 0.863281 0.908203 0.849609 0.925781 0.849609 0.960938
0 0.566406 0.943359 0.542969 0.943359 0.541016 0.921875 0.570312 0.908203 0.580078 0.9375 0.566406 0.943359 0.566406 0.943359 0.564453 0.933594 0.566406 0.919922 0.548828 0.929688 0.564453 0.933594 0.564453 0.933594
0 0.308594 0.927734 0.322266 0.945312 0.316406 0.970703 0.316406 0.970703 0.273438 0.962891 0.263672 0.925781 0.308594 0.927734 0.304688 0.935547 0.28125 0.931641 0.271484 0.941406 0.292969 0.962891 0.314453 0.960938 0.314453 0.960938 0.304688 0.935547
0 0.613281 0.990234 0.568359 0.96875 0.578125 0.947266 0.626953 0.953125 0.630859 0.972656 0.613281 0.990234 0.613281 0.990234 0.615234 0.976562 0.613281 0.955078 0.580078 0.960938 0.597656 0.978516 0.615234 0.976562 0.615234 0.976562
0 0.339844 0.958984 0.398438 0.962891 0.416016 0.976562 0.414062 0.986328 0.355469 0.998047 0.355469 0.998047 0.324219 0.998047 0.318359 0.976562 0.339844 0.958984 0.34375 0.966797 0.326172 0.984375 0.353516 0.988281 0.353516 0.988281 0.365234 0.980469 0.34375 0.966797
0 0.515625 0.998047 0.5 0.982422 0.451172 0.996094 0.46875 0.974609 0.503906 0.974609 0.517578 0.984375 0.515625 0.998047
0 0.835938 0.998047 0.824219 0.986328 0.779297 0.996094 0.792969 0.982422 0.832031 0.978516 0.835938 0.998047
0 0.140625 0.998047 0.107422 0.996094 0.140625 0.998047
