0 0.726562 0.193359 0.685547 0.175781 0.677734 0.125 0.746094 0.103516 0.763672 0.117188 0.763672 0.15625 0.726562 0.193359 0.726562 0.193359 0.724609 0.183594 0.755859 0.148438 0.755859 0.125 0.738281 0.111328 0.689453 0.128906 0.693359 0.167969 0.724609 0.183594 0.724609 0.183594
0 0.953125 0.111328 0.990234 0.117188 0.990234 0.148438 0.976562 0.169922 0.976562 0.169922 0.939453 0.160156 0.953125 0.111328 0.957031 0.119141 0.947266 0.152344 0.970703 0.160156 0.970703 0.160156 0.982422 0.125 0.957031 0.119141
0 0.431641 0.144531 0.431641 0.167969 0.40625 0.197266 0.40625 0.197266 0.386719 0.193359 0.361328 0.164062 0.353516 0.140625 0.363281 0.130859 0.410156 0.126953 0.431641 0.144531 0.423828 0.152344 0.414062 0.138672 0.378906 0.134766 0.365234 0.148438 0.400391 0.1875 0.400391 0.1875 0.423828 0.152344
0 0.484375 0.123047 0.568359 0.128906 0.558594 0.154297 0.511719 0.177734 0.511719 0.177734 0.482422 0.167969 0.474609 0.132812 0.484375 0.123047 0.492188 0.130859 0.486328 0.15625 0.505859 0.167969 0.505859 0.167969 0.556641 0.136719 0.492188 0.130859
0 0.814453 0.1875 0.855469 0.150391 0.894531 0.150391 0.912109 0.1875 0.871094 0.224609 0.871094 0.224609 0.84375 0.220703 0.814453 0.1875 0.822266 0.1875 0.865234 0.214844 0.865234 0.214844 0.904297 0.179688 0.886719 0.158203 0.859375 0.158203 0.822266 0.1875
0 0.585938 0.232422 0.560547 0.199219 0.597656 0.158203 0.636719 0.154297 0.662109 0.179688 0.666016 0.207031 0.632812 0.236328 0.632812 0.236328 0.585938 0.232422 0.589844 0.224609 0.626953 0.226562 0.626953 0.226562 0.654297 0.203125 0.654297 0.1875 0.628906 0.162109 0.613281 0.162109 0.572266 0.199219 0.589844 0.224609
0 0.353516 0.195312 0.353516 0.230469 0.328125 0.263672 0.328125 0.263672 0.292969 0.259766 0.283203 0.238281 0.291016 0.183594 0.308594 0.166016 0.332031 0.166016 0.353516 0.195312 0.345703 0.199219 0.316406 0.173828 0.294922 0.199219 0.294922 0.242188 0.322266 0.253906 0.322266 0.253906 0.345703 0.226562 0.345703 0.199219
0 0.773438 0.310547 0.763672 0.296875 0.763672 0.234375 0.792969 0.185547 0.841797 0.253906 0.841797 0.285156 0.8125 0.310547 0.8125 0.310547 0.773438 0.310547 0.78125 0.302734 0.806641 0.300781 0.806641 0.300781 0.833984 0.277344 0.833984 0.261719 0.792969 0.201172 0.771484 0.242188 0.771484 0.289062 0.78125 0.302734
0 0.972656 0.302734 0.955078 0.296875 0.935547 0.230469 0.996094 0.193359 0.992188 0.208984 0.943359 0.234375 0.964844 0.294922 0.998047 0.265625 0.972656 0.302734
0 0.0078125 0.310547 0 0.296875 0.0332031 0.273438 0.0371094 0.242188 0.0195312 0.212891 0 0.210938 0 0.201172 0.0273438 0.205078 0.0449219 0.238281 0.0410156 0.28125 0.0078125 0.310547
0 0.746094 0.267578 0.71875 0.267578 0.697266 0.246094 0.710938 0.216797 0.755859 0.222656 0.746094 0.267578 0.746094 0.267578 0.740234 0.257812 0.742188 0.224609 0.708984 0.230469 0.71875 0.255859 0.740234 0.257812 0.740234 0.257812
0 0.1875 0.251953 0.197266 0.265625 0.189453 0.3125 0.166016 0.347656 0.128906 0.373047 0.128906 0.373047 0.0800781 0.363281 0.0839844 0.292969 0.101562 0.271484 0.1875 0.251953 0.179688 0.259766 0.0957031 0.289062 0.0878906 0.351562 0.123047 0.363281 0.123047 0.363281 0.177734 0.316406 0.189453 0.277344 0.179688 0.259766
0 0.242188 0.349609 0.224609 0.328125 0.220703 0.273438 0.230469 0.259766 0.265625 0.263672 0.287109 0.289062 0.291016 0.328125 0.277344 0.349609 0.277344 0.349609 0.242188 0.349609 0.25 0.341797 0.271484 0.339844 0.271484 0.339844 0.283203 0.304688 0.253906 0.267578 0.238281 0.267578 0.228516 0.3125 0.25 0.341797
0 0.572266 0.367188 0.587891 0.296875 0.625 0.271484 0.660156 0.275391 0.685547 0.308594 0.673828 0.363281 0.644531 0.380859 0.644531 0.380859 0.578125 0.380859 0.572266 0.367188 0.580078 0.367188 0.642578 0.371094 0.642578 0.371094 0.666016 0.355469 0.677734 0.316406 0.652344 0.283203 0.632812 0.279297 0.595703 0.304688 0.580078 0.367188
0 0.501953 0.304688 0.519531 0.283203 0.539062 0.283203 0.548828 0.300781 0.548828 0.328125 0.53125 0.353516 0.53125 0.353516 0.515625 0.353516 0.501953 0.335938 0.501953 0.304688 0.509766 0.3125 0.525391 0.34375 0.525391 0.34375 0.541016 0.320312 0.53125 0.291016 0.509766 0.3125
0 0.832031 0.404297 0.810547 0.398438 0.802734 0.347656 0.84375 0.306641 0.863281 0.306641 0.873047 0.316406 0.869141 0.367188 0.861328 0.386719 0.832031 0.404297 0.832031 0.404297 0.830078 0.394531 0.861328 0.359375 0.865234 0.324219 0.855469 0.314453 0.818359 0.34375 0.818359 0.390625 0.830078 0.394531 0.830078 0.394531
0 0.40625 0.314453 0.427734 0.339844 0.427734 0.386719 0.394531 0.419922 0.394531 0.419922 0.355469 0.419922 0.337891 0.402344 0.341797 0.335938 0.363281 0.318359 0.40625 0.314453 0.398438 0.322266 0.355469 0.345703 0.345703 0.363281 0.349609 0.402344 0.388672 0.410156 0.388672 0.410156 0.419922 0.378906 0.416016 0.335938 0.398438 0.322266
0 0.992188 0.462891 0.933594 0.439453 0.919922 0.421875 0.908203 0.398438 0.908203 0.34375 0.921875 0.322266 0.998047 0.347656 0.996094 0.365234 0.929688 0.337891 0.916016 0.351562 0.916016 0.390625 0.935547 0.425781 0.980469 0.451172 0.996094 0.427734 0.992188 0.462891
0 0.783203 0.355469 0.783203 0.394531 0.769531 0.408203 0.769531 0.408203 0.742188 0.408203 0.720703 0.390625 0.730469 0.341797 0.765625 0.337891 0.783203 0.355469 0.775391 0.363281 0.742188 0.345703 0.728516 0.375 0.742188 0.396484 0.763672 0.398438 0.763672 0.398438 0.775391 0.363281
0 0.169922 0.4375 0.169922 0.402344 0.199219 0.365234 0.244141 0.410156 0.240234 0.4375 0.210938 0.462891 0.210938 0.462891 0.183594 0.458984 0.169922 0.4375 0.177734 0.429688 0.205078 0.453125 0.205078 0.453125 0.236328 0.417969 0.199219 0.380859 0.177734 0.410156 0.177734 0.429688
0 0.587891 0.429688 0.580078 0.460938 0.550781 0.478516 0.550781 0.478516 0.515625 0.478516 0.505859 0.460938 0.505859 0.441406 0.527344 0.416016 0.587891 0.429688 0.578125 0.431641 0.535156 0.423828 0.517578 0.4375 0.517578 0.460938 0.544922 0.46875 0.544922 0.46875 0.576172 0.449219 0.578125 0.431641
0 0.849609 0.492188 0.84375 0.525391 0.84375 0.525391 0.800781 0.525391 0.751953 0.496094 0.736328 0.460938 0.742188 0.419922 0.826172 0.429688 0.849609 0.492188 0.841797 0.5 0.816406 0.435547 0.748047 0.429688 0.748047 0.46875 0.777344 0.505859 0.837891 0.515625 0.837891 0.515625 0.841797 0.5
0 0.0253906 0.460938 0.0625 0.431641 0.0898438 0.431641 0.123047 0.472656 0.123047 0.492188 0.0703125 0.556641 0.0703125 0.556641 0.0292969 0.515625 0.0253906 0.460938 0.0332031 0.46875 0.0332031 0.5 0.0683594 0.542969 0.0683594 0.542969 0.111328 0.488281 0.078125 0.447266 0.0546875 0.447266 0.0332031 0.46875
0 0.984375 0.564453 0.958984 0.539062 0.958984 0.492188 0.976562 0.482422 0.988281 0.482422 0.998047 0.503906 0.996094 0.513672 0.976562 0.498047 0.966797 0.503906 0.978516 0.550781 0.998047 0.535156 0.984375 0.564453
0 0.628906 0.513672 0.646484 0.535156 0.646484 0.566406 0.632812 0.576172 0.632812 0.576172 0.554688 0.564453 0.544922 0.511719 0.605469 0.501953 0.628906 0.513672 0.621094 0.521484 0.574219 0.509766 0.552734 0.523438 0.566406 0.560547 0.626953 0.566406 0.626953 0.566406 0.638672 0.542969 0.621094 0.521484
0 0.962891 0.613281 0.9375 0.642578 0.9375 0.642578 0.896484 0.597656 0.921875 0.533203 0.962891 0.578125 0.962891 0.613281 0.955078 0.609375 0.955078 0.585938 0.925781 0.556641 0.916016 0.601562 0.939453 0.628906 0.939453 0.628906 0.955078 0.609375
0 0.203125 0.544922 0.253906 0.541016 0.279297 0.582031 0.242188 0.626953 0.242188 0.626953 0.195312 0.611328 0.166016 0.566406 0.203125 0.544922 0.207031 0.552734 0.177734 0.570312 0.203125 0.603516 0.236328 0.617188 0.236328 0.617188 0.267578 0.582031 0.253906 0.552734 0.207031 0.552734
0 0.996094 0.650391 0.974609 0.625 0.978516 0.589844 0.996094 0.572266 0.998047 0.589844 0.982422 0.609375 0.996094 0.650391
0 0.664062 0.681641 0.634766 0.667969 0.619141 0.636719 0.644531 0.591797 0.675781 0.591797 0.693359 0.609375 0.689453 0.660156 0.664062 0.681641 0.664062 0.681641 0.662109 0.671875 0.681641 0.652344 0.685547 0.617188 0.652344 0.599609 0.630859 0.640625 0.662109 0.671875 0.662109 0.671875
0 0.462891 0.621094 0.462891 0.667969 0.421875 0.697266 0.421875 0.697266 0.396484 0.683594 0.384766 0.636719 0.410156 0.607422 0.449219 0.603516 0.462891 0.621094 0.431641 0.683594 0.408203 0.679688 0.392578 0.644531 0.511719 0.728516 0.548828 0.703125 0.535156 0.673828 0.509766 0.71875 0.537109 0.703125 0.53125 0.689453 0.484375 0.681641 0.466797 0.691406 0.509766 0.71875 0.509766 0.71875 0.535156 0.673828 0.480469 0.666016 0.455078 0.683594 0.472656 0.712891 0.511719 0.728516 0.511719 0.728516 0.392578 0.644531 0.417969 0.615234 0.441406 0.611328 0.455078 0.625 0.455078 0.660156 0.431641 0.683594 0.431641 0.683594
0 0.0371094 0.730469 0.0332031 0.675781 0.0742188 0.623047 0.09375 0.626953 0.154297 0.679688 0.150391 0.726562 0.117188 0.794922 0.117188 0.794922 0.0507812 0.755859 0.0371094 0.730469 0.0449219 0.722656 0.0625 0.751953 0.111328 0.777344 0.111328 0.777344 0.138672 0.730469 0.146484 0.6875 0.078125 0.634766 0.0449219 0.671875 0.0449219 0.722656
0 0.779297 0.648438 0.804688 0.626953 0.835938 0.626953 0.830078 0.675781 0.785156 0.712891 0.785156 0.712891 0.767578 0.707031 0.779297 0.648438 0.787109 0.652344 0.783203 0.703125 0.783203 0.703125 0.822266 0.667969 0.828125 0.634766 0.787109 0.652344
0 0.894531 0.650391 0.929688 0.650391 0.947266 0.664062 0.947266 0.703125 0.923828 0.753906 0.902344 0.771484 0.902344 0.771484 0.886719 0.771484 0.865234 0.75 0.857422 0.683594 0.894531 0.650391 0.902344 0.658203 0.873047 0.683594 0.876953 0.746094 0.896484 0.761719 0.896484 0.761719 0.919922 0.742188 0.939453 0.695312 0.939453 0.671875 0.921875 0.658203 0.902344 0.658203
0 0.705078 0.703125 0.703125 0.673828 0.726562 0.673828 0.751953 0.695312 0.746094 0.720703 0.746094 0.720703 0.705078 0.703125 0.712891 0.695312 0.740234 0.710938 0.740234 0.710938 0.744141 0.703125 0.714844 0.681641 0.712891 0.695312
0 0.605469 0.759766 0.576172 0.742188 0.59375 0.677734 0.640625 0.689453 0.654297 0.710938 0.654297 0.746094 0.632812 0.759766 0.632812 0.759766 0.605469 0.759766 0.613281 0.751953 0.626953 0.75 0.626953 0.75 0.646484 0.738281 0.646484 0.71875 0.632812 0.697266 0.601562 0.685547 0.583984 0.726562 0.613281 0.751953
0 0.392578 0.78125 0.380859 0.738281 0.390625 0.720703 0.441406 0.720703 0.466797 0.738281 0.478516 0.789062 0.460938 0.810547 0.460938 0.810547 0.392578 0.78125 0.400391 0.773438 0.429688 0.794922 0.458984 0.796875 0.458984 0.796875 0.470703 0.78125 0.458984 0.746094 0.433594 0.728516 0.398438 0.728516 0.400391 0.773438
0 0.751953 0.738281 0.789062 0.716797 0.791016 0.753906 0.773438 0.783203 0.773438 0.783203 0.755859 0.777344 0.751953 0.738281 0.759766 0.746094 0.771484 0.769531 0.771484 0.769531 0.78125 0.728516 0.759766 0.746094
0 0.996094 0.771484 0.996094 0.728516 0.996094 0.771484
0 0.794922 0.808594 0.804688 0.736328 0.849609 0.761719 0.845703 0.804688 0.828125 0.830078 0.828125 0.830078 0.794922 0.808594 0.802734 0.800781 0.822266 0.820312 0.822266 0.820312 0.841797 0.769531 0.8125 0.744141 0.802734 0.800781
0 0.675781 0.744141 0.703125 0.748047 0.720703 0.765625 0.720703 0.8125 0.707031 0.833984 0.707031 0.833984 0.691406 0.830078 0.677734 0.804688 0.675781 0.744141 0.683594 0.751953 0.681641 0.789062 0.705078 0.820312 0.705078 0.820312 0.712891 0.773438 0.683594 0.751953
0 0.964844 0.740234 0.978516 0.761719 0.957031 0.830078 0.957031 0.830078 0.923828 0.800781 0.916016 0.777344 0.945312 0.740234 0.964844 0.740234 0.957031 0.748047 0.927734 0.773438 0.927734 0.789062 0.955078 0.816406 0.955078 0.816406 0.970703 0.78125 0.957031 0.748047
0 0.519531 0.810547 0.509766 0.800781 0.513672 0.765625 0.570312 0.775391 0.580078 0.785156 0.570312 0.810547 0.570312 0.810547 0.519531 0.810547 0.527344 0.802734 0.564453 0.800781 0.564453 0.800781 0.572266 0.792969 0.5625 0.783203 0.521484 0.773438 0.527344 0.802734
0 0.609375 0.783203 0.664062 0.791016 0.669922 0.820312 0.640625 0.837891 0.640625 0.837891 0.597656 0.830078 0.587891 0.820312 0.591797 0.792969 0.609375 0.783203 0.613281 0.791016 0.599609 0.800781 0.605469 0.822266 0.638672 0.828125 0.638672 0.828125 0.662109 0.8125 0.65625 0.798828 0.613281 0.791016
0 0.867188 0.779297 0.902344 0.783203 0.923828 0.820312 0.923828 0.847656 0.886719 0.865234 0.886719 0.865234 0.867188 0.865234 0.845703 0.835938 0.867188 0.779297 0.875 0.787109 0.853516 0.820312 0.880859 0.855469 0.880859 0.855469 0.916016 0.839844 0.912109 0.8125 0.890625 0.787109 0.875 0.787109
0 0.273438 0.853516 0.267578 0.820312 0.316406 0.794922 0.34375 0.798828 0.361328 0.832031 0.332031 0.857422 0.332031 0.857422 0.273438 0.853516 0.28125 0.845703 0.310547 0.84375 0.310547 0.84375 0.345703 0.824219 0.320312 0.810547 0.275391 0.828125 0.28125 0.845703
0 0.566406 0.873047 0.527344 0.869141 0.521484 0.835938 0.550781 0.822266 0.589844 0.830078 0.591797 0.847656 0.566406 0.873047 0.566406 0.873047 0.564453 0.863281 0.582031 0.837891 0.558594 0.830078 0.529297 0.84375 0.535156 0.861328 0.564453 0.863281 0.564453 0.863281
0 0.716797 0.847656 0.730469 0.830078 0.753906 0.830078 0.771484 0.859375 0.757812 0.900391 0.757812 0.900391 0.724609 0.886719 0.716797 0.847656 0.724609 0.855469 0.728516 0.871094 0.742188 0.888672 0.755859 0.886719 0.755859 0.886719 0.763672 0.867188 0.738281 0.837891 0.724609 0.855469
0 0.488281 0.841797 0.505859 0.859375 0.509766 0.910156 0.496094 0.931641 0.496094 0.931641 0.457031 0.923828 0.423828 0.894531 0.427734 0.863281 0.445312 0.845703 0.488281 0.841797 0.490234 0.921875 0.457031 0.912109 0.435547 0.890625 0.474609 0.945312 0.527344 0.923828 0.529297 0.953125 0.519531 0.943359 0.490234 0.957031 0.509766 0.957031 0.509766 0.957031 0.519531 0.943359 0.529297 0.953125 0.503906 0.970703 0.503906 0.970703 0.476562 0.966797 0.474609 0.945312 0.435547 0.890625 0.445312 0.857422 0.480469 0.849609 0.501953 0.871094 0.490234 0.921875 0.490234 0.921875
0 0.691406 0.896484 0.669922 0.890625 0.679688 0.849609 0.708984 0.859375 0.708984 0.882812 0.691406 0.896484 0.691406 0.896484 0.685547 0.886719 0.6875 0.861328 0.677734 0.871094 0.685547 0.886719 0.685547 0.886719
0 0.953125 0.896484 0.914062 0.892578 0.904297 0.871094 0.933594 0.853516 0.964844 0.857422 0.970703 0.882812 0.953125 0.896484 0.953125 0.896484 0.951172 0.886719 0.962891 0.875 0.949219 0.861328 0.916016 0.875 0.929688 0.888672 0.951172 0.886719 0.951172 0.886719
0 0.599609 0.882812 0.652344 0.880859 0.662109 0.894531 0.652344 0.927734 0.652344 0.927734 0.613281 0.923828 0.595703 0.90625 0.599609 0.882812 0.607422 0.890625 0.625 0.919922 0.646484 0.917969 0.646484 0.917969 0.654297 0.902344 0.640625 0.884766 0.607422 0.890625
0 0.796875 0.884766 0.867188 0.884766 0.880859 0.898438 0.880859 0.925781 0.828125 0.955078 0.828125 0.955078 0.769531 0.947266 0.767578 0.917969 0.796875 0.884766 0.804688 0.892578 0.787109 0.90625 0.775391 0.929688 0.822266 0.945312 0.822266 0.945312 0.873047 0.917969 0.859375 0.892578 0.804688 0.892578
0 0.369141 0.941406 0.386719 0.919922 0.417969 0.919922 0.443359 0.9375 0.447266 0.980469 0.425781 0.998047 0.425781 0.998047 0.369141 0.992188 0.369141 0.941406 0.376953 0.945312 0.376953 0.976562 0.386719 0.990234 0.419922 0.988281 0.419922 0.988281 0.439453 0.972656 0.439453 0.949219 0.414062 0.927734 0.394531 0.927734 0.376953 0.945312
0 0.277344 0.998047 0.222656 0.958984 0.197266 0.964844 0.1875 0.998047 0.177734 0.996094 0.177734 0.972656 0.199219 0.947266 0.222656 0.943359 0.269531 0.966797 0.277344 0.998047
0 0.550781 0.998047 0.53125 0.998047 0.529297 0.976562 0.544922 0.945312 0.5625 0.943359 0.550781 0.998047 0.550781 0.998047 0.541016 0.992188 0.550781 0.955078 0.541016 0.992188 0.541016 0.992188
0 0.671875 0.998047 0.660156 0.962891 0.625 0.998047 0.626953 0.96875 0.667969 0.955078 0.671875 0.998047
0 0.75 0.998047 0.722656 0.958984 0.701172 0.960938 0.705078 0.996094 0.695312 0.998047 0.689453 0.960938 0.730469 0.951172 0.748047 0.972656 0.75 0.998047
0 0.34375 0.998047 0.316406 0.966797 0.310547 0.996094 0.298828 0.996094 0.308594 0.958984 0.345703 0.976562 0.34375 0.998047
0 0.980469 0.998047 0.925781 0.966797 0.904297 0.972656 0.894531 0.998047 0.884766 0.988281 0.898438 0.962891 0.933594 0.958984 0.957031 0.966797 0.980469 0.998047
