0 0.00390625 0.0136719 0 0 0.0117188 0 0.00390625 0.0136719 0.00390625 0.0136719 0 0.0136719 0 0.0292969 0 0.0292969 0 0.0136719
0 0.0585938 0.0917969 0 0.0859375 0 0.0527344 0.0078125 0.0644531 0.046875 0.0644531 0.0644531 0.0351562 0.0234375 0 0.078125 0 0.0878906 0.0117188 0.0839844 0.0585938 0.0585938 0.0917969
0 0.308594 0 0.349609 0.0390625 0.357422 0.0664062 0.341797 0.128906 0.292969 0.138672 0.292969 0.138672 0.230469 0.126953 0.205078 0.09375 0.193359 0.0429688 0.21875 0 0.308594 0 0.296875 0.0175781 0.242188 0.0136719 0.228516 0.046875 0.240234 0.09375 0.265625 0.115234 0.283203 0.113281 0.283203 0.113281 0.3125 0.111328 0.330078 0.09375 0.322266 0.0429688 0.296875 0.0175781
0 0.423828 0.00195312 0.00390625 0.00390625
0 0.433594 0.00585938 0.443359 0 0.433594 0.00585938
0 0.458984 0.00195312 0.00390625 0.00390625
0 0.00195312 0.0371094 0.00390625 0.00390625
0 0.00195312 0.0488281 0.00390625 0.00390625
0 0.521484 0.1875 0.488281 0.216797 0.488281 0.216797 0.441406 0.212891 0.396484 0.175781 0.404297 0.113281 0.457031 0.0761719 0.511719 0.0839844 0.537109 0.117188 0.521484 0.1875 0.501953 0.171875 0.513672 0.132812 0.501953 0.109375 0.484375 0.103516 0.4375 0.115234 0.423828 0.136719 0.431641 0.175781 0.474609 0.191406 0.474609 0.191406 0.501953 0.171875
0 0.574219 0.236328 0.605469 0.248047 0.626953 0.277344 0.607422 0.351562 0.558594 0.396484 0.558594 0.396484 0.492188 0.376953 0.474609 0.34375 0.490234 0.28125 0.517578 0.246094 0.574219 0.236328 0.570312 0.259766 0.521484 0.28125 0.501953 0.339844 0.507812 0.357422 0.560547 0.367188 0.560547 0.367188 0.583984 0.339844 0.595703 0.296875 0.580078 0.28125 0.587891 0.269531 0.570312 0.259766
0 0.197266 0.351562 0.197266 0.320312 0.21875 0.279297 0.273438 0.267578 0.324219 0.287109 0.341797 0.308594 0.341797 0.375 0.304688 0.419922 0.304688 0.419922 0.25 0.408203 0.197266 0.351562 0.220703 0.34375 0.287109 0.394531 0.287109 0.394531 0.310547 0.378906 0.318359 0.324219 0.292969 0.302734 0.234375 0.302734 0.220703 0.34375
0 0.201172 0.361328 0.00390625 0.00390625
0 0.976562 0.599609 0.910156 0.580078 0.884766 0.554688 0.880859 0.53125 0.908203 0.417969 0.957031 0.373047 0.996094 0.357422 0.994141 0.386719 0.927734 0.4375 0.904297 0.519531 0.929688 0.564453 0.976562 0.572266 0.998047 0.558594 0.998047 0.585938 0.976562 0.599609
