0 0.320312 0.0761719 0.275391 0.0703125 0.277344 0 0.289062 0.0683594 0.332031 0.0605469 0.365234 0 0.357422 0.0507812 0.320312 0.0761719
0 0.566406 0.00976562 0.517578 0 0.574219 0 0.566406 0.00976562
0 0.75 0.0371094 0.730469 0.0371094 0.705078 0 0.746094 0.0136719 0.769531 0 0.771484 0.015625 0.75 0.0371094
0 0.929688 0.0527344 0.867188 0.0488281 0.857422 0.0078125 0.880859 0 0.865234 0.015625 0.871094 0.0410156 0.925781 0.0449219 0.957031 0 0.947266 0.0429688 0.929688 0.0527344
0 0.0371094 0.0195312 0.03125 0.0527344 0.03125 0.0527344 0.00585938 0.046875 0.0078125 0.00585938 0.0371094 0.0195312 0.0292969 0.0234375 0.0117188 0.0175781 0.00976562 0.0351562 0.0253906 0.0429688 0.0253906 0.0429688 0.0292969 0.0234375
0 0.484375 0.00976562 0.509766 0.0507812 0.505859 0.101562 0.453125 0.146484 0.414062 0.154297 0.414062 0.154297 0.398438 0.154297 0.376953 0.128906 0.376953 0.078125 0.417969 0.0214844 0.484375 0.00976562 0.480469 0.0175781 0.425781 0.0292969 0.388672 0.078125 0.396484 0.105469 0.439453 0.132812 0.439453 0.132812 0.498047 0.0859375 0.480469 0.0175781
0 0.564453 0.046875 0.570312 0.0214844 0.625 0.0214844 0.666016 0.046875 0.673828 0.101562 0.652344 0.119141 0.652344 0.119141 0.583984 0.0976562 0.564453 0.046875 0.572266 0.0429688 0.591797 0.0898438 0.646484 0.109375 0.646484 0.109375 0.666016 0.09375 0.658203 0.0546875 0.621094 0.0292969 0.578125 0.0292969 0.572266 0.0429688
0 0.800781 0.0214844 0.841797 0.03125 0.853516 0.0507812 0.84375 0.0761719 0.84375 0.0761719 0.824219 0.0761719 0.798828 0.0507812 0.800781 0.0214844 0.808594 0.0292969 0.818359 0.0585938 0.837891 0.0664062 0.837891 0.0664062 0.841797 0.046875 0.808594 0.0292969
0 0.78125 0.0410156 0.794922 0.0585938 0.798828 0.0976562 0.765625 0.130859 0.765625 0.130859 0.738281 0.119141 0.724609 0.0898438 0.742188 0.0605469 0.78125 0.0410156 0.773438 0.0488281 0.736328 0.0820312 0.738281 0.0996094 0.771484 0.105469 0.771484 0.105469 0.787109 0.0859375 0.773438 0.0488281
0 0.871094 0.158203 0.841797 0.0820312 0.894531 0.0644531 0.941406 0.0839844 0.970703 0.132812 0.957031 0.169922 0.957031 0.169922 0.871094 0.158203 0.875 0.150391 0.955078 0.160156 0.955078 0.160156 0.958984 0.128906 0.929688 0.0878906 0.886719 0.0722656 0.849609 0.0898438 0.875 0.150391
0 0.00390625 0.189453 0 0.179688 0.0566406 0.121094 0.03125 0.0839844 0 0.0742188 0.0273438 0.0683594 0.0644531 0.125 0.00390625 0.189453
0 0.259766 0.195312 0.267578 0.136719 0.292969 0.111328 0.3125 0.111328 0.337891 0.148438 0.337891 0.191406 0.3125 0.220703 0.3125 0.220703 0.277344 0.220703 0.259766 0.195312 0.267578 0.191406 0.285156 0.212891 0.310547 0.210938 0.310547 0.210938 0.330078 0.183594 0.330078 0.15625 0.300781 0.119141 0.275391 0.144531 0.267578 0.191406
0 0.787109 0.15625 0.8125 0.115234 0.826172 0.117188 0.833984 0.140625 0.824219 0.189453 0.824219 0.189453 0.808594 0.189453 0.787109 0.15625 0.794922 0.152344 0.818359 0.179688 0.818359 0.179688 0.826172 0.148438 0.816406 0.126953 0.794922 0.152344
0 0.201172 0.203125 0.1875 0.216797 0.1875 0.216797 0.130859 0.199219 0.107422 0.164062 0.121094 0.134766 0.167969 0.130859 0.201172 0.160156 0.201172 0.203125 0.193359 0.199219 0.189453 0.160156 0.160156 0.138672 0.136719 0.138672 0.126953 0.175781 0.140625 0.193359 0.181641 0.207031 0.181641 0.207031 0.193359 0.199219
0 0.490234 0.164062 0.515625 0.130859 0.566406 0.130859 0.587891 0.15625 0.583984 0.199219 0.558594 0.224609 0.523438 0.232422 0.523438 0.232422 0.490234 0.222656 0.490234 0.164062 0.498047 0.167969 0.498047 0.214844 0.517578 0.21875 0.517578 0.21875 0.550781 0.216797 0.572266 0.199219 0.580078 0.164062 0.558594 0.138672 0.523438 0.138672 0.498047 0.167969
0 0.777344 0.197266 0.726562 0.197266 0.726562 0.158203 0.736328 0.160156 0.734375 0.189453 0.769531 0.189453 0.771484 0.179688 0.757812 0.158203 0.724609 0.148438 0.765625 0.150391 0.779297 0.171875 0.777344 0.197266
0 0.996094 0.205078 0.966797 0.199219 0.976562 0.166016 0.998047 0.167969 0.996094 0.181641 0.984375 0.173828 0.974609 0.1875 0.980469 0.197266 0.996094 0.193359 0.996094 0.205078
0 0.632812 0.322266 0.595703 0.300781 0.607422 0.242188 0.636719 0.205078 0.699219 0.201172 0.728516 0.226562 0.716797 0.3125 0.679688 0.322266 0.679688 0.322266 0.632812 0.322266 0.636719 0.314453 0.673828 0.3125 0.673828 0.3125 0.708984 0.277344 0.712891 0.238281 0.679688 0.212891 0.652344 0.212891 0.623047 0.230469 0.603516 0.292969 0.636719 0.314453
0 0.857422 0.285156 0.845703 0.226562 0.859375 0.205078 0.894531 0.201172 0.908203 0.214844 0.912109 0.273438 0.890625 0.298828 0.890625 0.298828 0.857422 0.285156 0.865234 0.277344 0.884766 0.289062 0.884766 0.289062 0.904297 0.265625 0.904297 0.242188 0.894531 0.224609 0.867188 0.216797 0.853516 0.234375 0.865234 0.277344
0 0.398438 0.216797 0.416016 0.230469 0.416016 0.277344 0.408203 0.300781 0.375 0.330078 0.375 0.330078 0.355469 0.330078 0.337891 0.308594 0.333984 0.25 0.355469 0.220703 0.398438 0.216797 0.394531 0.224609 0.363281 0.228516 0.341797 0.265625 0.341797 0.296875 0.369141 0.320312 0.369141 0.320312 0.392578 0.304688 0.408203 0.273438 0.408203 0.238281 0.394531 0.224609
0 0.759766 0.261719 0.777344 0.228516 0.8125 0.232422 0.826172 0.25 0.830078 0.300781 0.804688 0.314453 0.804688 0.314453 0.777344 0.314453 0.759766 0.300781 0.759766 0.261719 0.767578 0.265625 0.767578 0.292969 0.798828 0.304688 0.798828 0.304688 0.822266 0.296875 0.822266 0.277344 0.814453 0.25 0.785156 0.236328 0.767578 0.265625
0 0.996094 0.318359 0.966797 0.285156 0.96875 0.232422 0.998047 0.230469 0.974609 0.257812 0.974609 0.28125 0.996094 0.318359
0 0.501953 0.273438 0.546875 0.232422 0.5625 0.232422 0.572266 0.238281 0.568359 0.277344 0.527344 0.322266 0.527344 0.322266 0.501953 0.308594 0.501953 0.273438 0.509766 0.277344 0.505859 0.292969 0.525391 0.3125 0.525391 0.3125 0.560547 0.273438 0.564453 0.246094 0.554688 0.240234 0.509766 0.277344
0 0.712891 0.390625 0.726562 0.314453 0.765625 0.326172 0.794922 0.375 0.791016 0.40625 0.761719 0.423828 0.761719 0.423828 0.730469 0.412109 0.712891 0.390625 0.720703 0.386719 0.753906 0.412109 0.771484 0.410156 0.771484 0.410156 0.787109 0.390625 0.783203 0.371094 0.771484 0.347656 0.734375 0.322266 0.720703 0.386719
0 0.978516 0.335938 0.978516 0.378906 0.964844 0.392578 0.964844 0.392578 0.945312 0.392578 0.916016 0.351562 0.945312 0.310547 0.960938 0.310547 0.978516 0.335938 0.970703 0.339844 0.953125 0.318359 0.927734 0.351562 0.953125 0.384766 0.962891 0.382812 0.962891 0.382812 0.970703 0.339844
0 0.457031 0.404297 0.410156 0.400391 0.373047 0.355469 0.380859 0.332031 0.425781 0.322266 0.460938 0.337891 0.466797 0.398438 0.457031 0.404297 0.457031 0.404297 0.455078 0.394531 0.458984 0.355469 0.449219 0.341797 0.414062 0.337891 0.384766 0.351562 0.417969 0.392578 0.455078 0.394531 0.455078 0.394531
0 0.814453 0.371094 0.818359 0.339844 0.835938 0.322266 0.871094 0.318359 0.904297 0.339844 0.908203 0.375 0.886719 0.400391 0.886719 0.400391 0.839844 0.392578 0.814453 0.371094 0.822266 0.367188 0.855469 0.388672 0.884766 0.390625 0.884766 0.390625 0.900391 0.371094 0.896484 0.347656 0.867188 0.326172 0.84375 0.330078 0.822266 0.367188
0 0.0664062 0.423828 0.0449219 0.394531 0.0449219 0.34375 0.0742188 0.326172 0.119141 0.335938 0.119141 0.386719 0.0976562 0.427734 0.0976562 0.427734 0.0664062 0.423828 0.0742188 0.416016 0.0917969 0.417969 0.0917969 0.417969 0.107422 0.394531 0.111328 0.355469 0.0859375 0.333984 0.0527344 0.351562 0.0527344 0.386719 0.0742188 0.416016
0 0.554688 0.443359 0.525391 0.421875 0.542969 0.353516 0.617188 0.341797 0.685547 0.378906 0.689453 0.414062 0.621094 0.447266 0.621094 0.447266 0.554688 0.443359 0.5625 0.435547 0.615234 0.4375 0.615234 0.4375 0.679688 0.408203 0.681641 0.390625 0.609375 0.349609 0.550781 0.361328 0.537109 0.417969 0.5625 0.435547
0 0.933594 0.513672 0.916016 0.488281 0.916016 0.429688 0.945312 0.396484 0.964844 0.400391 0.978516 0.421875 0.982422 0.480469 0.964844 0.517578 0.964844 0.517578 0.933594 0.513672 0.941406 0.505859 0.958984 0.507812 0.958984 0.507812 0.974609 0.453125 0.966797 0.417969 0.945312 0.412109 0.923828 0.449219 0.923828 0.480469 0.941406 0.505859
0 0.125 0.431641 0.160156 0.431641 0.197266 0.464844 0.189453 0.511719 0.152344 0.541016 0.152344 0.541016 0.0722656 0.519531 0.0761719 0.488281 0.125 0.431641 0.128906 0.439453 0.0800781 0.511719 0.101562 0.525391 0.158203 0.527344 0.158203 0.527344 0.181641 0.503906 0.189453 0.472656 0.167969 0.447266 0.128906 0.439453
0 0.755859 0.445312 0.751953 0.480469 0.726562 0.498047 0.726562 0.498047 0.6875 0.498047 0.673828 0.484375 0.673828 0.453125 0.710938 0.427734 0.755859 0.445312 0.748047 0.453125 0.707031 0.439453 0.685547 0.457031 0.685547 0.480469 0.720703 0.488281 0.720703 0.488281 0.744141 0.472656 0.748047 0.453125
0 0 0.548828 0.0332031 0.496094 0.0292969 0.460938 0 0.441406 0.0117188 0.435547 0.0371094 0.453125 0.0410156 0.5 0.0253906 0.535156 0 0.548828
0 0.783203 0.511719 0.787109 0.472656 0.820312 0.435547 0.875 0.443359 0.880859 0.464844 0.869141 0.488281 0.828125 0.521484 0.828125 0.521484 0.783203 0.511719 0.791016 0.503906 0.822266 0.511719 0.822266 0.511719 0.861328 0.480469 0.867188 0.451172 0.828125 0.443359 0.806641 0.460938 0.791016 0.503906
0 0.466797 0.542969 0.4375 0.576172 0.4375 0.576172 0.412109 0.5625 0.392578 0.527344 0.400391 0.5 0.417969 0.490234 0.445312 0.490234 0.466797 0.511719 0.466797 0.542969 0.458984 0.539062 0.458984 0.519531 0.425781 0.498047 0.408203 0.507812 0.404297 0.527344 0.417969 0.552734 0.439453 0.5625 0.439453 0.5625 0.458984 0.539062
0 0.570312 0.490234 0.625 0.498047 0.642578 0.515625 0.642578 0.535156 0.605469 0.564453 0.605469 0.564453 0.546875 0.552734 0.529297 0.535156 0.537109 0.511719 0.570312 0.490234 0.574219 0.498047 0.548828 0.511719 0.541016 0.53125 0.558594 0.548828 0.599609 0.554688 0.599609 0.554688 0.634766 0.527344 0.617188 0.505859 0.574219 0.498047
0 0.310547 0.582031 0.310547 0.542969 0.355469 0.517578 0.373047 0.550781 0.332031 0.595703 0.332031 0.595703 0.310547 0.582031 0.318359 0.574219 0.333984 0.582031 0.333984 0.582031 0.361328 0.554688 0.355469 0.529297 0.318359 0.550781 0.318359 0.574219
0 0.960938 0.583984 0.925781 0.576172 0.900391 0.550781 0.900391 0.527344 0.941406 0.525391 0.957031 0.537109 0.970703 0.554688 0.960938 0.583984 0.960938 0.583984 0.958984 0.574219 0.962891 0.5625 0.945312 0.541016 0.908203 0.535156 0.933594 0.568359 0.958984 0.574219 0.958984 0.574219
0 0.996094 0.544922 0.996094 0.521484 0.996094 0.544922
0 0.111328 0.632812 0.0820312 0.666016 0.0820312 0.666016 0.0332031 0.660156 0.0253906 0.605469 0.0703125 0.568359 0.105469 0.564453 0.111328 0.632812 0.103516 0.628906 0.0976562 0.572266 0.046875 0.599609 0.0332031 0.621094 0.046875 0.658203 0.0761719 0.65625 0.0761719 0.65625 0.103516 0.628906
0 0.257812 0.564453 0.291016 0.589844 0.294922 0.609375 0.265625 0.650391 0.21875 0.677734 0.21875 0.677734 0.1875 0.673828 0.130859 0.625 0.191406 0.572266 0.257812 0.564453 0.25 0.572266 0.207031 0.576172 0.154297 0.617188 0.162109 0.640625 0.191406 0.662109 0.228516 0.660156 0.228516 0.660156 0.275391 0.609375 0.267578 0.582031 0.25 0.572266
0 0.863281 0.673828 0.820312 0.666016 0.787109 0.636719 0.855469 0.572266 0.914062 0.576172 0.931641 0.601562 0.919922 0.640625 0.863281 0.673828 0.863281 0.673828 0.861328 0.664062 0.894531 0.650391 0.919922 0.617188 0.917969 0.603516 0.875 0.580078 0.824219 0.611328 0.802734 0.644531 0.861328 0.664062 0.861328 0.664062
0 0.533203 0.640625 0.539062 0.580078 0.611328 0.59375 0.634766 0.636719 0.634766 0.65625 0.617188 0.669922 0.617188 0.669922 0.566406 0.669922 0.533203 0.640625 0.541016 0.632812 0.566406 0.658203 0.611328 0.660156 0.611328 0.660156 0.626953 0.644531 0.601562 0.599609 0.541016 0.59375 0.541016 0.632812
0 0.996094 0.658203 0.978516 0.636719 0.996094 0.595703 0.996094 0.658203
0 0.367188 0.615234 0.373047 0.648438 0.328125 0.677734 0.328125 0.677734 0.291016 0.667969 0.306641 0.625 0.328125 0.611328 0.367188 0.615234 0.359375 0.623047 0.322266 0.625 0.302734 0.660156 0.322266 0.667969 0.322266 0.667969 0.349609 0.660156 0.365234 0.640625 0.359375 0.623047
0 0.476562 0.607422 0.490234 0.632812 0.486328 0.652344 0.476562 0.669922 0.453125 0.677734 0.453125 0.677734 0.427734 0.664062 0.427734 0.632812 0.441406 0.611328 0.476562 0.607422 0.472656 0.615234 0.439453 0.640625 0.447266 0.660156 0.458984 0.660156 0.458984 0.660156 0.478516 0.644531 0.472656 0.615234
0 0.728516 0.742188 0.728516 0.695312 0.757812 0.673828 0.800781 0.669922 0.833984 0.691406 0.826172 0.75 0.800781 0.771484 0.800781 0.771484 0.769531 0.771484 0.728516 0.742188 0.736328 0.738281 0.777344 0.763672 0.794922 0.761719 0.794922 0.761719 0.818359 0.742188 0.826172 0.699219 0.808594 0.681641 0.78125 0.677734 0.740234 0.707031 0.736328 0.738281
0 0.0878906 0.730469 0.0917969 0.683594 0.136719 0.681641 0.146484 0.710938 0.109375 0.740234 0.109375 0.740234 0.0878906 0.730469 0.0957031 0.726562 0.107422 0.730469 0.107422 0.730469 0.138672 0.707031 0.121094 0.685547 0.101562 0.689453 0.0957031 0.703125 0.0957031 0.726562
0 0.484375 0.681641 0.507812 0.677734 0.541016 0.699219 0.519531 0.724609 0.519531 0.724609 0.490234 0.714844 0.484375 0.681641 0.492188 0.689453 0.513672 0.714844 0.513672 0.714844 0.529297 0.703125 0.492188 0.689453
0 0.314453 0.71875 0.328125 0.697266 0.359375 0.701172 0.373047 0.726562 0.373047 0.753906 0.347656 0.767578 0.347656 0.767578 0.318359 0.753906 0.314453 0.71875 0.322266 0.726562 0.330078 0.753906 0.341797 0.757812 0.341797 0.757812 0.359375 0.751953 0.365234 0.734375 0.357422 0.714844 0.335938 0.705078 0.322266 0.726562
0 0.595703 0.722656 0.628906 0.701172 0.664062 0.697266 0.6875 0.708984 0.697266 0.730469 0.685547 0.765625 0.652344 0.783203 0.652344 0.783203 0.599609 0.75 0.595703 0.722656 0.607422 0.722656 0.603516 0.738281 0.646484 0.765625 0.646484 0.765625 0.685547 0.738281 0.675781 0.712891 0.640625 0.708984 0.607422 0.722656
0 0.396484 0.753906 0.404297 0.726562 0.433594 0.701172 0.482422 0.734375 0.478516 0.773438 0.449219 0.802734 0.449219 0.802734 0.417969 0.798828 0.396484 0.753906 0.404297 0.75 0.419922 0.785156 0.443359 0.792969 0.443359 0.792969 0.470703 0.765625 0.474609 0.738281 0.433594 0.712891 0.404297 0.75
0 0.888672 0.773438 0.884766 0.734375 0.902344 0.705078 0.929688 0.705078 0.935547 0.742188 0.914062 0.779297 0.914062 0.779297 0.888672 0.773438 0.896484 0.765625 0.908203 0.769531 0.908203 0.769531 0.927734 0.734375 0.921875 0.712891 0.90625 0.716797 0.892578 0.742188 0.896484 0.765625
0 0.193359 0.851562 0.197266 0.765625 0.226562 0.724609 0.261719 0.724609 0.298828 0.753906 0.302734 0.78125 0.279297 0.824219 0.21875 0.865234 0.21875 0.865234 0.199219 0.865234 0.193359 0.851562 0.201172 0.847656 0.216797 0.855469 0.216797 0.855469 0.257812 0.830078 0.294922 0.777344 0.287109 0.753906 0.257812 0.732422 0.205078 0.773438 0.201172 0.847656
0 0.996094 0.833984 0.972656 0.833984 0.939453 0.800781 0.953125 0.744141 0.998047 0.757812 0.996094 0.771484 0.960938 0.751953 0.947266 0.785156 0.96875 0.818359 0.996094 0.818359 0.996094 0.833984
0 0.490234 0.898438 0.478516 0.835938 0.511719 0.791016 0.574219 0.779297 0.599609 0.800781 0.599609 0.851562 0.591797 0.878906 0.546875 0.908203 0.546875 0.908203 0.490234 0.898438 0.498047 0.894531 0.544922 0.898438 0.544922 0.898438 0.570312 0.888672 0.587891 0.863281 0.591797 0.808594 0.582031 0.794922 0.535156 0.791016 0.490234 0.828125 0.498047 0.894531
0 0.871094 0.876953 0.833984 0.863281 0.830078 0.800781 0.898438 0.787109 0.916016 0.804688 0.912109 0.824219 0.888672 0.867188 0.871094 0.876953 0.871094 0.876953 0.865234 0.867188 0.892578 0.84375 0.898438 0.806641 0.845703 0.804688 0.833984 0.839844 0.865234 0.867188 0.865234 0.867188
0 0.15625 0.802734 0.173828 0.835938 0.173828 0.878906 0.144531 0.908203 0.0859375 0.935547 0.0859375 0.935547 0.0722656 0.925781 0.0566406 0.835938 0.121094 0.798828 0.15625 0.802734 0.152344 0.810547 0.113281 0.810547 0.0683594 0.84375 0.0878906 0.921875 0.0878906 0.921875 0.136719 0.900391 0.166016 0.871094 0.152344 0.810547
0 0.345703 0.855469 0.337891 0.8125 0.347656 0.802734 0.378906 0.802734 0.408203 0.820312 0.416016 0.839844 0.394531 0.865234 0.394531 0.865234 0.345703 0.855469 0.353516 0.847656 0.388672 0.855469 0.388672 0.855469 0.404297 0.832031 0.355469 0.810547 0.353516 0.847656
0 0.75 0.869141 0.714844 0.861328 0.712891 0.832031 0.738281 0.818359 0.785156 0.822266 0.783203 0.847656 0.75 0.869141 0.75 0.869141 0.744141 0.859375 0.779297 0.832031 0.726562 0.833984 0.720703 0.851562 0.744141 0.859375 0.744141 0.859375
0 0.0234375 0.908203 0 0.898438 0 0.888672 0.0195312 0.896484 0.0292969 0.882812 0.0292969 0.863281 0 0.853516 0 0.841797 0.0195312 0.841797 0.0410156 0.863281 0.0234375 0.908203
0 0.308594 0.841797 0.326172 0.859375 0.326172 0.878906 0.304688 0.888672 0.304688 0.888672 0.275391 0.867188 0.289062 0.841797 0.308594 0.841797 0.304688 0.853516 0.287109 0.859375 0.292969 0.876953 0.314453 0.875 0.314453 0.875 0.304688 0.853516
0 0.632812 0.982422 0.599609 0.933594 0.603516 0.898438 0.632812 0.849609 0.701172 0.914062 0.697266 0.960938 0.660156 0.990234 0.660156 0.990234 0.632812 0.982422 0.640625 0.974609 0.666016 0.976562 0.666016 0.976562 0.689453 0.953125 0.693359 0.921875 0.654297 0.871094 0.636719 0.865234 0.615234 0.914062 0.615234 0.949219 0.640625 0.974609
0 0.210938 0.916016 0.205078 0.894531 0.257812 0.861328 0.263672 0.882812 0.242188 0.916016 0.242188 0.916016 0.210938 0.916016 0.21875 0.908203 0.236328 0.90625 0.236328 0.90625 0.253906 0.876953 0.216797 0.890625 0.21875 0.908203
0 0.453125 0.908203 0.427734 0.902344 0.4375 0.861328 0.470703 0.871094 0.470703 0.890625 0.453125 0.908203 0.453125 0.908203 0.451172 0.898438 0.462891 0.878906 0.445312 0.869141 0.435547 0.886719 0.451172 0.898438 0.451172 0.898438
0 0.414062 0.998047 0.400391 0.933594 0.382812 0.916016 0.351562 0.916016 0.333984 0.933594 0.345703 0.992188 0.333984 0.996094 0.322266 0.933594 0.347656 0.904297 0.404297 0.917969 0.419922 0.972656 0.414062 0.998047
0 0.851562 0.998047 0.830078 0.996094 0.880859 0.949219 0.832031 0.923828 0.775391 0.957031 0.761719 0.998047 0.751953 0.980469 0.789062 0.931641 0.835938 0.916016 0.892578 0.945312 0.884766 0.96875 0.851562 0.998047
0 0.0195312 0.994141 0.00195312 0.972656 0.00195312 0.953125 0.0234375 0.927734 0.0644531 0.941406 0.0644531 0.96875 0.046875 0.994141 0.046875 0.994141 0.0195312 0.994141 0.0273438 0.986328 0.0410156 0.984375 0.0410156 0.984375 0.0566406 0.949219 0.03125 0.935547 0.00976562 0.964844 0.0273438 0.986328
0 0.300781 0.998047 0.285156 0.935547 0.259766 0.949219 0.251953 0.996094 0.248047 0.953125 0.261719 0.931641 0.289062 0.927734 0.298828 0.9375 0.300781 0.998047
0 0.210938 0.998047 0.167969 0.982422 0.142578 0.996094 0.152344 0.978516 0.175781 0.974609 0.210938 0.998047
0 0.597656 0.998047 0.572266 0.996094 0.597656 0.998047
