0 0.988281 0.365234 0.939453 0.351562 0.931641 0.292969 0.943359 0.253906 0.964844 0.232422 0.996094 0.224609 0.998047 0.253906 0.980469 0.248047 0.955078 0.285156 0.958984 0.339844 0.998047 0.335938 0.988281 0.365234
0 0.482422 0.335938 0.478516 0.300781 0.492188 0.279297 0.546875 0.275391 0.568359 0.285156 0.572266 0.332031 0.546875 0.357422 0.546875 0.357422 0.515625 0.357422 0.482422 0.335938 0.505859 0.324219 0.533203 0.328125 0.533203 0.328125 0.548828 0.320312 0.544922 0.304688 0.511719 0.298828 0.505859 0.324219
0 0.224609 0.371094 0.203125 0.404297 0.175781 0.416016 0.175781 0.416016 0.158203 0.402344 0.154297 0.355469 0.166016 0.34375 0.162109 0.324219 0.195312 0.291016 0.224609 0.332031 0.224609 0.371094 0.197266 0.371094 0.195312 0.333984 0.177734 0.371094 0.185547 0.382812 0.185547 0.382812 0.197266 0.371094
0 0.693359 0.347656 0.701172 0.328125 0.716797 0.324219 0.708984 0.3125 0.738281 0.291016 0.773438 0.302734 0.791016 0.34375 0.783203 0.378906 0.757812 0.404297 0.757812 0.404297 0.714844 0.388672 0.693359 0.347656 0.720703 0.355469 0.751953 0.375 0.751953 0.375 0.763672 0.335938 0.746094 0.318359 0.720703 0.355469
0 0.373047 0.335938 0.3125 0.400391 0.3125 0.400391 0.283203 0.378906 0.279297 0.335938 0.289062 0.310547 0.328125 0.294922 0.359375 0.306641 0.373047 0.335938 0.345703 0.335938 0.339844 0.326172 0.314453 0.324219 0.306641 0.363281 0.318359 0.367188 0.318359 0.367188 0.345703 0.335938
0 0.873047 0.390625 0.90625 0.392578 0.927734 0.421875 0.931641 0.457031 0.919922 0.457031 0.923828 0.476562 0.898438 0.498047 0.898438 0.498047 0.867188 0.498047 0.841797 0.472656 0.841797 0.425781 0.861328 0.394531 0.818359 0.359375 0.814453 0.316406 0.832031 0.294922 0.867188 0.298828 0.892578 0.316406 0.900391 0.351562 0.873047 0.390625 0.865234 0.371094 0.871094 0.416016 0.865234 0.46875 0.896484 0.472656 0.896484 0.472656 0.900391 0.417969 0.871094 0.416016 0.865234 0.371094 0.876953 0.335938 0.84375 0.314453 0.833984 0.328125 0.845703 0.363281 0.865234 0.371094 0.865234 0.371094
0 0.787109 0.314453 0.00390625 0.00390625
0 0.615234 0.378906 0.623047 0.351562 0.648438 0.326172 0.685547 0.355469 0.681641 0.386719 0.660156 0.408203 0.660156 0.408203 0.636719 0.408203 0.615234 0.378906 0.642578 0.378906 0.654297 0.378906 0.654297 0.378906 0.652344 0.357422 0.642578 0.378906
0 0.744141 0.333984 0.00390625 0.00390625
0 0.400391 0.453125 0.396484 0.417969 0.40625 0.392578 0.4375 0.384766 0.462891 0.398438 0.474609 0.421875 0.462891 0.460938 0.429688 0.478516 0.429688 0.478516 0.400391 0.453125 0.423828 0.445312 0.443359 0.445312 0.443359 0.445312 0.443359 0.421875 0.425781 0.412109 0.423828 0.445312
0 0.724609 0.396484 0.00390625 0.00390625
0 0.263672 0.421875 0.279297 0.457031 0.275391 0.488281 0.25 0.509766 0.25 0.509766 0.226562 0.509766 0.205078 0.492188 0.208984 0.457031 0.234375 0.408203 0.263672 0.421875 0.246094 0.443359 0.232422 0.472656 0.240234 0.480469 0.240234 0.480469 0.251953 0.46875 0.246094 0.443359
0 0.775391 0.476562 0.765625 0.498047 0.726562 0.521484 0.726562 0.521484 0.683594 0.517578 0.669922 0.496094 0.673828 0.46875 0.703125 0.431641 0.75 0.423828 0.775391 0.441406 0.775391 0.476562 0.751953 0.472656 0.746094 0.451172 0.712891 0.457031 0.701172 0.472656 0.708984 0.496094 0.708984 0.496094 0.730469 0.494141 0.751953 0.472656
0 0.53125 0.544922 0.513672 0.523438 0.509766 0.492188 0.521484 0.464844 0.554688 0.435547 0.609375 0.443359 0.630859 0.457031 0.642578 0.488281 0.626953 0.535156 0.589844 0.556641 0.589844 0.556641 0.53125 0.544922 0.542969 0.521484 0.583984 0.527344 0.583984 0.527344 0.619141 0.5 0.615234 0.480469 0.566406 0.462891 0.533203 0.503906 0.542969 0.521484
0 0.996094 0.580078 0.953125 0.552734 0.931641 0.523438 0.935547 0.492188 0.96875 0.462891 0.998047 0.476562 0.998047 0.496094 0.972656 0.490234 0.955078 0.519531 0.998047 0.546875 0.996094 0.580078
0 0.671875 0.583984 0.652344 0.583984 0.626953 0.5625 0.626953 0.546875 0.648438 0.525391 0.679688 0.533203 0.689453 0.550781 0.671875 0.583984 0.671875 0.583984 0.662109 0.558594 0.654297 0.554688 0.662109 0.558594 0.662109 0.558594
0 0.912109 0.636719 0.919922 0.640625 0.878906 0.666016 0.878906 0.666016 0.830078 0.640625 0.826172 0.597656 0.837891 0.5625 0.882812 0.525391 0.919922 0.5625 0.927734 0.613281 0.912109 0.636719 0.900391 0.613281 0.900391 0.582031 0.882812 0.552734 0.853516 0.601562 0.857422 0.628906 0.880859 0.636719 0.880859 0.636719 0.900391 0.613281
0 0.445312 0.533203 0.462891 0.5625 0.451172 0.613281 0.429688 0.626953 0.429688 0.626953 0.390625 0.619141 0.361328 0.582031 0.369141 0.546875 0.398438 0.529297 0.445312 0.533203 0.435547 0.558594 0.394531 0.560547 0.388672 0.582031 0.427734 0.597656 0.427734 0.597656 0.435547 0.558594
0 0.257812 0.623047 0.238281 0.619141 0.220703 0.59375 0.224609 0.550781 0.238281 0.537109 0.28125 0.552734 0.294922 0.578125 0.283203 0.609375 0.257812 0.623047 0.257812 0.623047 0.255859 0.59375 0.263672 0.578125 0.25 0.572266 0.255859 0.59375 0.255859 0.59375
0 0.730469 0.556641 0.765625 0.548828 0.794922 0.59375 0.791016 0.640625 0.771484 0.6875 0.734375 0.708984 0.734375 0.708984 0.710938 0.705078 0.689453 0.683594 0.685547 0.625 0.730469 0.556641 0.744141 0.578125 0.708984 0.636719 0.712891 0.671875 0.732422 0.679688 0.732422 0.679688 0.763672 0.644531 0.761719 0.576172 0.744141 0.578125
0 0.529297 0.640625 0.525391 0.609375 0.550781 0.572266 0.585938 0.568359 0.615234 0.605469 0.619141 0.640625 0.589844 0.673828 0.589844 0.673828 0.546875 0.662109 0.529297 0.640625 0.548828 0.628906 0.583984 0.644531 0.583984 0.644531 0.587891 0.613281 0.566406 0.595703 0.548828 0.628906
0 0.992188 0.736328 0.960938 0.736328 0.953125 0.724609 0.929688 0.732422 0.916016 0.714844 0.927734 0.660156 0.960938 0.634766 0.992188 0.634766 0.998047 0.660156 0.957031 0.662109 0.939453 0.695312 0.976562 0.716797 0.996094 0.705078 0.992188 0.736328
0 0.169922 0.722656 0.169922 0.667969 0.210938 0.642578 0.230469 0.642578 0.255859 0.683594 0.248047 0.726562 0.222656 0.763672 0.222656 0.763672 0.179688 0.751953 0.169922 0.722656 0.193359 0.730469 0.212891 0.734375 0.212891 0.734375 0.228516 0.710938 0.222656 0.669922 0.197266 0.6875 0.193359 0.730469
0 0.484375 0.638672 0.505859 0.644531 0.521484 0.679688 0.480469 0.728516 0.480469 0.728516 0.447266 0.71875 0.443359 0.675781 0.484375 0.638672 0.488281 0.666016 0.470703 0.6875 0.478516 0.699219 0.478516 0.699219 0.488281 0.666016
0 0.791016 0.654297 0.00390625 0.00390625
0 0.300781 0.802734 0.279297 0.789062 0.291016 0.71875 0.332031 0.685547 0.365234 0.699219 0.373047 0.734375 0.353516 0.785156 0.332031 0.802734 0.332031 0.802734 0.300781 0.802734 0.308594 0.779297 0.322266 0.777344 0.322266 0.777344 0.341797 0.757812 0.345703 0.726562 0.335938 0.712891 0.302734 0.765625 0.308594 0.779297
0 0.599609 0.777344 0.595703 0.722656 0.613281 0.693359 0.65625 0.716797 0.685547 0.753906 0.681641 0.816406 0.65625 0.830078 0.65625 0.830078 0.625 0.822266 0.599609 0.777344 0.623047 0.769531 0.632812 0.791016 0.654297 0.800781 0.654297 0.800781 0.662109 0.761719 0.628906 0.736328 0.623047 0.769531
0 0.798828 0.746094 0.787109 0.722656 0.800781 0.701172 0.863281 0.705078 0.908203 0.746094 0.904297 0.796875 0.859375 0.814453 0.859375 0.814453 0.832031 0.810547 0.794922 0.777344 0.798828 0.746094 0.818359 0.746094 0.826172 0.769531 0.847656 0.787109 0.873047 0.785156 0.873047 0.785156 0.884766 0.777344 0.876953 0.75 0.851562 0.728516 0.828125 0.728516 0.818359 0.746094
0 0.101562 0.732422 0.119141 0.757812 0.115234 0.789062 0.0703125 0.818359 0.0703125 0.818359 0.0195312 0.810547 0.00195312 0.777344 0.0078125 0.759766 0.0390625 0.748047 0.0625 0.720703 0.101562 0.732422 0.0898438 0.755859 0.0292969 0.78125 0.0566406 0.792969 0.0566406 0.792969 0.0917969 0.777344 0.0898438 0.755859
0 0.398438 0.740234 0.427734 0.753906 0.431641 0.777344 0.40625 0.818359 0.40625 0.818359 0.376953 0.804688 0.380859 0.765625 0.398438 0.740234 0.40625 0.755859 0.396484 0.800781 0.396484 0.800781 0.416016 0.769531 0.40625 0.755859
0 0.460938 0.837891 0.443359 0.816406 0.447266 0.769531 0.460938 0.751953 0.507812 0.767578 0.525391 0.792969 0.517578 0.835938 0.488281 0.845703 0.488281 0.845703 0.460938 0.837891 0.474609 0.816406 0.494141 0.816406 0.494141 0.816406 0.498047 0.792969 0.476562 0.787109 0.474609 0.816406
0 0.996094 0.857422 0.962891 0.839844 0.976562 0.794922 0.998047 0.800781 0.998047 0.820312 0.988281 0.814453 0.982422 0.824219 0.998047 0.832031 0.996094 0.857422
0 0.205078 0.855469 0.230469 0.798828 0.261719 0.802734 0.287109 0.832031 0.265625 0.884766 0.265625 0.884766 0.21875 0.876953 0.205078 0.855469 0.232422 0.851562 0.251953 0.851562 0.251953 0.851562 0.255859 0.832031 0.238281 0.826172 0.232422 0.851562
0 0.533203 0.859375 0.554688 0.814453 0.597656 0.826172 0.607422 0.851562 0.595703 0.894531 0.570312 0.912109 0.570312 0.912109 0.537109 0.894531 0.533203 0.859375 0.560547 0.859375 0.568359 0.882812 0.568359 0.882812 0.580078 0.863281 0.574219 0.841797 0.560547 0.859375
0 0.373047 0.953125 0.34375 0.978516 0.34375 0.978516 0.298828 0.96875 0.298828 0.875 0.320312 0.833984 0.371094 0.822266 0.392578 0.84375 0.392578 0.910156 0.373047 0.953125 0.353516 0.9375 0.365234 0.90625 0.369141 0.859375 0.359375 0.849609 0.322266 0.886719 0.330078 0.953125 0.330078 0.953125 0.353516 0.9375
0 0.189453 0.882812 0.152344 0.923828 0.152344 0.923828 0.111328 0.90625 0.111328 0.867188 0.140625 0.830078 0.189453 0.855469 0.189453 0.882812 0.162109 0.882812 0.160156 0.857422 0.138672 0.878906 0.138672 0.894531 0.150391 0.894531 0.150391 0.894531 0.162109 0.882812
0 0.902344 0.912109 0.886719 0.908203 0.876953 0.886719 0.921875 0.833984 0.943359 0.855469 0.923828 0.902344 0.902344 0.912109
0 0.496094 0.880859 0.509766 0.902344 0.509766 0.933594 0.480469 0.962891 0.480469 0.962891 0.460938 0.962891 0.439453 0.929688 0.447266 0.882812 0.472656 0.873047 0.496094 0.880859 0.480469 0.900391 0.466797 0.910156 0.474609 0.933594 0.474609 0.933594 0.486328 0.914062 0.480469 0.900391
0 0.533203 0.884766 0.00390625 0.00390625
0 0.0839844 0.980469 0.0585938 0.998047 0.0585938 0.998047 0.0332031 0.992188 0.0332031 0.960938 0.046875 0.927734 0.0859375 0.912109 0.103516 0.929688 0.0839844 0.980469 0.0683594 0.980469 0.0820312 0.931641 0.0488281 0.957031 0.0488281 0.980469 0.0683594 0.980469 0.0683594 0.980469
0 0.529297 0.980469 0.533203 0.9375 0.566406 0.916016 0.617188 0.927734 0.634766 0.941406 0.638672 0.976562 0.625 0.998047 0.625 0.998047 0.539062 0.998047 0.529297 0.980469 0.552734 0.972656 0.566406 0.990234 0.587891 0.992188 0.587891 0.992188 0.603516 0.984375 0.607422 0.960938 0.566406 0.943359 0.552734 0.972656
0 0.796875 0.974609 0.759766 0.957031 0.759766 0.9375 0.777344 0.919922 0.818359 0.945312 0.796875 0.974609
0 0.160156 0.998047 0.142578 0.996094 0.162109 0.972656 0.15625 0.951172 0.115234 0.980469 0.113281 0.998047 0.0957031 0.988281 0.136719 0.935547 0.167969 0.935547 0.177734 0.953125 0.177734 0.976562 0.160156 0.998047
0 0.929688 0.998047 0.904297 0.996094 0.900391 0.964844 0.921875 0.947266 0.957031 0.943359 0.998047 0.957031 0.996094 0.978516 0.933594 0.966797 0.929688 0.998047
0 0.242188 0.998047 0.224609 0.996094 0.226562 0.978516 0.210938 0.978516 0.203125 0.998047 0.185547 0.984375 0.21875 0.962891 0.238281 0.966797 0.248047 0.980469 0.242188 0.998047
0 0.4375 0.998047 0.341797 0.996094 0.367188 0.974609 0.410156 0.974609 0.4375 0.998047
0 0.488281 0.996094 0.0078125 0.0078125
0 0.691406 0.998047 0.673828 0.996094 0.691406 0.998047
0 0.701172 0.998047 0.00390625 0.00390625
0 0.816406 0.998047 0.787109 0.996094 0.816406 0.998047
