0 0.125 0.193359 0.0761719 0.113281 0.0996094 0.0351562 0.152344 0.00195312 0.195312 0.0175781 0.232422 0.078125 0.224609 0.164062 0.1875 0.212891 0.1875 0.212891 0.148438 0.208984 0.125 0.193359 0.136719 0.169922 0.177734 0.183594 0.177734 0.183594 0.197266 0.164062 0.205078 0.0820312 0.185547 0.046875 0.160156 0.0292969 0.119141 0.0546875 0.103516 0.113281 0.136719 0.169922
0 0.302734 0.121094 0.291016 0.105469 0.294922 0.0664062 0.3125 0.0488281 0.398438 0.0449219 0.412109 0.0585938 0.412109 0.105469 0.382812 0.138672 0.355469 0.146484 0.355469 0.146484 0.328125 0.142578 0.302734 0.121094 0.318359 0.101562 0.353516 0.121094 0.353516 0.121094 0.380859 0.109375 0.384766 0.078125 0.324219 0.0722656 0.318359 0.101562
0 0.466797 0.117188 0.492188 0.0878906 0.580078 0.105469 0.587891 0.152344 0.558594 0.193359 0.558594 0.193359 0.496094 0.181641 0.466797 0.152344 0.466797 0.117188 0.494141 0.121094 0.5 0.150391 0.548828 0.164062 0.548828 0.164062 0.564453 0.136719 0.546875 0.119141 0.494141 0.121094
0 0.318359 0.138672 0.00390625 0.00390625
0 0.146484 0.453125 0.154297 0.457031 0.0976562 0.494141 0.0976562 0.494141 0.0625 0.482422 0.0253906 0.445312 0.0175781 0.367188 0.0664062 0.298828 0.117188 0.283203 0.162109 0.320312 0.185547 0.367188 0.185547 0.394531 0.173828 0.429688 0.146484 0.453125 0.142578 0.429688 0.158203 0.367188 0.125 0.322266 0.0976562 0.310547 0.0605469 0.347656 0.0410156 0.40625 0.0546875 0.443359 0.103516 0.460938 0.103516 0.460938 0.142578 0.429688
0 0.00195312 0.513672 0.00390625 0.00390625
0 0 0.537109 0.00390625 0.517578 0 0.537109
0 0.699219 0.611328 0.724609 0.625 0.728516 0.652344 0.695312 0.689453 0.695312 0.689453 0.65625 0.685547 0.638672 0.664062 0.648438 0.615234 0.699219 0.611328 0.691406 0.634766 0.662109 0.640625 0.667969 0.658203 0.693359 0.660156 0.693359 0.660156 0.701172 0.644531 0.691406 0.634766
0 0.904297 0.652344 0.912109 0.703125 0.888672 0.746094 0.835938 0.787109 0.835938 0.787109 0.792969 0.779297 0.771484 0.734375 0.810547 0.65625 0.859375 0.630859 0.904297 0.652344 0.878906 0.662109 0.859375 0.658203 0.814453 0.695312 0.802734 0.75 0.837891 0.757812 0.837891 0.757812 0.880859 0.714844 0.878906 0.662109
0 0.642578 0.789062 0.642578 0.75 0.667969 0.724609 0.710938 0.732422 0.744141 0.761719 0.751953 0.800781 0.707031 0.837891 0.707031 0.837891 0.667969 0.818359 0.642578 0.789062 0.666016 0.78125 0.701172 0.808594 0.701172 0.808594 0.720703 0.804688 0.724609 0.78125 0.683594 0.751953 0.666016 0.78125
0 0.572266 0.917969 0.556641 0.871094 0.556641 0.839844 0.582031 0.802734 0.609375 0.802734 0.654297 0.851562 0.642578 0.910156 0.597656 0.927734 0.597656 0.927734 0.572266 0.917969 0.583984 0.894531 0.607422 0.898438 0.607422 0.898438 0.630859 0.871094 0.623047 0.847656 0.597656 0.830078 0.583984 0.855469 0.583984 0.894531
0 0.806641 0.875 0.814453 0.828125 0.851562 0.802734 0.886719 0.814453 0.904297 0.839844 0.900391 0.867188 0.859375 0.912109 0.859375 0.912109 0.832031 0.912109 0.806641 0.875 0.830078 0.863281 0.837891 0.882812 0.849609 0.882812 0.849609 0.882812 0.876953 0.855469 0.859375 0.830078 0.830078 0.863281
0 0.996094 0.943359 0.960938 0.935547 0.943359 0.902344 0.955078 0.847656 0.992188 0.818359 0.998047 0.847656 0.982422 0.859375 0.970703 0.90625 0.998047 0.921875 0.996094 0.943359
0 0.769531 0.876953 0.804688 0.900391 0.841797 0.953125 0.841797 0.980469 0.804688 0.994141 0.804688 0.994141 0.777344 0.986328 0.736328 0.941406 0.728516 0.90625 0.742188 0.876953 0.769531 0.876953 0.757812 0.900391 0.783203 0.957031 0.806641 0.964844 0.806641 0.964844 0.806641 0.945312 0.757812 0.900391
0 0.896484 0.880859 0.00390625 0.00390625
0 0.0195312 0.998047 0 0.996094 0.0136719 0.949219 0.0136719 0.925781 0 0.917969 0.00390625 0.892578 0.0390625 0.904297 0.0449219 0.925781 0.0371094 0.972656 0.0195312 0.998047
0 0.730469 0.998047 0.707031 0.998047 0.705078 0.976562 0.6875 0.958984 0.666016 0.964844 0.654297 0.984375 0.664062 0.998047 0.628906 0.998047 0.626953 0.980469 0.660156 0.935547 0.699219 0.935547 0.728516 0.96875 0.730469 0.998047
