0 0.0507812 0.0371094 0.03125 0.0371094 0.00585938 0 0.046875 0.0136719 0.0703125 0 0.0722656 0.015625 0.0507812 0.0371094
0 0.230469 0.0527344 0.167969 0.0488281 0.158203 0.0078125 0.181641 0 0.166016 0.015625 0.171875 0.0410156 0.226562 0.0449219 0.257812 0 0.248047 0.0429688 0.230469 0.0527344
0 0.648438 0.0488281 0.585938 0.0410156 0.576172 0.03125 0.583984 0 0.599609 0 0.583984 0.0195312 0.59375 0.0332031 0.640625 0.0410156 0.666016 0.0195312 0.662109 0 0.675781 0 0.677734 0.0195312 0.648438 0.0488281
0 0.914062 0.0839844 0.890625 0.0839844 0.865234 0.0625 0.857422 0 0.876953 0.00390625 0.873047 0.0546875 0.910156 0.0761719 0.953125 0.0644531 0.996094 0 0.998047 0.015625 0.970703 0.0625 0.914062 0.0839844
0 0.386719 0.0917969 0.369141 0.078125 0.369141 0.0390625 0.386719 0.00976562 0.400391 0.0117188 0.423828 0.0507812 0.414062 0.0917969 0.414062 0.0917969 0.386719 0.0917969 0.390625 0.0839844 0.408203 0.0820312 0.408203 0.0820312 0.416016 0.0585938 0.390625 0.0332031 0.376953 0.0703125 0.390625 0.0839844
0 0.701172 0.0429688 0.726562 0.00976562 0.804688 0.00976562 0.806641 0.0585938 0.75 0.107422 0.75 0.107422 0.705078 0.09375 0.701172 0.0429688 0.708984 0.046875 0.708984 0.0820312 0.730469 0.0996094 0.748047 0.0976562 0.748047 0.0976562 0.798828 0.0546875 0.796875 0.0175781 0.765625 0.0136719 0.722656 0.0292969 0.708984 0.046875
0 0.101562 0.0214844 0.142578 0.03125 0.154297 0.0507812 0.144531 0.0761719 0.144531 0.0761719 0.125 0.0761719 0.0996094 0.0507812 0.101562 0.0214844 0.109375 0.0292969 0.119141 0.0585938 0.138672 0.0664062 0.138672 0.0664062 0.142578 0.046875 0.109375 0.0292969
0 0.0820312 0.0410156 0.0957031 0.0585938 0.0996094 0.0976562 0.0664062 0.130859 0.0664062 0.130859 0.0507812 0.130859 0.0253906 0.0898438 0.0429688 0.0605469 0.0820312 0.0410156 0.0742188 0.0488281 0.0371094 0.0820312 0.0390625 0.0996094 0.0722656 0.105469 0.0722656 0.105469 0.0878906 0.0859375 0.0742188 0.0488281
0 0.171875 0.158203 0.142578 0.0820312 0.195312 0.0644531 0.242188 0.0839844 0.271484 0.132812 0.257812 0.169922 0.257812 0.169922 0.171875 0.158203 0.175781 0.150391 0.255859 0.160156 0.255859 0.160156 0.259766 0.128906 0.230469 0.0878906 0.1875 0.0722656 0.150391 0.0898438 0.175781 0.150391
0 0.503906 0.158203 0.476562 0.158203 0.425781 0.134766 0.416016 0.113281 0.445312 0.0839844 0.488281 0.0800781 0.529297 0.121094 0.525391 0.148438 0.503906 0.158203 0.503906 0.158203 0.498047 0.148438 0.517578 0.132812 0.472656 0.0917969 0.427734 0.117188 0.445312 0.134766 0.498047 0.148438 0.498047 0.148438
0 0.613281 0.0761719 0.628906 0.0761719 0.666016 0.121094 0.654297 0.15625 0.625 0.173828 0.625 0.173828 0.591797 0.15625 0.583984 0.128906 0.587891 0.0898438 0.613281 0.0761719 0.621094 0.0839844 0.595703 0.101562 0.595703 0.132812 0.630859 0.160156 0.630859 0.160156 0.650391 0.140625 0.650391 0.113281 0.621094 0.0839844
0 0.0878906 0.15625 0.113281 0.115234 0.126953 0.117188 0.134766 0.140625 0.125 0.189453 0.125 0.189453 0.109375 0.189453 0.0878906 0.15625 0.0957031 0.152344 0.119141 0.179688 0.119141 0.179688 0.126953 0.148438 0.117188 0.126953 0.0957031 0.152344
0 0.693359 0.203125 0.689453 0.160156 0.71875 0.123047 0.761719 0.119141 0.775391 0.132812 0.775391 0.183594 0.742188 0.216797 0.742188 0.216797 0.710938 0.216797 0.693359 0.203125 0.701172 0.195312 0.736328 0.207031 0.736328 0.207031 0.767578 0.175781 0.767578 0.140625 0.753906 0.126953 0.714844 0.138672 0.697266 0.167969 0.701172 0.195312
0 0.878906 0.119141 0.90625 0.119141 0.935547 0.160156 0.923828 0.203125 0.902344 0.220703 0.902344 0.220703 0.875 0.220703 0.837891 0.195312 0.853516 0.132812 0.878906 0.119141 0.882812 0.126953 0.861328 0.140625 0.849609 0.195312 0.896484 0.210938 0.896484 0.210938 0.927734 0.167969 0.898438 0.126953 0.882812 0.126953
0 0.996094 0.197266 0.978516 0.183594 0.978516 0.132812 0.996094 0.115234 0.986328 0.140625 0.996094 0.197266
0 0.078125 0.197266 0.0273438 0.197266 0.0273438 0.158203 0.0371094 0.160156 0.0351562 0.189453 0.0703125 0.189453 0.0722656 0.179688 0.0585938 0.158203 0.0253906 0.148438 0.0664062 0.150391 0.0800781 0.171875 0.078125 0.197266
0 0.369141 0.226562 0.369141 0.175781 0.382812 0.150391 0.414062 0.150391 0.443359 0.175781 0.435547 0.214844 0.410156 0.240234 0.410156 0.240234 0.382812 0.240234 0.369141 0.226562 0.376953 0.222656 0.408203 0.230469 0.408203 0.230469 0.435547 0.183594 0.394531 0.158203 0.376953 0.183594 0.376953 0.222656
0 0.296875 0.205078 0.267578 0.199219 0.277344 0.166016 0.310547 0.179688 0.296875 0.205078 0.296875 0.205078 0.294922 0.195312 0.302734 0.1875 0.285156 0.173828 0.275391 0.191406 0.294922 0.195312 0.294922 0.195312
0 0.574219 0.263672 0.515625 0.263672 0.482422 0.25 0.507812 0.177734 0.574219 0.169922 0.591797 0.183594 0.607422 0.234375 0.574219 0.263672 0.574219 0.263672 0.568359 0.253906 0.587891 0.230469 0.599609 0.226562 0.597656 0.216797 0.599609 0.226562 0.599609 0.226562 0.587891 0.230469 0.582031 0.193359 0.53125 0.185547 0.501953 0.203125 0.496094 0.248047 0.568359 0.253906 0.568359 0.253906
0 0.828125 0.244141 0.794922 0.238281 0.779297 0.214844 0.785156 0.193359 0.837891 0.21875 0.828125 0.244141 0.828125 0.244141 0.826172 0.234375 0.820312 0.212891 0.787109 0.203125 0.804688 0.232422 0.826172 0.234375 0.826172 0.234375
0 0.0117188 0.318359 0 0.316406 0.0136719 0.269531 0 0.201172 0.0292969 0.226562 0.0253906 0.296875 0.0117188 0.318359
0 0.158203 0.285156 0.146484 0.226562 0.160156 0.205078 0.195312 0.201172 0.208984 0.214844 0.212891 0.273438 0.191406 0.298828 0.191406 0.298828 0.158203 0.285156 0.166016 0.277344 0.185547 0.289062 0.185547 0.289062 0.205078 0.265625 0.205078 0.242188 0.195312 0.224609 0.167969 0.216797 0.154297 0.234375 0.166016 0.277344
0 0.0605469 0.261719 0.078125 0.228516 0.113281 0.232422 0.126953 0.25 0.130859 0.300781 0.105469 0.314453 0.105469 0.314453 0.078125 0.314453 0.0605469 0.300781 0.0605469 0.261719 0.0683594 0.265625 0.0683594 0.292969 0.0996094 0.304688 0.0996094 0.304688 0.123047 0.296875 0.123047 0.277344 0.115234 0.25 0.0859375 0.236328 0.0683594 0.265625
0 0.3125 0.326172 0.279297 0.308594 0.267578 0.285156 0.269531 0.232422 0.308594 0.228516 0.353516 0.246094 0.369141 0.316406 0.351562 0.326172 0.351562 0.326172 0.3125 0.326172 0.320312 0.318359 0.345703 0.316406 0.345703 0.316406 0.361328 0.308594 0.345703 0.253906 0.300781 0.236328 0.28125 0.244141 0.283203 0.296875 0.320312 0.318359
0 0.630859 0.273438 0.648438 0.248047 0.679688 0.240234 0.689453 0.277344 0.667969 0.306641 0.667969 0.306641 0.636719 0.302734 0.630859 0.273438 0.638672 0.277344 0.648438 0.298828 0.662109 0.296875 0.662109 0.296875 0.681641 0.269531 0.671875 0.248047 0.638672 0.277344
0 0.705078 0.257812 0.726562 0.244141 0.75 0.248047 0.759766 0.261719 0.753906 0.291016 0.753906 0.291016 0.714844 0.287109 0.705078 0.257812 0.712891 0.265625 0.730469 0.283203 0.748047 0.28125 0.748047 0.28125 0.751953 0.269531 0.734375 0.251953 0.712891 0.265625
0 0.996094 0.330078 0.957031 0.318359 0.935547 0.296875 0.945312 0.267578 0.998047 0.257812 0.984375 0.275391 0.972656 0.267578 0.943359 0.28125 0.996094 0.330078
0 0.400391 0.34375 0.40625 0.291016 0.449219 0.275391 0.498047 0.285156 0.498047 0.332031 0.464844 0.369141 0.464844 0.369141 0.421875 0.365234 0.400391 0.34375 0.408203 0.339844 0.421875 0.353516 0.462891 0.359375 0.462891 0.359375 0.494141 0.308594 0.472656 0.283203 0.414062 0.302734 0.408203 0.316406 0.408203 0.339844
0 0.894531 0.353516 0.875 0.353516 0.861328 0.335938 0.857422 0.304688 0.875 0.279297 0.916016 0.289062 0.916016 0.328125 0.894531 0.353516 0.894531 0.353516 0.892578 0.34375 0.908203 0.296875 0.882812 0.287109 0.869141 0.328125 0.892578 0.34375 0.892578 0.34375
0 0.759766 0.324219 0.763672 0.300781 0.78125 0.287109 0.814453 0.289062 0.800781 0.337891 0.800781 0.337891 0.759766 0.324219 0.767578 0.316406 0.794922 0.328125 0.794922 0.328125 0.804688 0.294922 0.78125 0.298828 0.767578 0.316406
0 0.0136719 0.390625 0.0273438 0.314453 0.0664062 0.326172 0.0957031 0.375 0.0917969 0.40625 0.0625 0.423828 0.0625 0.423828 0.03125 0.412109 0.0136719 0.390625 0.0214844 0.386719 0.0546875 0.412109 0.0722656 0.410156 0.0722656 0.410156 0.0878906 0.390625 0.0839844 0.371094 0.0703125 0.345703 0.0351562 0.322266 0.0214844 0.386719
0 0.279297 0.335938 0.279297 0.378906 0.265625 0.392578 0.265625 0.392578 0.246094 0.392578 0.216797 0.351562 0.246094 0.310547 0.261719 0.310547 0.279297 0.335938 0.271484 0.339844 0.253906 0.318359 0.228516 0.351562 0.253906 0.384766 0.263672 0.382812 0.263672 0.382812 0.271484 0.339844
0 0.544922 0.390625 0.552734 0.335938 0.5625 0.322266 0.597656 0.314453 0.615234 0.324219 0.619141 0.34375 0.574219 0.396484 0.574219 0.396484 0.544922 0.390625 0.552734 0.382812 0.568359 0.386719 0.568359 0.386719 0.607422 0.347656 0.607422 0.332031 0.589844 0.322266 0.560547 0.34375 0.552734 0.382812
0 0.115234 0.371094 0.119141 0.339844 0.136719 0.322266 0.171875 0.318359 0.205078 0.339844 0.208984 0.375 0.1875 0.400391 0.1875 0.400391 0.140625 0.392578 0.115234 0.371094 0.123047 0.367188 0.15625 0.388672 0.185547 0.390625 0.185547 0.390625 0.201172 0.371094 0.197266 0.347656 0.167969 0.326172 0.144531 0.330078 0.123047 0.367188
0 0.695312 0.326172 0.716797 0.355469 0.664062 0.404297 0.664062 0.404297 0.638672 0.394531 0.642578 0.347656 0.652344 0.333984 0.695312 0.326172 0.691406 0.333984 0.654297 0.347656 0.642578 0.378906 0.662109 0.394531 0.662109 0.394531 0.705078 0.355469 0.691406 0.333984
0 0.318359 0.421875 0.322266 0.386719 0.351562 0.349609 0.400391 0.394531 0.400391 0.425781 0.382812 0.447266 0.382812 0.447266 0.332031 0.439453 0.318359 0.421875 0.326172 0.417969 0.359375 0.439453 0.376953 0.4375 0.376953 0.4375 0.392578 0.402344 0.355469 0.361328 0.326172 0.417969
0 0.712891 0.390625 0.722656 0.369141 0.761719 0.353516 0.771484 0.394531 0.746094 0.439453 0.746094 0.439453 0.712891 0.429688 0.712891 0.390625 0.720703 0.394531 0.720703 0.421875 0.740234 0.429688 0.740234 0.429688 0.759766 0.402344 0.761719 0.365234 0.720703 0.394531
0 0.816406 0.376953 0.863281 0.373047 0.888672 0.410156 0.880859 0.453125 0.792969 0.486328 0.792969 0.486328 0.779297 0.472656 0.775391 0.421875 0.816406 0.376953 0.816406 0.388672 0.802734 0.402344 0.787109 0.425781 0.794922 0.472656 0.794922 0.472656 0.865234 0.445312 0.869141 0.40625 0.859375 0.392578 0.816406 0.388672
0 0.451172 0.398438 0.503906 0.392578 0.525391 0.417969 0.519531 0.439453 0.519531 0.439453 0.457031 0.435547 0.451172 0.398438 0.458984 0.40625 0.46875 0.431641 0.513672 0.429688 0.513672 0.429688 0.480469 0.396484 0.458984 0.40625
0 0.279297 0.421875 0.283203 0.480469 0.265625 0.517578 0.265625 0.517578 0.234375 0.513672 0.216797 0.488281 0.216797 0.429688 0.246094 0.396484 0.265625 0.400391 0.279297 0.421875 0.271484 0.425781 0.246094 0.412109 0.224609 0.449219 0.224609 0.480469 0.242188 0.505859 0.259766 0.507812 0.259766 0.507812 0.275391 0.472656 0.271484 0.425781
0 0.0273438 0.498047 0 0.492188 0.0351562 0.482422 0.0488281 0.453125 0.03125 0.439453 0.0078125 0.439453 0 0.451172 0 0.433594 0.0117188 0.427734 0.0566406 0.445312 0.0527344 0.480469 0.0273438 0.498047
0 0.0839844 0.511719 0.0878906 0.472656 0.121094 0.435547 0.175781 0.443359 0.181641 0.464844 0.169922 0.488281 0.128906 0.521484 0.128906 0.521484 0.0839844 0.511719 0.0917969 0.503906 0.123047 0.511719 0.123047 0.511719 0.162109 0.480469 0.167969 0.451172 0.128906 0.443359 0.107422 0.460938 0.0917969 0.503906
0 0.90625 0.568359 0.873047 0.523438 0.869141 0.496094 0.902344 0.466797 0.957031 0.470703 0.990234 0.511719 0.990234 0.539062 0.945312 0.568359 0.945312 0.568359 0.90625 0.568359 0.914062 0.560547 0.939453 0.558594 0.939453 0.558594 0.96875 0.544922 0.982422 0.519531 0.949219 0.478516 0.910156 0.474609 0.876953 0.507812 0.914062 0.560547
0 0.294922 0.523438 0.316406 0.490234 0.339844 0.482422 0.345703 0.53125 0.320312 0.572266 0.320312 0.572266 0.302734 0.5625 0.294922 0.523438 0.302734 0.53125 0.318359 0.558594 0.318359 0.558594 0.337891 0.523438 0.328125 0.494141 0.302734 0.53125
0 0.492188 0.556641 0.470703 0.53125 0.5 0.509766 0.53125 0.509766 0.53125 0.556641 0.53125 0.556641 0.492188 0.556641 0.5 0.548828 0.525391 0.546875 0.525391 0.546875 0.523438 0.517578 0.482422 0.53125 0.5 0.548828
0 0.615234 0.539062 0.623047 0.585938 0.613281 0.595703 0.613281 0.595703 0.585938 0.595703 0.560547 0.578125 0.544922 0.550781 0.550781 0.517578 0.589844 0.521484 0.615234 0.539062 0.607422 0.546875 0.5625 0.525391 0.556641 0.539062 0.572266 0.574219 0.607422 0.585938 0.607422 0.585938 0.607422 0.546875
0 0.759766 0.542969 0.785156 0.517578 0.816406 0.513672 0.826172 0.527344 0.822266 0.574219 0.785156 0.587891 0.785156 0.587891 0.763672 0.578125 0.759766 0.542969 0.767578 0.550781 0.777344 0.576172 0.794922 0.574219 0.794922 0.574219 0.810547 0.558594 0.804688 0.521484 0.767578 0.550781
0 0.261719 0.583984 0.226562 0.576172 0.201172 0.550781 0.201172 0.527344 0.242188 0.525391 0.257812 0.537109 0.271484 0.554688 0.261719 0.583984 0.261719 0.583984 0.259766 0.574219 0.263672 0.5625 0.246094 0.541016 0.208984 0.535156 0.234375 0.568359 0.259766 0.574219 0.259766 0.574219
0 0.458984 0.566406 0.458984 0.597656 0.441406 0.619141 0.441406 0.619141 0.404297 0.601562 0.408203 0.5625 0.421875 0.552734 0.458984 0.566406 0.451172 0.574219 0.417969 0.568359 0.416016 0.601562 0.439453 0.605469 0.439453 0.605469 0.451172 0.574219
0 0.996094 0.607422 0.974609 0.582031 0.974609 0.558594 0.992188 0.552734 0.998047 0.5625 0.984375 0.564453 0.982422 0.578125 0.998047 0.589844 0.996094 0.607422
0 0.164062 0.673828 0.121094 0.666016 0.0878906 0.636719 0.15625 0.572266 0.214844 0.576172 0.232422 0.601562 0.220703 0.640625 0.164062 0.673828 0.164062 0.673828 0.162109 0.664062 0.195312 0.650391 0.220703 0.617188 0.21875 0.603516 0.175781 0.580078 0.125 0.611328 0.103516 0.644531 0.162109 0.664062 0.162109 0.664062
0 0.3125 0.666016 0.283203 0.648438 0.279297 0.617188 0.3125 0.587891 0.380859 0.613281 0.373047 0.640625 0.339844 0.666016 0.339844 0.666016 0.3125 0.666016 0.316406 0.658203 0.337891 0.65625 0.337891 0.65625 0.373047 0.621094 0.335938 0.603516 0.308594 0.607422 0.294922 0.625 0.298828 0.644531 0.316406 0.658203
0 0.824219 0.650391 0.818359 0.617188 0.835938 0.595703 0.882812 0.587891 0.888672 0.625 0.863281 0.650391 0.863281 0.650391 0.824219 0.650391 0.832031 0.642578 0.857422 0.640625 0.857422 0.640625 0.880859 0.617188 0.875 0.595703 0.84375 0.603516 0.826172 0.625 0.832031 0.642578
0 0.53125 0.650391 0.513672 0.632812 0.515625 0.595703 0.572266 0.617188 0.576172 0.644531 0.566406 0.650391 0.566406 0.650391 0.53125 0.650391 0.535156 0.642578 0.560547 0.640625 0.560547 0.640625 0.568359 0.628906 0.554688 0.615234 0.521484 0.605469 0.535156 0.642578
0 0.748047 0.652344 0.757812 0.607422 0.785156 0.607422 0.806641 0.628906 0.798828 0.652344 0.773438 0.666016 0.773438 0.666016 0.748047 0.652344 0.755859 0.644531 0.783203 0.652344 0.783203 0.652344 0.791016 0.628906 0.777344 0.615234 0.761719 0.619141 0.755859 0.644531
0 0.900391 0.644531 0.929688 0.611328 0.980469 0.611328 0.998047 0.628906 0.998047 0.660156 0.972656 0.697266 0.933594 0.720703 0.933594 0.720703 0.896484 0.714844 0.900391 0.644531 0.908203 0.652344 0.908203 0.703125 0.939453 0.707031 0.939453 0.707031 0.990234 0.652344 0.994141 0.640625 0.980469 0.626953 0.925781 0.634766 0.908203 0.652344
0 0.712891 0.679688 0.708984 0.707031 0.667969 0.744141 0.667969 0.744141 0.644531 0.744141 0.611328 0.707031 0.611328 0.6875 0.595703 0.691406 0.648438 0.619141 0.679688 0.630859 0.712891 0.679688 0.705078 0.683594 0.689453 0.652344 0.660156 0.630859 0.619141 0.675781 0.619141 0.699219 0.662109 0.734375 0.662109 0.734375 0.705078 0.683594
0 0.0292969 0.742188 0.0292969 0.695312 0.0585938 0.673828 0.101562 0.669922 0.134766 0.691406 0.126953 0.75 0.101562 0.771484 0.101562 0.771484 0.0703125 0.771484 0.0292969 0.742188 0.0371094 0.738281 0.078125 0.763672 0.0957031 0.761719 0.0957031 0.761719 0.119141 0.742188 0.126953 0.699219 0.109375 0.681641 0.0820312 0.677734 0.0410156 0.707031 0.0371094 0.738281
0 0.861328 0.710938 0.861328 0.726562 0.828125 0.748047 0.828125 0.748047 0.792969 0.744141 0.783203 0.710938 0.832031 0.685547 0.861328 0.710938 0.853516 0.71875 0.828125 0.697266 0.800781 0.705078 0.791016 0.726562 0.822266 0.738281 0.822266 0.738281 0.853516 0.71875
0 0.404297 0.742188 0.404297 0.714844 0.421875 0.693359 0.4375 0.693359 0.451172 0.71875 0.451172 0.746094 0.4375 0.763672 0.4375 0.763672 0.421875 0.763672 0.404297 0.742188 0.412109 0.734375 0.431641 0.753906 0.431641 0.753906 0.443359 0.726562 0.425781 0.708984 0.412109 0.734375
0 0.728516 0.75 0.724609 0.710938 0.738281 0.697266 0.753906 0.697266 0.767578 0.714844 0.761719 0.755859 0.761719 0.755859 0.728516 0.75 0.736328 0.742188 0.755859 0.746094 0.755859 0.746094 0.746094 0.705078 0.736328 0.742188
0 0.189453 0.773438 0.185547 0.734375 0.203125 0.705078 0.230469 0.705078 0.236328 0.742188 0.214844 0.779297 0.214844 0.779297 0.189453 0.773438 0.197266 0.765625 0.208984 0.769531 0.208984 0.769531 0.228516 0.734375 0.222656 0.712891 0.207031 0.716797 0.193359 0.742188 0.197266 0.765625
0 0.484375 0.775391 0.466797 0.75 0.470703 0.730469 0.5 0.716797 0.523438 0.732422 0.548828 0.765625 0.535156 0.787109 0.535156 0.787109 0.484375 0.775391 0.492188 0.767578 0.529297 0.777344 0.529297 0.777344 0.537109 0.765625 0.511719 0.736328 0.488281 0.728516 0.478516 0.738281 0.492188 0.767578
0 0.273438 0.833984 0.244141 0.808594 0.240234 0.769531 0.253906 0.744141 0.302734 0.757812 0.310547 0.8125 0.300781 0.833984 0.300781 0.833984 0.273438 0.833984 0.28125 0.826172 0.294922 0.824219 0.294922 0.824219 0.298828 0.773438 0.261719 0.751953 0.248047 0.796875 0.28125 0.826172
0 0.871094 0.759766 0.890625 0.763672 0.935547 0.808594 0.916016 0.851562 0.882812 0.876953 0.882812 0.876953 0.863281 0.873047 0.830078 0.828125 0.845703 0.78125 0.871094 0.759766 0.871094 0.771484 0.849609 0.808594 0.849609 0.832031 0.863281 0.857422 0.884766 0.863281 0.884766 0.863281 0.916016 0.804688 0.871094 0.771484
0 0.398438 0.916016 0.382812 0.912109 0.341797 0.859375 0.345703 0.824219 0.382812 0.783203 0.392578 0.789062 0.353516 0.832031 0.349609 0.851562 0.390625 0.904297 0.425781 0.884766 0.447266 0.855469 0.396484 0.789062 0.455078 0.835938 0.439453 0.886719 0.398438 0.916016
0 0.171875 0.876953 0.134766 0.863281 0.130859 0.800781 0.199219 0.787109 0.216797 0.804688 0.212891 0.824219 0.189453 0.867188 0.171875 0.876953 0.171875 0.876953 0.166016 0.867188 0.193359 0.84375 0.199219 0.806641 0.146484 0.804688 0.134766 0.839844 0.166016 0.867188 0.166016 0.867188
0 0.746094 0.896484 0.693359 0.855469 0.693359 0.832031 0.71875 0.798828 0.769531 0.787109 0.810547 0.824219 0.818359 0.859375 0.808594 0.876953 0.746094 0.896484 0.746094 0.896484 0.744141 0.886719 0.800781 0.869141 0.810547 0.851562 0.794922 0.820312 0.761719 0.794922 0.722656 0.810547 0.701172 0.839844 0.744141 0.886719 0.744141 0.886719
0 0.996094 0.888672 0.951172 0.867188 0.951172 0.84375 0.980469 0.806641 0.998047 0.8125 0.966797 0.835938 0.958984 0.859375 0.992188 0.873047 0.996094 0.888672
0 0.0507812 0.869141 0.015625 0.861328 0.0136719 0.832031 0.0390625 0.818359 0.0859375 0.822266 0.0839844 0.847656 0.0507812 0.869141 0.0507812 0.869141 0.0449219 0.859375 0.0800781 0.832031 0.0273438 0.833984 0.0214844 0.851562 0.0449219 0.859375 0.0449219 0.859375
0 0.478516 0.886719 0.490234 0.84375 0.515625 0.822266 0.542969 0.822266 0.619141 0.863281 0.601562 0.896484 0.554688 0.923828 0.554688 0.923828 0.527344 0.923828 0.478516 0.886719 0.486328 0.882812 0.527344 0.912109 0.548828 0.914062 0.548828 0.914062 0.611328 0.871094 0.53125 0.830078 0.494141 0.855469 0.486328 0.882812
0 0.705078 0.929688 0.671875 0.955078 0.671875 0.955078 0.632812 0.947266 0.619141 0.917969 0.623047 0.898438 0.664062 0.873047 0.683594 0.876953 0.705078 0.914062 0.705078 0.929688 0.697266 0.925781 0.675781 0.884766 0.626953 0.910156 0.640625 0.939453 0.666016 0.945312 0.666016 0.945312 0.697266 0.925781
0 0.890625 0.998047 0.839844 0.994141 0.808594 0.978516 0.787109 0.9375 0.794922 0.90625 0.835938 0.892578 0.867188 0.912109 0.888672 0.941406 0.890625 0.998047 0.890625 0.998047 0.884766 0.988281 0.876953 0.9375 0.839844 0.904297 0.798828 0.921875 0.798828 0.949219 0.824219 0.978516 0.884766 0.988281 0.884766 0.988281
0 0.492188 0.998047 0.482422 0.996094 0.486328 0.941406 0.460938 0.912109 0.439453 0.949219 0.455078 0.996094 0.435547 0.992188 0.431641 0.941406 0.457031 0.904297 0.490234 0.921875 0.492188 0.998047
0 0 0.951172 0 0.912109 0 0.951172
0 0.152344 0.998047 0.130859 0.996094 0.181641 0.949219 0.132812 0.923828 0.0761719 0.957031 0.0625 0.998047 0.0527344 0.980469 0.0898438 0.931641 0.136719 0.916016 0.193359 0.945312 0.185547 0.96875 0.152344 0.998047
0 0.910156 0.998047 0.904297 0.988281 0.933594 0.943359 0.972656 0.919922 0.998047 0.921875 0.996094 0.939453 0.96875 0.935547 0.941406 0.951172 0.910156 0.998047
0 0.597656 0.998047 0.554688 0.962891 0.537109 0.996094 0.525391 0.992188 0.550781 0.951172 0.585938 0.970703 0.597656 0.998047
0 0.757812 0.998047 0.726562 0.986328 0.701172 0.996094 0.734375 0.978516 0.757812 0.998047
0 0.394531 0.998047 0.298828 0.992188 0.386719 0.982422 0.394531 0.998047
