0 0 0.0292969 0 0 0 0.0292969
0 0.0195312 0.0683594 0 0.0683594 0 0.0507812 0.0117188 0.0605469 0.0585938 0.0371094 0.0683594 0.0234375 0.0488281 0 0.0625 0 0.0761719 0.015625 0.0722656 0.0390625 0.0195312 0.0683594
0 0.167969 0.00976562 0.111328 0 0.175781 0 0.167969 0.00976562
0 0.410156 0.00195312 0.416016 0.0546875 0.394531 0.0761719 0.359375 0.0839844 0.359375 0.0839844 0.318359 0.0625 0.322266 0.0234375 0.351562 0 0.410156 0.00195312 0.402344 0.00976562 0.363281 0.00195312 0.333984 0.0390625 0.333984 0.0625 0.34375 0.0722656 0.376953 0.0703125 0.376953 0.0703125 0.408203 0.046875 0.412109 0.0273438 0.402344 0.00976562
0 0.488281 0.0449219 0.470703 0.0429688 0.466797 0.0117188 0.480469 0 0.511719 0 0.513672 0.0234375 0.488281 0.0449219 0.488281 0.0449219 0.486328 0.0351562 0.505859 0.015625 0.5 0.00195312 0.474609 0.0234375 0.486328 0.0351562 0.486328 0.0351562
0 0.652344 0.0136719 0.619141 0 0.664062 0 0.652344 0.0136719
0 0.777344 0.00976562 0.740234 0 0.785156 0 0.777344 0.00976562
0 0.675781 0.0996094 0.634766 0.0742188 0.634766 0.0546875 0.664062 0.0214844 0.710938 0.00976562 0.763672 0.0351562 0.759766 0.0742188 0.71875 0.0996094 0.71875 0.0996094 0.675781 0.0996094 0.683594 0.0917969 0.712891 0.0898438 0.712891 0.0898438 0.755859 0.0585938 0.755859 0.0429688 0.722656 0.0214844 0.695312 0.0175781 0.671875 0.0292969 0.642578 0.0625 0.683594 0.0917969
0 0.90625 0.0605469 0.851562 0.0566406 0.845703 0.015625 0.882812 0.00585938 0.886719 0.0175781 0.910156 0.0214844 0.923828 0.0390625 0.90625 0.0605469 0.90625 0.0605469 0.900391 0.0507812 0.912109 0.0351562 0.871094 0.0136719 0.849609 0.03125 0.867188 0.0527344 0.900391 0.0507812 0.900391 0.0507812
0 0.626953 0.0546875 0.607422 0.0859375 0.585938 0.0957031 0.585938 0.0957031 0.535156 0.0839844 0.533203 0.0507812 0.5625 0.0175781 0.613281 0.0175781 0.626953 0.03125 0.626953 0.0546875 0.619141 0.0507812 0.605469 0.0253906 0.570312 0.0253906 0.548828 0.0390625 0.541016 0.0742188 0.572266 0.0820312 0.572266 0.0820312 0.619141 0.0507812
0 0.148438 0.0683594 0.105469 0.0644531 0.103516 0.0429688 0.167969 0.0371094 0.181641 0.0585938 0.148438 0.0683594 0.148438 0.0683594 0.142578 0.0585938 0.169922 0.0546875 0.148438 0.0410156 0.115234 0.0585938 0.142578 0.0585938 0.142578 0.0585938
0 0.181641 0.160156 0.166016 0.136719 0.166016 0.105469 0.214844 0.0410156 0.25 0.0332031 0.291016 0.0859375 0.291016 0.128906 0.265625 0.166016 0.226562 0.177734 0.226562 0.177734 0.181641 0.160156 0.189453 0.152344 0.220703 0.167969 0.220703 0.167969 0.257812 0.158203 0.283203 0.121094 0.275391 0.078125 0.234375 0.0410156 0.189453 0.0820312 0.173828 0.113281 0.189453 0.152344
0 0.511719 0.111328 0.472656 0.107422 0.458984 0.0742188 0.472656 0.0644531 0.511719 0.0683594 0.521484 0.0820312 0.511719 0.111328 0.511719 0.111328 0.509766 0.101562 0.503906 0.0761719 0.480469 0.0722656 0.470703 0.0820312 0.480469 0.0996094 0.509766 0.101562 0.509766 0.101562
0 0.865234 0.113281 0.869141 0.0898438 0.886719 0.0761719 0.923828 0.0820312 0.902344 0.123047 0.902344 0.123047 0.865234 0.113281 0.873047 0.105469 0.896484 0.113281 0.896484 0.113281 0.916016 0.09375 0.910156 0.0839844 0.886719 0.0878906 0.873047 0.105469
0 0.669922 0.128906 0.669922 0.175781 0.65625 0.189453 0.65625 0.189453 0.640625 0.189453 0.619141 0.152344 0.632812 0.111328 0.652344 0.111328 0.669922 0.128906 0.662109 0.132812 0.640625 0.119141 0.626953 0.144531 0.650391 0.179688 0.650391 0.179688 0.662109 0.171875 0.662109 0.132812
0 0.996094 0.154297 0.992188 0.111328 0.996094 0.154297
0 0.75 0.208984 0.705078 0.191406 0.705078 0.152344 0.720703 0.144531 0.712891 0.183594 0.726562 0.197266 0.765625 0.193359 0.779297 0.171875 0.771484 0.144531 0.75 0.130859 0.724609 0.144531 0.734375 0.126953 0.757812 0.123047 0.779297 0.136719 0.791016 0.164062 0.779297 0.195312 0.75 0.208984
0 0.134766 0.21875 0.117188 0.232422 0.117188 0.232422 0.0742188 0.228516 0.0527344 0.207031 0.0410156 0.15625 0.0546875 0.134766 0.109375 0.138672 0.130859 0.164062 0.134766 0.21875 0.126953 0.210938 0.115234 0.160156 0.0585938 0.146484 0.0527344 0.179688 0.0683594 0.210938 0.111328 0.222656 0.111328 0.222656 0.126953 0.210938
0 0.398438 0.197266 0.384766 0.132812 0.445312 0.142578 0.466797 0.175781 0.460938 0.205078 0.460938 0.205078 0.398438 0.197266 0.40625 0.189453 0.455078 0.195312 0.455078 0.195312 0.455078 0.171875 0.4375 0.150391 0.396484 0.140625 0.40625 0.189453
0 0.578125 0.142578 0.611328 0.167969 0.611328 0.214844 0.59375 0.228516 0.59375 0.228516 0.5625 0.224609 0.544922 0.191406 0.548828 0.160156 0.578125 0.142578 0.582031 0.150391 0.552734 0.183594 0.564453 0.210938 0.587891 0.21875 0.587891 0.21875 0.603516 0.207031 0.603516 0.171875 0.582031 0.150391
0 0.3125 0.283203 0.279297 0.246094 0.298828 0.1875 0.324219 0.162109 0.380859 0.207031 0.376953 0.246094 0.351562 0.287109 0.351562 0.287109 0.3125 0.283203 0.320312 0.275391 0.345703 0.277344 0.345703 0.277344 0.365234 0.222656 0.353516 0.195312 0.324219 0.173828 0.287109 0.238281 0.320312 0.275391
0 0.996094 0.263672 0.951172 0.253906 0.935547 0.207031 0.953125 0.185547 0.980469 0.189453 0.998047 0.207031 0.996094 0.232422 0.964844 0.193359 0.943359 0.210938 0.958984 0.246094 0.996094 0.251953 0.996094 0.263672
0 0.523438 0.205078 0.529297 0.234375 0.515625 0.255859 0.515625 0.255859 0.476562 0.255859 0.462891 0.242188 0.466797 0.222656 0.523438 0.205078 0.519531 0.212891 0.474609 0.230469 0.484375 0.248047 0.509766 0.246094 0.509766 0.246094 0.519531 0.212891
0 0.814453 0.246094 0.806641 0.222656 0.824219 0.205078 0.863281 0.205078 0.888672 0.242188 0.892578 0.273438 0.863281 0.298828 0.863281 0.298828 0.841797 0.289062 0.814453 0.246094 0.822266 0.242188 0.861328 0.289062 0.861328 0.289062 0.880859 0.25 0.832031 0.216797 0.818359 0.226562 0.822266 0.242188
0 0.712891 0.273438 0.691406 0.294922 0.691406 0.294922 0.640625 0.291016 0.630859 0.28125 0.634766 0.253906 0.671875 0.236328 0.699219 0.240234 0.712891 0.273438 0.705078 0.265625 0.699219 0.251953 0.667969 0.248047 0.642578 0.265625 0.65625 0.287109 0.685547 0.285156 0.685547 0.285156 0.705078 0.265625
0 0.232422 0.289062 0.238281 0.248047 0.275391 0.265625 0.269531 0.306641 0.269531 0.306641 0.242188 0.302734 0.232422 0.289062 0.240234 0.28125 0.263672 0.296875 0.263672 0.296875 0.271484 0.28125 0.246094 0.259766 0.240234 0.28125
0 0.388672 0.316406 0.390625 0.251953 0.425781 0.251953 0.455078 0.273438 0.455078 0.316406 0.433594 0.330078 0.433594 0.330078 0.388672 0.316406 0.396484 0.308594 0.427734 0.320312 0.427734 0.320312 0.447266 0.308594 0.443359 0.273438 0.417969 0.259766 0.394531 0.263672 0.396484 0.308594
0 0.5625 0.369141 0.546875 0.369141 0.537109 0.351562 0.533203 0.304688 0.5625 0.267578 0.582031 0.263672 0.607422 0.28125 0.615234 0.320312 0.5625 0.369141 0.5625 0.369141 0.560547 0.359375 0.603516 0.308594 0.582031 0.275391 0.570312 0.275391 0.541016 0.3125 0.548828 0.355469 0.560547 0.359375 0.560547 0.359375
0 0.759766 0.304688 0.765625 0.267578 0.806641 0.285156 0.800781 0.322266 0.800781 0.322266 0.759766 0.304688 0.767578 0.296875 0.794922 0.3125 0.794922 0.3125 0.794922 0.285156 0.769531 0.279297 0.767578 0.296875
0 0.470703 0.296875 0.488281 0.271484 0.507812 0.271484 0.525391 0.285156 0.525391 0.300781 0.492188 0.341797 0.492188 0.341797 0.474609 0.335938 0.470703 0.296875 0.478516 0.304688 0.494141 0.328125 0.494141 0.328125 0.517578 0.292969 0.5 0.279297 0.478516 0.304688
0 0.972656 0.376953 0.943359 0.371094 0.939453 0.332031 0.976562 0.283203 0.992188 0.283203 0.998047 0.300781 0.984375 0.291016 0.947266 0.335938 0.957031 0.369141 0.998047 0.351562 0.998047 0.363281 0.972656 0.376953
0 0.255859 0.394531 0.275391 0.34375 0.296875 0.326172 0.367188 0.322266 0.369141 0.351562 0.353516 0.378906 0.296875 0.412109 0.296875 0.412109 0.255859 0.394531 0.263672 0.386719 0.291016 0.402344 0.291016 0.402344 0.320312 0.396484 0.345703 0.371094 0.359375 0.330078 0.3125 0.333984 0.279297 0.355469 0.263672 0.386719
0 0.859375 0.380859 0.837891 0.359375 0.851562 0.326172 0.875 0.322266 0.904297 0.339844 0.904297 0.371094 0.890625 0.380859 0.890625 0.380859 0.859375 0.380859 0.867188 0.373047 0.884766 0.371094 0.884766 0.371094 0.896484 0.347656 0.859375 0.333984 0.853516 0.359375 0.867188 0.373047
0 0.78125 0.447266 0.738281 0.419922 0.720703 0.402344 0.720703 0.347656 0.820312 0.349609 0.841797 0.394531 0.832031 0.447266 0.832031 0.447266 0.78125 0.447266 0.789062 0.439453 0.826172 0.4375 0.826172 0.4375 0.833984 0.402344 0.8125 0.357422 0.732422 0.355469 0.728516 0.394531 0.75 0.416016 0.789062 0.439453
0 0.388672 0.371094 0.410156 0.353516 0.457031 0.349609 0.474609 0.375 0.474609 0.402344 0.441406 0.423828 0.441406 0.423828 0.392578 0.410156 0.388672 0.371094 0.396484 0.378906 0.40625 0.408203 0.435547 0.414062 0.435547 0.414062 0.466797 0.394531 0.449219 0.357422 0.396484 0.378906
0 0.552734 0.390625 0.552734 0.417969 0.535156 0.439453 0.535156 0.439453 0.494141 0.402344 0.507812 0.361328 0.53125 0.361328 0.552734 0.390625 0.544922 0.394531 0.515625 0.369141 0.505859 0.402344 0.537109 0.425781 0.537109 0.425781 0.544922 0.394531
0 0.564453 0.414062 0.613281 0.361328 0.632812 0.369141 0.662109 0.410156 0.658203 0.457031 0.621094 0.505859 0.621094 0.505859 0.587891 0.488281 0.560547 0.441406 0.564453 0.414062 0.568359 0.425781 0.587891 0.472656 0.619141 0.492188 0.619141 0.492188 0.654297 0.441406 0.650391 0.40625 0.621094 0.373047 0.568359 0.425781
0 0.996094 0.431641 0.996094 0.380859 0.996094 0.431641
0 0.267578 0.507812 0.25 0.548828 0.25 0.548828 0.222656 0.544922 0.166016 0.5 0.173828 0.445312 0.195312 0.423828 0.214844 0.423828 0.267578 0.457031 0.267578 0.507812 0.259766 0.503906 0.259766 0.464844 0.203125 0.431641 0.181641 0.457031 0.173828 0.492188 0.244141 0.539062 0.244141 0.539062 0.259766 0.503906
0 0.480469 0.431641 0.498047 0.457031 0.46875 0.498047 0.46875 0.498047 0.433594 0.494141 0.423828 0.457031 0.449219 0.435547 0.480469 0.431641 0.472656 0.439453 0.435547 0.460938 0.439453 0.484375 0.462891 0.488281 0.462891 0.488281 0.486328 0.464844 0.472656 0.439453
0 0.402344 0.447266 0.408203 0.5 0.378906 0.537109 0.351562 0.541016 0.351562 0.541016 0.304688 0.541016 0.298828 0.5 0.339844 0.451172 0.402344 0.447266 0.394531 0.455078 0.355469 0.455078 0.310547 0.515625 0.339844 0.529297 0.373047 0.527344 0.373047 0.527344 0.404297 0.480469 0.394531 0.455078
0 0.894531 0.517578 0.876953 0.503906 0.882812 0.443359 0.910156 0.447266 0.935547 0.46875 0.939453 0.503906 0.929688 0.517578 0.929688 0.517578 0.894531 0.517578 0.902344 0.509766 0.923828 0.507812 0.923828 0.507812 0.923828 0.46875 0.890625 0.455078 0.884766 0.496094 0.902344 0.509766
0 0.65625 0.541016 0.658203 0.492188 0.679688 0.478516 0.734375 0.482422 0.744141 0.507812 0.722656 0.552734 0.722656 0.552734 0.65625 0.541016 0.664062 0.533203 0.716797 0.542969 0.716797 0.542969 0.736328 0.5 0.726562 0.490234 0.6875 0.486328 0.662109 0.503906 0.664062 0.533203
0 0.763672 0.496094 0.789062 0.478516 0.824219 0.478516 0.849609 0.5 0.849609 0.527344 0.835938 0.544922 0.835938 0.544922 0.773438 0.537109 0.763672 0.496094 0.771484 0.503906 0.792969 0.537109 0.830078 0.535156 0.830078 0.535156 0.841797 0.519531 0.835938 0.501953 0.771484 0.503906
0 0.447266 0.542969 0.464844 0.513672 0.5 0.501953 0.501953 0.554688 0.472656 0.595703 0.472656 0.595703 0.455078 0.589844 0.447266 0.542969 0.455078 0.546875 0.470703 0.582031 0.470703 0.582031 0.494141 0.546875 0.492188 0.513672 0.455078 0.546875
0 0.132812 0.623047 0.0996094 0.617188 0.0996094 0.574219 0.144531 0.541016 0.183594 0.541016 0.197266 0.558594 0.193359 0.574219 0.132812 0.623047 0.132812 0.623047 0.130859 0.613281 0.185547 0.566406 0.175781 0.548828 0.152344 0.548828 0.107422 0.582031 0.107422 0.609375 0.130859 0.613281 0.130859 0.613281
0 0.890625 0.595703 0.845703 0.582031 0.847656 0.544922 0.871094 0.544922 0.892578 0.5625 0.890625 0.595703 0.890625 0.595703 0.888672 0.585938 0.871094 0.556641 0.849609 0.558594 0.863281 0.580078 0.888672 0.585938 0.888672 0.585938
0 0.435547 0.613281 0.414062 0.630859 0.414062 0.630859 0.361328 0.617188 0.361328 0.59375 0.386719 0.552734 0.421875 0.556641 0.435547 0.578125 0.435547 0.613281 0.427734 0.609375 0.427734 0.585938 0.414062 0.564453 0.394531 0.560547 0.369141 0.609375 0.408203 0.621094 0.408203 0.621094 0.427734 0.609375
0 0.644531 0.572266 0.677734 0.597656 0.673828 0.625 0.628906 0.658203 0.628906 0.658203 0.609375 0.654297 0.583984 0.625 0.583984 0.601562 0.609375 0.572266 0.644531 0.572266 0.640625 0.580078 0.599609 0.605469 0.599609 0.632812 0.623047 0.648438 0.623047 0.648438 0.669922 0.613281 0.640625 0.580078
0 0.708984 0.667969 0.712891 0.625 0.75 0.580078 0.773438 0.580078 0.818359 0.621094 0.814453 0.671875 0.773438 0.712891 0.773438 0.712891 0.708984 0.667969 0.716797 0.664062 0.771484 0.699219 0.771484 0.699219 0.802734 0.671875 0.810547 0.628906 0.757812 0.587891 0.720703 0.628906 0.716797 0.664062
0 0.0429688 0.712891 0.00976562 0.679688 0.00585938 0.628906 0.03125 0.595703 0.0625 0.599609 0.0996094 0.640625 0.0917969 0.695312 0.0742188 0.712891 0.0742188 0.712891 0.0429688 0.712891 0.0507812 0.705078 0.0683594 0.703125 0.0683594 0.703125 0.0839844 0.6875 0.0917969 0.648438 0.0664062 0.615234 0.0390625 0.603516 0.0214844 0.621094 0.0332031 0.6875 0.0507812 0.705078
0 0.976562 0.736328 0.941406 0.724609 0.904297 0.675781 0.904297 0.640625 0.933594 0.591797 0.998047 0.621094 0.996094 0.646484 0.972656 0.611328 0.945312 0.603516 0.912109 0.648438 0.916016 0.675781 0.96875 0.720703 0.986328 0.703125 0.998047 0.660156 0.998047 0.695312 0.976562 0.736328
0 0.300781 0.603516 0.322266 0.628906 0.322266 0.65625 0.285156 0.697266 0.285156 0.697266 0.263672 0.691406 0.251953 0.65625 0.267578 0.617188 0.300781 0.603516 0.296875 0.611328 0.28125 0.615234 0.267578 0.640625 0.267578 0.679688 0.283203 0.6875 0.283203 0.6875 0.314453 0.648438 0.296875 0.611328
0 0.845703 0.648438 0.855469 0.607422 0.892578 0.632812 0.882812 0.666016 0.882812 0.666016 0.863281 0.666016 0.845703 0.648438 0.853516 0.644531 0.876953 0.65625 0.876953 0.65625 0.884766 0.640625 0.859375 0.619141 0.853516 0.644531
0 0.21875 0.650391 0.244141 0.683594 0.244141 0.714844 0.207031 0.759766 0.207031 0.759766 0.115234 0.75 0.142578 0.671875 0.199219 0.646484 0.21875 0.650391 0.210938 0.658203 0.160156 0.669922 0.123047 0.738281 0.15625 0.751953 0.201172 0.75 0.201172 0.75 0.236328 0.707031 0.210938 0.658203
0 0.466797 0.765625 0.462891 0.722656 0.5 0.669922 0.535156 0.673828 0.548828 0.683594 0.552734 0.726562 0.533203 0.769531 0.5 0.783203 0.5 0.783203 0.466797 0.765625 0.474609 0.757812 0.494141 0.773438 0.494141 0.773438 0.523438 0.763672 0.541016 0.734375 0.535156 0.685547 0.492188 0.693359 0.474609 0.71875 0.474609 0.757812
0 0.595703 0.714844 0.632812 0.681641 0.660156 0.677734 0.681641 0.695312 0.685547 0.722656 0.660156 0.759766 0.625 0.775391 0.625 0.775391 0.591797 0.757812 0.595703 0.714844 0.603516 0.71875 0.599609 0.75 0.623047 0.765625 0.623047 0.765625 0.652344 0.751953 0.677734 0.714844 0.652344 0.685547 0.603516 0.71875
0 0.855469 0.677734 0.898438 0.677734 0.912109 0.734375 0.875 0.751953 0.875 0.751953 0.847656 0.751953 0.818359 0.703125 0.855469 0.677734 0.863281 0.689453 0.837891 0.703125 0.84375 0.724609 0.873047 0.734375 0.873047 0.734375 0.896484 0.722656 0.894531 0.697266 0.863281 0.689453
0 0.347656 0.705078 0.375 0.716797 0.404297 0.75 0.404297 0.773438 0.382812 0.794922 0.382812 0.794922 0.34375 0.791016 0.300781 0.755859 0.291016 0.746094 0.294922 0.714844 0.347656 0.705078 0.34375 0.712891 0.298828 0.726562 0.332031 0.771484 0.376953 0.785156 0.376953 0.785156 0.396484 0.757812 0.375 0.728516 0.34375 0.712891
0 0 0.796875 0 0.720703 0.03125 0.720703 0.0527344 0.738281 0.0605469 0.792969 0.046875 0.802734 0.046875 0.802734 0 0.796875 0.00585938 0.789062 0.0410156 0.792969 0.0410156 0.792969 0.0527344 0.785156 0.0410156 0.738281 0.0078125 0.728516 0.00585938 0.789062
0 0.775391 0.835938 0.722656 0.873047 0.722656 0.873047 0.662109 0.855469 0.658203 0.78125 0.707031 0.744141 0.738281 0.736328 0.767578 0.785156 0.775391 0.835938 0.767578 0.832031 0.734375 0.748047 0.669922 0.8125 0.677734 0.855469 0.720703 0.863281 0.720703 0.863281 0.767578 0.832031
0 0.873047 0.867188 0.861328 0.8125 0.867188 0.783203 0.917969 0.767578 0.955078 0.800781 0.966797 0.820312 0.957031 0.880859 0.957031 0.880859 0.873047 0.867188 0.880859 0.859375 0.951172 0.871094 0.951172 0.871094 0.951172 0.8125 0.929688 0.791016 0.886719 0.787109 0.880859 0.859375
0 0.125 0.873047 0.09375 0.869141 0.0722656 0.851562 0.0722656 0.816406 0.0898438 0.794922 0.121094 0.791016 0.154297 0.816406 0.150391 0.855469 0.125 0.873047 0.125 0.873047 0.123047 0.863281 0.142578 0.847656 0.146484 0.824219 0.121094 0.802734 0.0976562 0.802734 0.0800781 0.84375 0.123047 0.863281 0.123047 0.863281
0 0.238281 0.806641 0.275391 0.828125 0.287109 0.847656 0.28125 0.869141 0.28125 0.869141 0.164062 0.865234 0.162109 0.84375 0.195312 0.806641 0.238281 0.806641 0.234375 0.814453 0.195312 0.818359 0.169922 0.851562 0.275391 0.859375 0.275391 0.859375 0.275391 0.84375 0.234375 0.814453
