0 0.601562 0.716797 0.542969 0.755859 0.542969 0.755859 0.460938 0.732422 0.447266 0.691406 0.480469 0.630859 0.570312 0.615234 0.623047 0.648438 0.623047 0.679688 0.601562 0.716797 0.591797 0.691406 0.595703 0.664062 0.585938 0.654297 0.515625 0.646484 0.478516 0.675781 0.476562 0.708984 0.515625 0.724609 0.548828 0.722656 0.548828 0.722656 0.591797 0.691406
0 0.3125 0.763672 0.291016 0.742188 0.291016 0.714844 0.316406 0.681641 0.355469 0.677734 0.400391 0.71875 0.400391 0.765625 0.363281 0.783203 0.363281 0.783203 0.3125 0.763672 0.324219 0.740234 0.376953 0.753906 0.376953 0.753906 0.384766 0.742188 0.371094 0.720703 0.335938 0.705078 0.322266 0.710938 0.324219 0.740234
0 0.3125 0.787109 0.347656 0.787109 0.376953 0.8125 0.376953 0.890625 0.347656 0.927734 0.296875 0.947266 0.296875 0.947266 0.244141 0.917969 0.232422 0.894531 0.236328 0.859375 0.261719 0.814453 0.3125 0.787109 0.3125 0.814453 0.308594 0.833984 0.267578 0.851562 0.259766 0.886719 0.294922 0.917969 0.294922 0.917969 0.349609 0.894531 0.347656 0.814453 0.3125 0.814453
0 0.953125 0.998047 0.839844 0.998047 0.822266 0.960938 0.818359 0.886719 0.847656 0.845703 0.898438 0.814453 0.9375 0.798828 0.980469 0.798828 0.994141 0.804688 0.996094 0.857422 0.972656 0.826172 0.925781 0.830078 0.859375 0.869141 0.841797 0.914062 0.853516 0.980469 0.914062 0.986328 0.974609 0.945312 0.996094 0.861328 0.998047 0.953125 0.953125 0.998047
0 0.0683594 0.898438 0.0605469 0.855469 0.101562 0.814453 0.160156 0.810547 0.181641 0.839844 0.173828 0.878906 0.144531 0.912109 0.121094 0.919922 0.121094 0.919922 0.0898438 0.916016 0.0683594 0.898438 0.0878906 0.886719 0.115234 0.890625 0.115234 0.890625 0.150391 0.863281 0.148438 0.833984 0.0917969 0.847656 0.0878906 0.886719
0 0.126953 0.845703 0.00390625 0.00390625
0 0.00390625 0.947266 0 0.878906 0.0078125 0.873047 0.0292969 0.898438 0.0253906 0.933594 0.00390625 0.947266
0 0.75 0.998047 0.699219 0.998047 0.691406 0.986328 0.621094 0.998047 0.619141 0.988281 0.632812 0.966797 0.652344 0.970703 0.671875 0.955078 0.710938 0.962891 0.75 0.998047
0 0.246094 0.998047 0.130859 0.996094 0.179688 0.970703 0.207031 0.970703 0.246094 0.998047
0 0.904297 0.982422 0.00390625 0.00390625
