0 0.0117188 0.0488281 0 0.0390625 0.015625 0.0371094 0.0546875 0 0.0527344 0.0195312 0.0117188 0.0488281
0 0.183594 0.0449219 0.136719 0.0410156 0.0917969 0 0.109375 0 0.144531 0.0332031 0.175781 0.0371094 0.193359 0.0234375 0.189453 0 0.199219 0 0.205078 0.0234375 0.183594 0.0449219
0 0.359375 0 0.373047 0.0273438 0.355469 0.0449219 0.355469 0.0449219 0.308594 0.0371094 0.298828 0 0.359375 0 0.351562 0.00585938 0.310547 0.00390625 0.320312 0.0332031 0.353516 0.0351562 0.353516 0.0351562 0.365234 0.0195312 0.351562 0.00585938
0 0.425781 0.00585938 0.412109 0 0.429688 0 0.425781 0.00585938
0 0.519531 0 0.525391 0.03125 0.511719 0.0488281 0.511719 0.0488281 0.460938 0.0410156 0.458984 0.0078125 0.46875 0 0.519531 0 0.507812 0.00195312 0.484375 0.00195312 0.462891 0.0234375 0.494141 0.0390625 0.494141 0.0390625 0.509766 0.0195312 0.507812 0.00195312
0 0.828125 0.0683594 0.806641 0.0585938 0.798828 0 0.814453 0 0.810547 0.0390625 0.824219 0.0605469 0.859375 0.0566406 0.894531 0 0.892578 0.03125 0.873047 0.0585938 0.828125 0.0683594
0 0.996094 0.0292969 0.964844 0.0214844 0.955078 0 0.980469 0.0136719 0.996094 0 0.996094 0.0292969
0 0.673828 0.0625 0.666016 0.105469 0.625 0.142578 0.625 0.142578 0.5625 0.142578 0.541016 0.125 0.537109 0.09375 0.570312 0.0410156 0.613281 0.0371094 0.673828 0.0625 0.666016 0.0703125 0.59375 0.0449219 0.568359 0.0585938 0.544922 0.105469 0.558594 0.130859 0.619141 0.132812 0.619141 0.132812 0.650391 0.109375 0.666016 0.0703125
0 0.355469 0.103516 0.345703 0.0703125 0.382812 0.0488281 0.449219 0.0488281 0.458984 0.0820312 0.433594 0.107422 0.433594 0.107422 0.355469 0.103516 0.363281 0.0957031 0.427734 0.0976562 0.427734 0.0976562 0.451172 0.0742188 0.441406 0.0566406 0.390625 0.0566406 0.353516 0.078125 0.363281 0.0957031
0 0.964844 0.154297 0.935547 0.152344 0.931641 0.0898438 0.953125 0.0605469 0.988281 0.0527344 0.996094 0.0683594 0.960938 0.0683594 0.939453 0.0976562 0.945312 0.146484 0.960938 0.146484 0.998047 0.113281 0.998047 0.128906 0.964844 0.154297
0 0.0078125 0.134766 0 0.128906 0.0332031 0.105469 0.0332031 0.0898438 0 0.0722656 0 0.0605469 0.0410156 0.0820312 0.0410156 0.113281 0.0078125 0.134766
0 0.769531 0.0800781 0.806641 0.105469 0.814453 0.160156 0.742188 0.208984 0.742188 0.208984 0.716797 0.175781 0.701172 0.121094 0.742188 0.0839844 0.769531 0.0800781 0.761719 0.0878906 0.712891 0.125 0.728516 0.179688 0.744141 0.195312 0.744141 0.195312 0.806641 0.152344 0.791016 0.101562 0.761719 0.0878906
0 0 0.207031 0 0.164062 0.0234375 0.146484 0.0957031 0.164062 0.0917969 0.207031 0.0429688 0.232422 0.0429688 0.232422 0.0195312 0.232422 0 0.207031 0.00585938 0.203125 0.0234375 0.224609 0.0371094 0.222656 0.0371094 0.222656 0.0839844 0.199219 0.0820312 0.166016 0.03125 0.154297 0.00585938 0.171875 0.00585938 0.203125
0 0.34375 0.166016 0.410156 0.166016 0.416016 0.175781 0.412109 0.234375 0.378906 0.255859 0.378906 0.255859 0.355469 0.255859 0.326172 0.234375 0.322266 0.1875 0.34375 0.166016 0.347656 0.173828 0.330078 0.195312 0.333984 0.226562 0.351562 0.244141 0.373047 0.246094 0.373047 0.246094 0.404297 0.226562 0.402344 0.173828 0.347656 0.173828
0 0.996094 0.240234 0.966797 0.195312 0.976562 0.166016 0.998047 0.167969 0.996094 0.177734 0.974609 0.175781 0.996094 0.240234
0 0.519531 0.169922 0.544922 0.191406 0.552734 0.25 0.535156 0.275391 0.535156 0.275391 0.503906 0.275391 0.482422 0.261719 0.462891 0.230469 0.460938 0.181641 0.519531 0.169922 0.515625 0.177734 0.472656 0.185547 0.466797 0.207031 0.482422 0.246094 0.5 0.263672 0.529297 0.265625 0.529297 0.265625 0.544922 0.242188 0.537109 0.199219 0.515625 0.177734
0 0.175781 0.177734 0.189453 0.1875 0.189453 0.234375 0.177734 0.269531 0.152344 0.291016 0.152344 0.291016 0.130859 0.285156 0.119141 0.238281 0.150391 0.191406 0.175781 0.177734 0.171875 0.185547 0.126953 0.246094 0.150391 0.28125 0.150391 0.28125 0.181641 0.226562 0.181641 0.191406 0.171875 0.185547
0 0.880859 0.230469 0.904297 0.191406 0.933594 0.177734 0.951172 0.199219 0.955078 0.230469 0.917969 0.271484 0.917969 0.271484 0.880859 0.261719 0.880859 0.230469 0.888672 0.238281 0.892578 0.257812 0.912109 0.261719 0.912109 0.261719 0.947266 0.222656 0.925781 0.185547 0.888672 0.238281
0 0.28125 0.201172 0.302734 0.222656 0.302734 0.273438 0.28125 0.330078 0.28125 0.330078 0.246094 0.326172 0.220703 0.28125 0.224609 0.234375 0.246094 0.201172 0.28125 0.201172 0.277344 0.208984 0.257812 0.208984 0.232422 0.25 0.232422 0.285156 0.257812 0.322266 0.275391 0.320312 0.275391 0.320312 0.294922 0.269531 0.294922 0.230469 0.277344 0.208984
0 0.703125 0.216797 0.722656 0.216797 0.748047 0.25 0.740234 0.328125 0.722656 0.345703 0.722656 0.345703 0.683594 0.341797 0.658203 0.296875 0.666016 0.246094 0.703125 0.216797 0.707031 0.224609 0.673828 0.253906 0.666016 0.289062 0.720703 0.332031 0.720703 0.332031 0.740234 0.292969 0.740234 0.257812 0.707031 0.224609
0 0.798828 0.324219 0.794922 0.277344 0.804688 0.255859 0.835938 0.259766 0.873047 0.289062 0.880859 0.335938 0.867188 0.349609 0.867188 0.349609 0.8125 0.337891 0.798828 0.324219 0.806641 0.320312 0.865234 0.339844 0.865234 0.339844 0.865234 0.296875 0.828125 0.267578 0.808594 0.271484 0.806641 0.320312
0 0.0117188 0.376953 0 0.376953 0 0.363281 0.0078125 0.369141 0.0449219 0.339844 0.0488281 0.304688 0.0390625 0.283203 0 0.318359 0 0.300781 0.0351562 0.271484 0.0527344 0.28125 0.0566406 0.335938 0.0117188 0.376953
0 0.353516 0.378906 0.361328 0.320312 0.390625 0.279297 0.433594 0.279297 0.443359 0.292969 0.439453 0.328125 0.427734 0.351562 0.378906 0.388672 0.378906 0.388672 0.353516 0.378906 0.361328 0.371094 0.380859 0.375 0.380859 0.375 0.423828 0.339844 0.435547 0.3125 0.425781 0.287109 0.390625 0.291016 0.373047 0.316406 0.361328 0.371094
0 0.207031 0.404297 0.1875 0.404297 0.134766 0.359375 0.134766 0.335938 0.15625 0.310547 0.199219 0.302734 0.232422 0.332031 0.236328 0.367188 0.207031 0.404297 0.207031 0.404297 0.201172 0.394531 0.220703 0.371094 0.216797 0.339844 0.183594 0.310547 0.162109 0.328125 0.158203 0.367188 0.201172 0.394531 0.201172 0.394531
0 0.609375 0.310547 0.646484 0.335938 0.654297 0.398438 0.632812 0.416016 0.632812 0.416016 0.589844 0.400391 0.564453 0.375 0.556641 0.34375 0.578125 0.310547 0.609375 0.310547 0.601562 0.318359 0.578125 0.322266 0.572266 0.359375 0.630859 0.402344 0.630859 0.402344 0.646484 0.390625 0.638672 0.34375 0.601562 0.318359
0 0.527344 0.322266 0.541016 0.347656 0.519531 0.380859 0.519531 0.380859 0.472656 0.376953 0.470703 0.339844 0.527344 0.322266 0.519531 0.330078 0.474609 0.355469 0.488281 0.373047 0.513672 0.371094 0.513672 0.371094 0.533203 0.339844 0.519531 0.330078
0 0.271484 0.378906 0.304688 0.330078 0.332031 0.326172 0.333984 0.386719 0.300781 0.408203 0.300781 0.408203 0.28125 0.408203 0.271484 0.378906 0.279297 0.382812 0.291016 0.398438 0.291016 0.398438 0.326172 0.363281 0.320312 0.337891 0.279297 0.382812
0 0.09375 0.369141 0.113281 0.369141 0.130859 0.390625 0.132812 0.447266 0.132812 0.447266 0.0878906 0.429688 0.0839844 0.382812 0.09375 0.369141 0.101562 0.376953 0.0917969 0.414062 0.109375 0.435547 0.126953 0.4375 0.126953 0.4375 0.123047 0.398438 0.101562 0.376953
0 0.00585938 0.417969 0.0273438 0.388672 0.0546875 0.380859 0.0683594 0.425781 0.0429688 0.478516 0.0429688 0.478516 0.0253906 0.476562 0.00585938 0.417969 0.0136719 0.425781 0.0371094 0.46875 0.0371094 0.46875 0.0605469 0.417969 0.0429688 0.400391 0.0136719 0.425781
0 0.339844 0.443359 0.326172 0.417969 0.378906 0.400391 0.400391 0.417969 0.398438 0.443359 0.398438 0.443359 0.339844 0.443359 0.347656 0.435547 0.392578 0.433594 0.392578 0.433594 0.371094 0.408203 0.333984 0.425781 0.347656 0.435547
0 0.513672 0.457031 0.505859 0.507812 0.476562 0.521484 0.476562 0.521484 0.443359 0.507812 0.419922 0.457031 0.423828 0.4375 0.449219 0.416016 0.492188 0.423828 0.513672 0.457031 0.505859 0.460938 0.488281 0.439453 0.449219 0.431641 0.431641 0.457031 0.447266 0.496094 0.474609 0.511719 0.474609 0.511719 0.498047 0.5 0.505859 0.460938
0 0.199219 0.537109 0.166016 0.496094 0.166016 0.457031 0.183594 0.419922 0.246094 0.435547 0.275391 0.46875 0.267578 0.507812 0.230469 0.548828 0.230469 0.548828 0.199219 0.537109 0.207031 0.529297 0.228516 0.535156 0.228516 0.535156 0.251953 0.460938 0.238281 0.443359 0.1875 0.431641 0.173828 0.488281 0.207031 0.529297
0 0.560547 0.480469 0.578125 0.443359 0.644531 0.447266 0.673828 0.464844 0.673828 0.535156 0.648438 0.564453 0.648438 0.564453 0.605469 0.556641 0.572266 0.523438 0.560547 0.480469 0.568359 0.484375 0.580078 0.515625 0.617188 0.552734 0.646484 0.554688 0.646484 0.554688 0.662109 0.542969 0.673828 0.5 0.666016 0.472656 0.640625 0.455078 0.585938 0.451172 0.568359 0.484375
0 0.0898438 0.462891 0.134766 0.46875 0.138672 0.523438 0.128906 0.537109 0.128906 0.537109 0.0878906 0.527344 0.0800781 0.480469 0.0898438 0.462891 0.0976562 0.470703 0.0917969 0.511719 0.105469 0.529297 0.123047 0.527344 0.123047 0.527344 0.130859 0.480469 0.0976562 0.470703
0 0.328125 0.458984 0.371094 0.470703 0.412109 0.507812 0.392578 0.566406 0.371094 0.587891 0.371094 0.587891 0.320312 0.564453 0.294922 0.527344 0.294922 0.507812 0.328125 0.458984 0.332031 0.466797 0.302734 0.515625 0.306641 0.53125 0.332031 0.560547 0.369141 0.574219 0.369141 0.574219 0.404297 0.515625 0.367188 0.478516 0.332031 0.466797
0 0.996094 0.583984 0.978516 0.554688 0.996094 0.521484 0.996094 0.583984
0 0.804688 0.607422 0.779297 0.589844 0.783203 0.570312 0.828125 0.529297 0.859375 0.533203 0.888672 0.554688 0.884766 0.578125 0.847656 0.611328 0.847656 0.611328 0.804688 0.607422 0.808594 0.599609 0.841797 0.601562 0.841797 0.601562 0.876953 0.570312 0.876953 0.554688 0.851562 0.541016 0.820312 0.548828 0.791016 0.578125 0.808594 0.599609
0 0.703125 0.626953 0.677734 0.621094 0.673828 0.59375 0.707031 0.556641 0.730469 0.556641 0.736328 0.597656 0.703125 0.626953 0.703125 0.626953 0.701172 0.617188 0.728516 0.589844 0.722656 0.564453 0.685547 0.597656 0.685547 0.613281 0.701172 0.617188 0.701172 0.617188
0 0.123047 0.648438 0.117188 0.580078 0.144531 0.580078 0.169922 0.601562 0.173828 0.636719 0.15625 0.666016 0.15625 0.666016 0.123047 0.648438 0.130859 0.644531 0.150391 0.65625 0.150391 0.65625 0.166016 0.632812 0.162109 0.605469 0.125 0.587891 0.130859 0.644531
0 0.205078 0.632812 0.205078 0.605469 0.230469 0.576172 0.253906 0.576172 0.279297 0.617188 0.279297 0.636719 0.25 0.677734 0.25 0.677734 0.230469 0.673828 0.205078 0.632812 0.212891 0.625 0.244141 0.667969 0.244141 0.667969 0.263672 0.617188 0.234375 0.587891 0.212891 0.625
0 0.613281 0.583984 0.619141 0.628906 0.603516 0.6875 0.554688 0.716797 0.554688 0.716797 0.503906 0.712891 0.498047 0.699219 0.498047 0.65625 0.517578 0.601562 0.613281 0.583984 0.605469 0.591797 0.53125 0.607422 0.513672 0.636719 0.509766 0.703125 0.548828 0.707031 0.548828 0.707031 0.591797 0.667969 0.605469 0.591797
0 0.328125 0.595703 0.382812 0.595703 0.392578 0.617188 0.363281 0.646484 0.363281 0.646484 0.3125 0.646484 0.298828 0.625 0.328125 0.595703 0.332031 0.603516 0.310547 0.625 0.320312 0.638672 0.357422 0.636719 0.357422 0.636719 0.382812 0.607422 0.332031 0.603516
0 0.734375 0.619141 0.792969 0.619141 0.791016 0.691406 0.78125 0.708984 0.757812 0.716797 0.757812 0.716797 0.730469 0.716797 0.716797 0.703125 0.705078 0.640625 0.734375 0.619141 0.746094 0.630859 0.728516 0.652344 0.732422 0.695312 0.748047 0.703125 0.748047 0.703125 0.783203 0.660156 0.787109 0.636719 0.777344 0.626953 0.746094 0.630859
0 0.949219 0.634766 0.974609 0.683594 0.949219 0.716797 0.921875 0.728516 0.921875 0.728516 0.878906 0.712891 0.841797 0.671875 0.837891 0.648438 0.890625 0.623047 0.949219 0.634766 0.933594 0.638672 0.910156 0.630859 0.853516 0.660156 0.886719 0.697266 0.935547 0.707031 0.935547 0.707031 0.955078 0.6875 0.955078 0.660156 0.933594 0.638672
0 0.384766 0.691406 0.384766 0.65625 0.398438 0.642578 0.421875 0.642578 0.439453 0.660156 0.443359 0.707031 0.425781 0.720703 0.425781 0.720703 0.384766 0.691406 0.392578 0.683594 0.423828 0.703125 0.423828 0.703125 0.431641 0.679688 0.40625 0.650391 0.392578 0.683594
0 0.642578 0.667969 0.652344 0.646484 0.671875 0.646484 0.677734 0.679688 0.660156 0.712891 0.660156 0.712891 0.642578 0.703125 0.642578 0.667969 0.650391 0.671875 0.658203 0.699219 0.658203 0.699219 0.667969 0.654297 0.650391 0.671875
0 0.324219 0.658203 0.357422 0.699219 0.357422 0.726562 0.332031 0.751953 0.332031 0.751953 0.300781 0.748047 0.275391 0.714844 0.275391 0.691406 0.3125 0.658203 0.324219 0.658203 0.320312 0.669922 0.294922 0.699219 0.298828 0.726562 0.310547 0.730469 0.310547 0.730469 0.337891 0.714844 0.320312 0.669922
0 0.126953 0.6875 0.144531 0.673828 0.183594 0.673828 0.185547 0.6875 0.15625 0.708984 0.15625 0.708984 0.128906 0.705078 0.126953 0.6875 0.134766 0.691406 0.154297 0.699219 0.154297 0.699219 0.173828 0.683594 0.134766 0.691406
0 0.201172 0.773438 0.201172 0.734375 0.230469 0.705078 0.267578 0.746094 0.267578 0.78125 0.246094 0.806641 0.246094 0.806641 0.226562 0.806641 0.201172 0.773438 0.208984 0.765625 0.240234 0.796875 0.240234 0.796875 0.259766 0.765625 0.230469 0.716797 0.208984 0.742188 0.208984 0.765625
0 0.525391 0.761719 0.525391 0.804688 0.515625 0.814453 0.515625 0.814453 0.441406 0.802734 0.419922 0.777344 0.412109 0.738281 0.464844 0.720703 0.496094 0.728516 0.525391 0.761719 0.517578 0.769531 0.484375 0.732422 0.423828 0.742188 0.431641 0.777344 0.457031 0.802734 0.509766 0.804688 0.509766 0.804688 0.517578 0.769531
0 0.078125 0.939453 0.0390625 0.927734 0 0.894531 0 0.876953 0.0742188 0.931641 0.103516 0.875 0.0917969 0.800781 0.046875 0.767578 0.0351562 0.767578 0.00976562 0.804688 0 0.851562 0 0.808594 0.03125 0.748047 0.0859375 0.779297 0.111328 0.828125 0.107422 0.894531 0.078125 0.939453
0 0.904297 0.785156 0.904297 0.804688 0.871094 0.830078 0.871094 0.830078 0.818359 0.816406 0.814453 0.777344 0.835938 0.755859 0.882812 0.759766 0.904297 0.785156 0.896484 0.789062 0.875 0.767578 0.851562 0.767578 0.833984 0.796875 0.865234 0.820312 0.865234 0.820312 0.896484 0.789062
0 0.996094 0.857422 0.980469 0.857422 0.955078 0.832031 0.964844 0.771484 0.988281 0.767578 0.998047 0.777344 0.972656 0.779297 0.962891 0.792969 0.966797 0.832031 0.996094 0.845703 0.996094 0.857422
0 0.332031 0.916016 0.289062 0.904297 0.259766 0.855469 0.308594 0.814453 0.355469 0.806641 0.392578 0.859375 0.367188 0.896484 0.332031 0.916016 0.332031 0.916016 0.330078 0.90625 0.376953 0.871094 0.369141 0.839844 0.351562 0.826172 0.296875 0.833984 0.271484 0.855469 0.296875 0.896484 0.330078 0.90625 0.330078 0.90625
0 0.21875 0.822266 0.240234 0.839844 0.232422 0.886719 0.203125 0.912109 0.203125 0.912109 0.158203 0.890625 0.158203 0.855469 0.183594 0.822266 0.21875 0.822266 0.214844 0.830078 0.1875 0.837891 0.166016 0.863281 0.166016 0.882812 0.201172 0.902344 0.201172 0.902344 0.232422 0.859375 0.214844 0.830078
0 0.582031 0.939453 0.564453 0.925781 0.556641 0.898438 0.572266 0.855469 0.613281 0.822266 0.675781 0.822266 0.673828 0.90625 0.660156 0.927734 0.625 0.939453 0.625 0.939453 0.582031 0.939453 0.585938 0.931641 0.623047 0.929688 0.623047 0.929688 0.648438 0.923828 0.669922 0.886719 0.673828 0.851562 0.640625 0.833984 0.589844 0.845703 0.568359 0.890625 0.568359 0.914062 0.585938 0.931641
0 0.833984 0.890625 0.867188 0.861328 0.917969 0.845703 0.939453 0.871094 0.935547 0.902344 0.917969 0.927734 0.882812 0.947266 0.882812 0.947266 0.837891 0.933594 0.833984 0.890625 0.841797 0.894531 0.845703 0.925781 0.876953 0.9375 0.876953 0.9375 0.919922 0.910156 0.931641 0.878906 0.917969 0.857422 0.878906 0.865234 0.841797 0.894531
0 0.744141 0.933594 0.744141 0.902344 0.765625 0.884766 0.802734 0.914062 0.802734 0.945312 0.78125 0.966797 0.78125 0.966797 0.765625 0.966797 0.744141 0.933594 0.751953 0.925781 0.775391 0.957031 0.775391 0.957031 0.791016 0.945312 0.794922 0.921875 0.769531 0.896484 0.751953 0.910156 0.751953 0.925781
0 0.5 0.998047 0.490234 0.992188 0.505859 0.941406 0.460938 0.904297 0.447266 0.910156 0.435547 0.957031 0.435547 0.976562 0.455078 0.996094 0.441406 0.998047 0.423828 0.976562 0.423828 0.945312 0.445312 0.896484 0.480469 0.896484 0.517578 0.925781 0.5 0.998047
0 0.714844 0.919922 0.724609 0.929688 0.724609 0.96875 0.710938 0.990234 0.710938 0.990234 0.6875 0.990234 0.669922 0.972656 0.679688 0.923828 0.714844 0.919922 0.707031 0.927734 0.677734 0.941406 0.681641 0.972656 0.701172 0.980469 0.701172 0.980469 0.716797 0.957031 0.707031 0.927734
0 0.992188 0.998047 0.953125 0.966797 0.900391 0.996094 0.933594 0.955078 0.949219 0.955078 0.980469 0.974609 0.992188 0.998047
0 0.351562 0.998047 0.320312 0.974609 0.289062 0.998047 0.263672 0.996094 0.324219 0.966797 0.353516 0.988281 0.351562 0.998047
0 0.0703125 0.998047 0.00585938 0.992188 0.0351562 0.982422 0.0703125 0.998047
0 0.621094 0.998047 0.599609 0.996094 0.621094 0.998047
