0 0 0.0214844 0.00390625 0 0 0.0214844
0 0.0078125 0.0644531 0 0.0351562 0.0429688 0 0.0625 0 0.0722656 0.0117188 0.03125 0.0566406 0.0078125 0.0644531
0 0.0839844 0.015625 0.105469 0 0.1875 0 0.193359 0.0390625 0.181641 0.0625 0.144531 0.107422 0.117188 0.115234 0.117188 0.115234 0.0957031 0.105469 0.0800781 0.0664062 0.0839844 0.015625 0.107422 0.0273438 0.115234 0.0859375 0.126953 0.0859375 0.126953 0.0859375 0.162109 0.0429688 0.15625 0.0136719 0.136719 0.00976562 0.107422 0.0273438
0 0.304688 0.0996094 0.244141 0.0859375 0.220703 0.0429688 0.222656 0 0.251953 0 0.244141 0.0390625 0.285156 0.0761719 0.314453 0.0507812 0.302734 0 0.333984 0 0.341797 0.0585938 0.304688 0.0996094
0 0.298828 0.00195312 0.00390625 0.00390625
0 0.511719 0.00585938 0.482422 0 0.521484 0 0.511719 0.00585938
0 0.742188 0.0957031 0.701172 0.0664062 0.708984 0 0.736328 0 0.724609 0.0507812 0.757812 0.0683594 0.802734 0.03125 0.806641 0.0078125 0.791016 0 0.828125 0 0.830078 0.03125 0.814453 0.0625 0.78125 0.0878906 0.742188 0.0957031
0 0.00195312 0.0292969 0.00390625 0.00390625
0 0.669922 0.152344 0.669922 0.171875 0.636719 0.212891 0.585938 0.228516 0.585938 0.228516 0.503906 0.220703 0.482422 0.183594 0.482422 0.140625 0.519531 0.0917969 0.578125 0.0605469 0.601562 0.0605469 0.605469 0.0878906 0.683594 0.111328 0.689453 0.144531 0.669922 0.152344 0.646484 0.152344 0.625 0.123047 0.5625 0.115234 0.550781 0.103516 0.513672 0.132812 0.515625 0.189453 0.546875 0.201172 0.603516 0.199219 0.603516 0.199219 0.646484 0.152344
0 0.208984 0.28125 0.208984 0.183594 0.289062 0.138672 0.375 0.146484 0.392578 0.164062 0.392578 0.183594 0.353516 0.28125 0.320312 0.310547 0.253906 0.318359 0.253906 0.318359 0.208984 0.28125 0.232422 0.269531 0.246094 0.287109 0.298828 0.289062 0.298828 0.289062 0.326172 0.273438 0.353516 0.222656 0.365234 0.179688 0.347656 0.162109 0.236328 0.238281 0.232422 0.269531
0 0.140625 0.279297 0.109375 0.279297 0.0839844 0.257812 0.0800781 0.199219 0.117188 0.166016 0.175781 0.162109 0.205078 0.191406 0.205078 0.214844 0.189453 0.242188 0.140625 0.279297 0.140625 0.279297 0.130859 0.253906 0.177734 0.207031 0.160156 0.185547 0.107422 0.207031 0.111328 0.246094 0.130859 0.253906 0.130859 0.253906
0 0.015625 0.283203 0 0.28125 0 0.257812 0.0253906 0.242188 0.0371094 0.214844 0.0234375 0.201172 0 0.203125 0 0.173828 0.046875 0.181641 0.0683594 0.214844 0.0566406 0.246094 0.015625 0.283203
0 0.302734 0.283203 0.00390625 0.00390625
0 0.912109 0.398438 0.898438 0.431641 0.839844 0.451172 0.839844 0.451172 0.806641 0.4375 0.806641 0.375 0.845703 0.308594 0.886719 0.291016 0.919922 0.328125 0.912109 0.398438 0.884766 0.398438 0.896484 0.351562 0.878906 0.322266 0.837891 0.363281 0.845703 0.367188 0.826172 0.398438 0.837891 0.421875 0.837891 0.421875 0.875 0.416016 0.884766 0.398438
0 0.644531 0.560547 0.607422 0.546875 0.587891 0.5 0.589844 0.380859 0.605469 0.373047 0.683594 0.388672 0.751953 0.46875 0.759766 0.5 0.748047 0.53125 0.699219 0.572266 0.699219 0.572266 0.648438 0.572266 0.644531 0.560547 0.660156 0.544922 0.689453 0.542969 0.689453 0.542969 0.708984 0.492188 0.701172 0.457031 0.613281 0.408203 0.619141 0.515625 0.660156 0.544922
0 0.00195312 0.408203 0.00390625 0.00390625
0 0.541016 0.484375 0.537109 0.550781 0.511719 0.572266 0.472656 0.580078 0.472656 0.580078 0.416016 0.554688 0.412109 0.476562 0.4375 0.447266 0.515625 0.447266 0.541016 0.484375 0.517578 0.492188 0.503906 0.474609 0.443359 0.476562 0.435547 0.539062 0.470703 0.554688 0.470703 0.554688 0.509766 0.542969 0.517578 0.492188
0 0.744141 0.458984 0.00390625 0.00390625
0 0.841797 0.519531 0.886719 0.490234 0.996094 0.498047 0.990234 0.628906 0.964844 0.666016 0.875 0.697266 0.875 0.697266 0.847656 0.693359 0.830078 0.675781 0.841797 0.519531 0.861328 0.539062 0.869141 0.59375 0.857422 0.664062 0.880859 0.667969 0.880859 0.667969 0.890625 0.638672 0.955078 0.609375 0.947266 0.597656 0.978516 0.546875 0.96875 0.533203 0.929688 0.533203 0.894531 0.517578 0.861328 0.539062
0 0.0390625 0.556641 0.117188 0.533203 0.158203 0.566406 0.173828 0.605469 0.169922 0.65625 0.136719 0.689453 0.136719 0.689453 0.0976562 0.689453 0.0371094 0.65625 0.0214844 0.597656 0.0390625 0.556641 0.0585938 0.572266 0.0488281 0.605469 0.0566406 0.636719 0.119141 0.664062 0.119141 0.664062 0.142578 0.648438 0.142578 0.589844 0.109375 0.560547 0.0703125 0.580078 0.0585938 0.572266
0 0.761719 0.591797 0.791016 0.636719 0.779297 0.6875 0.738281 0.736328 0.691406 0.748047 0.691406 0.748047 0.660156 0.748047 0.638672 0.730469 0.642578 0.671875 0.658203 0.640625 0.710938 0.595703 0.761719 0.591797 0.753906 0.615234 0.707031 0.630859 0.677734 0.660156 0.658203 0.707031 0.685547 0.722656 0.685547 0.722656 0.738281 0.701172 0.759766 0.671875 0.763672 0.632812 0.753906 0.615234
0 0.896484 0.693359 0.00390625 0.00390625
0 0.4375 0.701172 0.484375 0.708984 0.509766 0.738281 0.498047 0.796875 0.476562 0.826172 0.425781 0.841797 0.425781 0.841797 0.382812 0.841797 0.369141 0.828125 0.369141 0.761719 0.398438 0.716797 0.4375 0.701172 0.441406 0.728516 0.404297 0.75 0.388672 0.785156 0.392578 0.8125 0.423828 0.8125 0.423828 0.8125 0.470703 0.789062 0.476562 0.736328 0.441406 0.728516
0 0.748047 0.816406 0.755859 0.789062 0.744141 0.773438 0.753906 0.740234 0.8125 0.740234 0.849609 0.757812 0.880859 0.808594 0.873047 0.859375 0.859375 0.865234 0.859375 0.865234 0.800781 0.865234 0.759766 0.839844 0.748047 0.816406 0.775391 0.8125 0.796875 0.833984 0.841797 0.839844 0.841797 0.839844 0.853516 0.835938 0.845703 0.792969 0.816406 0.767578 0.78125 0.763672 0.775391 0.8125
0 0.996094 0.912109 0.966797 0.878906 0.970703 0.8125 0.996094 0.759766 0.996094 0.912109
0 0.617188 0.873047 0.644531 0.869141 0.701172 0.894531 0.708984 0.9375 0.691406 0.998047 0.691406 0.998047 0.585938 0.998047 0.548828 0.964844 0.556641 0.957031 0.541016 0.902344 0.589844 0.849609 0.617188 0.873047 0.589844 0.892578 0.572266 0.925781 0.609375 0.962891 0.642578 0.976562 0.642578 0.976562 0.666016 0.957031 0.658203 0.910156 0.589844 0.892578
0 0.984375 0.998047 0.964844 0.998047 0.962891 0.988281 0.996094 0.935547 0.998047 0.980469 0.984375 0.998047
0 0.480469 0.998047 0.445312 0.998047 0.421875 0.982422 0.414062 0.998047 0.384766 0.996094 0.414062 0.947266 0.441406 0.943359 0.455078 0.976562 0.480469 0.998047
0 0.556641 0.974609 0.00390625 0.00390625
