0 0.117188 0.0957031 0.0449219 0.0507812 0.0351562 0 0.0527344 0.0429688 0.109375 0.0800781 0.138672 0.03125 0.142578 0 0.154297 0 0.117188 0.0957031
0 0.511719 0.0292969 0.458984 0 0.507812 0.0214844 0.548828 0 0.535156 0.0214844 0.511719 0.0292969
0 0.632812 0.0605469 0.605469 0.0605469 0.576172 0.0429688 0.585938 0 0.583984 0.0273438 0.613281 0.0527344 0.646484 0.0390625 0.634766 0 0.650391 0.00390625 0.654297 0.046875 0.632812 0.0605469
0 0.746094 0.0214844 0.726562 0.0214844 0.705078 0 0.738281 0.0136719 0.75 0 0.755859 0.0117188 0.746094 0.0214844
0 0.785156 0.0136719 0.767578 0 0.802734 0 0.785156 0.0136719
0 0.902344 0.0722656 0.886719 0.0722656 0.865234 0.0507812 0.865234 0 0.876953 0.046875 0.894531 0.0644531 0.945312 0 0.923828 0.0546875 0.902344 0.0722656
0 0.751953 0.0390625 0.789062 0.0175781 0.791016 0.0546875 0.773438 0.0839844 0.773438 0.0839844 0.755859 0.078125 0.751953 0.0390625 0.759766 0.046875 0.771484 0.0703125 0.771484 0.0703125 0.78125 0.0292969 0.759766 0.046875
0 0.392578 0.0820312 0.380859 0.0390625 0.390625 0.0214844 0.441406 0.0214844 0.466797 0.0390625 0.478516 0.0898438 0.460938 0.111328 0.460938 0.111328 0.392578 0.0820312 0.400391 0.0742188 0.429688 0.0957031 0.458984 0.0976562 0.458984 0.0976562 0.470703 0.0820312 0.458984 0.046875 0.433594 0.0292969 0.398438 0.0292969 0.400391 0.0742188
0 0.996094 0.0722656 0.996094 0.0292969 0.996094 0.0722656
0 0.794922 0.109375 0.804688 0.0371094 0.849609 0.0625 0.845703 0.105469 0.828125 0.130859 0.828125 0.130859 0.794922 0.109375 0.802734 0.101562 0.822266 0.121094 0.822266 0.121094 0.841797 0.0703125 0.8125 0.0449219 0.802734 0.101562
0 0.964844 0.0410156 0.978516 0.0625 0.957031 0.130859 0.957031 0.130859 0.923828 0.101562 0.916016 0.078125 0.945312 0.0410156 0.964844 0.0410156 0.957031 0.0488281 0.927734 0.0742188 0.927734 0.0898438 0.955078 0.117188 0.955078 0.117188 0.970703 0.0820312 0.957031 0.0488281
0 0.675781 0.0449219 0.703125 0.0488281 0.720703 0.0664062 0.720703 0.113281 0.707031 0.134766 0.707031 0.134766 0.691406 0.130859 0.677734 0.105469 0.675781 0.0449219 0.683594 0.0527344 0.681641 0.0898438 0.705078 0.121094 0.705078 0.121094 0.712891 0.0742188 0.683594 0.0527344
0 0.519531 0.111328 0.509766 0.101562 0.513672 0.0664062 0.570312 0.0761719 0.580078 0.0859375 0.570312 0.111328 0.570312 0.111328 0.519531 0.111328 0.527344 0.103516 0.564453 0.101562 0.564453 0.101562 0.572266 0.09375 0.5625 0.0839844 0.521484 0.0742188 0.527344 0.103516
0 0.867188 0.0800781 0.902344 0.0839844 0.923828 0.121094 0.923828 0.148438 0.886719 0.166016 0.886719 0.166016 0.867188 0.166016 0.845703 0.136719 0.867188 0.0800781 0.875 0.0878906 0.853516 0.121094 0.880859 0.15625 0.880859 0.15625 0.916016 0.140625 0.912109 0.113281 0.890625 0.0878906 0.875 0.0878906
0 0.609375 0.0839844 0.664062 0.0917969 0.669922 0.121094 0.640625 0.138672 0.640625 0.138672 0.597656 0.130859 0.587891 0.121094 0.591797 0.09375 0.609375 0.0839844 0.613281 0.0917969 0.599609 0.101562 0.605469 0.123047 0.638672 0.128906 0.638672 0.128906 0.662109 0.113281 0.65625 0.0996094 0.613281 0.0917969
0 0.273438 0.154297 0.267578 0.121094 0.316406 0.0957031 0.34375 0.0996094 0.361328 0.132812 0.332031 0.158203 0.332031 0.158203 0.273438 0.154297 0.28125 0.146484 0.310547 0.144531 0.310547 0.144531 0.345703 0.125 0.320312 0.111328 0.275391 0.128906 0.28125 0.146484
0 0.566406 0.173828 0.527344 0.169922 0.521484 0.136719 0.550781 0.123047 0.589844 0.130859 0.591797 0.148438 0.566406 0.173828 0.566406 0.173828 0.564453 0.164062 0.582031 0.138672 0.558594 0.130859 0.529297 0.144531 0.535156 0.162109 0.564453 0.164062 0.564453 0.164062
0 0.716797 0.148438 0.730469 0.130859 0.753906 0.130859 0.771484 0.160156 0.757812 0.201172 0.757812 0.201172 0.724609 0.1875 0.716797 0.148438 0.724609 0.15625 0.728516 0.171875 0.742188 0.189453 0.755859 0.1875 0.755859 0.1875 0.763672 0.167969 0.738281 0.138672 0.724609 0.15625
0 0.488281 0.142578 0.505859 0.160156 0.509766 0.210938 0.496094 0.232422 0.496094 0.232422 0.457031 0.224609 0.423828 0.195312 0.427734 0.164062 0.445312 0.146484 0.488281 0.142578 0.490234 0.222656 0.457031 0.212891 0.435547 0.191406 0.474609 0.246094 0.527344 0.224609 0.529297 0.253906 0.519531 0.244141 0.490234 0.257812 0.509766 0.257812 0.509766 0.257812 0.519531 0.244141 0.529297 0.253906 0.503906 0.271484 0.503906 0.271484 0.476562 0.267578 0.474609 0.246094 0.435547 0.191406 0.445312 0.158203 0.480469 0.150391 0.501953 0.171875 0.490234 0.222656 0.490234 0.222656
0 0.691406 0.197266 0.669922 0.191406 0.679688 0.150391 0.708984 0.160156 0.708984 0.183594 0.691406 0.197266 0.691406 0.197266 0.685547 0.1875 0.6875 0.162109 0.677734 0.171875 0.685547 0.1875 0.685547 0.1875
0 0.953125 0.197266 0.914062 0.193359 0.904297 0.171875 0.933594 0.154297 0.964844 0.158203 0.970703 0.183594 0.953125 0.197266 0.953125 0.197266 0.951172 0.1875 0.962891 0.175781 0.949219 0.162109 0.916016 0.175781 0.929688 0.189453 0.951172 0.1875 0.951172 0.1875
0 0.599609 0.183594 0.652344 0.181641 0.662109 0.195312 0.652344 0.228516 0.652344 0.228516 0.613281 0.224609 0.595703 0.207031 0.599609 0.183594 0.607422 0.191406 0.625 0.220703 0.646484 0.21875 0.646484 0.21875 0.654297 0.203125 0.640625 0.185547 0.607422 0.191406
0 0.796875 0.185547 0.867188 0.185547 0.880859 0.199219 0.880859 0.226562 0.828125 0.255859 0.828125 0.255859 0.769531 0.248047 0.767578 0.21875 0.796875 0.185547 0.804688 0.193359 0.787109 0.207031 0.775391 0.230469 0.822266 0.246094 0.822266 0.246094 0.873047 0.21875 0.859375 0.193359 0.804688 0.193359
0 0.369141 0.242188 0.386719 0.220703 0.417969 0.220703 0.443359 0.238281 0.447266 0.28125 0.425781 0.298828 0.425781 0.298828 0.369141 0.292969 0.369141 0.242188 0.376953 0.246094 0.376953 0.277344 0.386719 0.291016 0.419922 0.289062 0.419922 0.289062 0.439453 0.273438 0.439453 0.25 0.414062 0.228516 0.394531 0.228516 0.376953 0.246094
0 0.269531 0.380859 0.21875 0.369141 0.181641 0.335938 0.177734 0.273438 0.207031 0.244141 0.257812 0.259766 0.279297 0.285156 0.269531 0.380859 0.269531 0.380859 0.263672 0.371094 0.271484 0.347656 0.259766 0.351562 0.255859 0.28125 0.234375 0.263672 0.203125 0.259766 0.189453 0.308594 0.238281 0.369141 0.263672 0.371094 0.263672 0.371094
0 0.546875 0.302734 0.529297 0.300781 0.529297 0.277344 0.544922 0.246094 0.5625 0.244141 0.546875 0.302734 0.546875 0.302734 0.541016 0.292969 0.550781 0.255859 0.541016 0.292969 0.541016 0.292969
0 0.699219 0.251953 0.730469 0.251953 0.744141 0.265625 0.751953 0.300781 0.738281 0.318359 0.738281 0.318359 0.693359 0.300781 0.689453 0.261719 0.699219 0.251953 0.703125 0.259766 0.701172 0.292969 0.732422 0.308594 0.732422 0.308594 0.744141 0.296875 0.736328 0.273438 0.703125 0.259766
0 0.345703 0.277344 0.345703 0.3125 0.332031 0.326172 0.332031 0.326172 0.308594 0.326172 0.298828 0.3125 0.308594 0.259766 0.345703 0.277344 0.337891 0.28125 0.316406 0.267578 0.310547 0.3125 0.326172 0.316406 0.326172 0.316406 0.337891 0.28125
0 0.623047 0.335938 0.626953 0.269531 0.667969 0.255859 0.673828 0.3125 0.644531 0.345703 0.644531 0.345703 0.623047 0.335938 0.630859 0.328125 0.646484 0.332031 0.646484 0.332031 0.666016 0.304688 0.660156 0.263672 0.630859 0.296875 0.630859 0.328125
0 0.898438 0.263672 0.949219 0.263672 0.978516 0.289062 0.990234 0.339844 0.982422 0.371094 0.960938 0.388672 0.960938 0.388672 0.921875 0.380859 0.892578 0.355469 0.884766 0.289062 0.898438 0.263672 0.90625 0.271484 0.892578 0.308594 0.900391 0.332031 0.9375 0.369141 0.962891 0.375 0.962891 0.375 0.982422 0.332031 0.970703 0.296875 0.941406 0.271484 0.90625 0.271484
0 0.880859 0.375 0.880859 0.390625 0.832031 0.427734 0.832031 0.427734 0.78125 0.412109 0.744141 0.363281 0.761719 0.337891 0.804688 0.314453 0.835938 0.322266 0.880859 0.375 0.873047 0.382812 0.839844 0.337891 0.804688 0.326172 0.755859 0.363281 0.792969 0.404297 0.818359 0.414062 0.818359 0.414062 0.873047 0.382812
0 0.423828 0.339844 0.4375 0.318359 0.509766 0.328125 0.525391 0.382812 0.5 0.404297 0.5 0.404297 0.464844 0.404297 0.427734 0.375 0.423828 0.339844 0.431641 0.339844 0.439453 0.375 0.472656 0.396484 0.498047 0.394531 0.498047 0.394531 0.517578 0.375 0.501953 0.335938 0.445312 0.326172 0.431641 0.339844
0 0.314453 0.417969 0.318359 0.386719 0.363281 0.337891 0.412109 0.394531 0.412109 0.417969 0.375 0.455078 0.375 0.455078 0.34375 0.455078 0.314453 0.417969 0.322266 0.410156 0.339844 0.439453 0.369141 0.445312 0.369141 0.445312 0.404297 0.402344 0.359375 0.353516 0.322266 0.410156
0 0.552734 0.359375 0.570312 0.349609 0.623047 0.367188 0.615234 0.394531 0.582031 0.416016 0.582031 0.416016 0.554688 0.412109 0.544922 0.394531 0.552734 0.359375 0.560547 0.363281 0.560547 0.402344 0.580078 0.40625 0.580078 0.40625 0.615234 0.375 0.585938 0.357422 0.560547 0.363281
0 0.722656 0.490234 0.660156 0.478516 0.630859 0.445312 0.65625 0.361328 0.728516 0.394531 0.722656 0.490234 0.722656 0.490234 0.716797 0.480469 0.712891 0.40625 0.671875 0.376953 0.654297 0.445312 0.6875 0.478516 0.716797 0.480469 0.716797 0.480469
0 0.0449219 0.503906 0.0488281 0.417969 0.078125 0.384766 0.132812 0.369141 0.162109 0.417969 0.162109 0.449219 0.0859375 0.509766 0.0859375 0.509766 0.0449219 0.503906 0.0527344 0.5 0.0839844 0.5 0.0839844 0.5 0.154297 0.441406 0.150391 0.414062 0.109375 0.388672 0.0683594 0.414062 0.0566406 0.457031 0.0527344 0.5
0 0.925781 0.392578 0.955078 0.414062 0.955078 0.4375 0.9375 0.447266 0.9375 0.447266 0.880859 0.433594 0.902344 0.392578 0.925781 0.392578 0.921875 0.400391 0.888672 0.425781 0.931641 0.4375 0.931641 0.4375 0.947266 0.421875 0.921875 0.400391
0 0.464844 0.443359 0.496094 0.439453 0.525391 0.460938 0.507812 0.544922 0.507812 0.544922 0.458984 0.523438 0.464844 0.443359 0.46875 0.451172 0.466797 0.515625 0.501953 0.535156 0.501953 0.535156 0.517578 0.464844 0.492188 0.447266 0.46875 0.451172
0 0.943359 0.527344 0.960938 0.447266 0.972656 0.447266 0.994141 0.480469 0.994141 0.53125 0.980469 0.548828 0.980469 0.548828 0.960938 0.548828 0.943359 0.527344 0.951172 0.519531 0.974609 0.539062 0.974609 0.539062 0.986328 0.523438 0.986328 0.488281 0.96875 0.458984 0.951172 0.519531
0 0.166016 0.46875 0.179688 0.455078 0.232422 0.46875 0.224609 0.503906 0.199219 0.529297 0.199219 0.529297 0.175781 0.525391 0.166016 0.507812 0.166016 0.46875 0.173828 0.476562 0.177734 0.511719 0.193359 0.519531 0.193359 0.519531 0.220703 0.492188 0.224609 0.476562 0.210938 0.466797 0.173828 0.476562
0 0.285156 0.568359 0.259766 0.542969 0.271484 0.488281 0.371094 0.490234 0.373047 0.515625 0.353516 0.554688 0.3125 0.572266 0.3125 0.572266 0.285156 0.568359 0.292969 0.560547 0.322266 0.558594 0.322266 0.558594 0.345703 0.546875 0.365234 0.5 0.285156 0.490234 0.271484 0.507812 0.271484 0.542969 0.292969 0.560547
0 0 0.509766 0 0.494141 0 0.509766
0 0.798828 0.515625 0.804688 0.490234 0.832031 0.490234 0.853516 0.507812 0.855469 0.552734 0.855469 0.552734 0.832031 0.552734 0.798828 0.515625 0.849609 0.542969 0.806641 0.511719 0.8125 0.498047 0.849609 0.519531 0.837891 0.5625 0.765625 0.529297 0.746094 0.533203 0.755859 0.589844 0.763672 0.582031 0.802734 0.613281 0.802734 0.613281 0.830078 0.585938 0.830078 0.570312 0.761719 0.541016 0.763672 0.582031 0.755859 0.589844 0.789062 0.623047 0.816406 0.630859 0.816406 0.630859 0.841797 0.589844 0.837891 0.5625 0.849609 0.519531 0.849609 0.542969 0.849609 0.542969
0 0.539062 0.505859 0.574219 0.501953 0.572266 0.53125 0.546875 0.552734 0.546875 0.552734 0.519531 0.548828 0.521484 0.527344 0.539062 0.505859 0.546875 0.513672 0.525391 0.539062 0.541016 0.542969 0.541016 0.542969 0.566406 0.509766 0.546875 0.513672
0 0.691406 0.521484 0.697266 0.546875 0.671875 0.568359 0.671875 0.568359 0.609375 0.560547 0.607422 0.527344 0.628906 0.509766 0.691406 0.521484 0.6875 0.529297 0.628906 0.521484 0.611328 0.539062 0.632812 0.560547 0.666016 0.558594 0.666016 0.558594 0.685547 0.546875 0.6875 0.529297
0 0.396484 0.570312 0.402344 0.517578 0.433594 0.517578 0.455078 0.535156 0.458984 0.5625 0.445312 0.583984 0.445312 0.583984 0.396484 0.570312 0.404297 0.5625 0.439453 0.574219 0.439453 0.574219 0.447266 0.542969 0.410156 0.525391 0.404297 0.5625
0 0.0800781 0.601562 0.0234375 0.669922 0.0234375 0.669922 0.00585938 0.660156 0 0.632812 0 0.570312 0.0234375 0.537109 0.0625 0.537109 0.0800781 0.5625 0.0800781 0.601562 0.0722656 0.59375 0.0625 0.552734 0.0273438 0.560547 0.00195312 0.585938 0.00195312 0.621094 0.0214844 0.65625 0.0214844 0.65625 0.0722656 0.59375
0 0.853516 0.578125 0.863281 0.564453 0.894531 0.564453 0.923828 0.589844 0.935547 0.640625 0.921875 0.662109 0.921875 0.662109 0.861328 0.636719 0.853516 0.578125 0.861328 0.585938 0.865234 0.625 0.919922 0.648438 0.919922 0.648438 0.919922 0.601562 0.898438 0.576172 0.875 0.572266 0.861328 0.585938
0 0.580078 0.59375 0.576172 0.621094 0.546875 0.646484 0.546875 0.646484 0.509766 0.628906 0.511719 0.587891 0.580078 0.59375 0.572266 0.597656 0.519531 0.595703 0.517578 0.621094 0.548828 0.632812 0.548828 0.632812 0.572266 0.597656
0 0.996094 0.642578 0.978516 0.632812 0.974609 0.609375 0.988281 0.587891 0.998047 0.589844 0.986328 0.625 0.996094 0.642578
0 0.636719 0.685547 0.615234 0.667969 0.607422 0.625 0.621094 0.599609 0.6875 0.599609 0.716797 0.617188 0.708984 0.65625 0.671875 0.685547 0.671875 0.685547 0.636719 0.685547 0.644531 0.677734 0.666016 0.675781 0.666016 0.675781 0.701172 0.648438 0.705078 0.625 0.664062 0.607422 0.628906 0.611328 0.615234 0.632812 0.623047 0.660156 0.644531 0.677734
0 0.0996094 0.621094 0.132812 0.599609 0.167969 0.607422 0.189453 0.640625 0.205078 0.722656 0.183594 0.744141 0.183594 0.744141 0.136719 0.740234 0.0917969 0.699219 0.0996094 0.621094 0.107422 0.628906 0.103516 0.691406 0.136719 0.728516 0.177734 0.734375 0.177734 0.734375 0.193359 0.722656 0.181641 0.648438 0.171875 0.626953 0.140625 0.607422 0.107422 0.628906
0 0.304688 0.681641 0.277344 0.681641 0.251953 0.660156 0.251953 0.621094 0.273438 0.603516 0.296875 0.603516 0.341797 0.648438 0.34375 0.673828 0.304688 0.681641 0.304688 0.681641 0.302734 0.671875 0.328125 0.669922 0.333984 0.65625 0.304688 0.623047 0.265625 0.619141 0.255859 0.640625 0.263672 0.660156 0.302734 0.671875 0.302734 0.671875
0 0.425781 0.705078 0.384766 0.671875 0.376953 0.644531 0.414062 0.603516 0.4375 0.607422 0.462891 0.632812 0.462891 0.65625 0.425781 0.705078 0.425781 0.705078 0.423828 0.695312 0.455078 0.640625 0.421875 0.611328 0.388672 0.636719 0.388672 0.65625 0.423828 0.695312 0.423828 0.695312
0 0.996094 0.728516 0.958984 0.714844 0.941406 0.650391 0.998047 0.65625 0.996094 0.669922 0.980469 0.658203 0.951172 0.660156 0.972656 0.712891 0.998047 0.699219 0.996094 0.728516
0 0.828125 0.767578 0.806641 0.757812 0.798828 0.699219 0.855469 0.666016 0.886719 0.666016 0.892578 0.730469 0.867188 0.763672 0.828125 0.767578 0.828125 0.767578 0.826172 0.757812 0.859375 0.755859 0.880859 0.730469 0.888672 0.699219 0.878906 0.673828 0.814453 0.699219 0.810547 0.738281 0.826172 0.757812 0.826172 0.757812
0 0.0117188 0.748047 0 0.738281 0.03125 0.724609 0.0488281 0.695312 0.015625 0.685547 0 0.697266 0 0.6875 0.0117188 0.677734 0.0507812 0.681641 0.0527344 0.71875 0.0117188 0.748047
0 0.484375 0.689453 0.515625 0.689453 0.525391 0.730469 0.511719 0.748047 0.511719 0.748047 0.460938 0.740234 0.458984 0.707031 0.484375 0.689453 0.484375 0.701172 0.462891 0.722656 0.494141 0.738281 0.494141 0.738281 0.509766 0.71875 0.507812 0.701172 0.484375 0.701172
0 0.355469 0.744141 0.308594 0.736328 0.298828 0.699219 0.359375 0.697266 0.373047 0.726562 0.355469 0.744141 0.355469 0.744141 0.353516 0.734375 0.365234 0.71875 0.351562 0.705078 0.310547 0.703125 0.320312 0.732422 0.353516 0.734375 0.353516 0.734375
0 0.673828 0.761719 0.666016 0.804688 0.625 0.841797 0.625 0.841797 0.5625 0.841797 0.541016 0.824219 0.537109 0.792969 0.570312 0.740234 0.613281 0.736328 0.673828 0.761719 0.666016 0.769531 0.59375 0.744141 0.568359 0.757812 0.544922 0.804688 0.558594 0.830078 0.619141 0.832031 0.619141 0.832031 0.650391 0.808594 0.666016 0.769531
0 0.355469 0.802734 0.345703 0.769531 0.382812 0.748047 0.449219 0.748047 0.458984 0.78125 0.433594 0.806641 0.433594 0.806641 0.355469 0.802734 0.363281 0.794922 0.427734 0.796875 0.427734 0.796875 0.451172 0.773438 0.441406 0.755859 0.390625 0.755859 0.353516 0.777344 0.363281 0.794922
0 0.964844 0.853516 0.935547 0.851562 0.931641 0.789062 0.953125 0.759766 0.988281 0.751953 0.996094 0.767578 0.960938 0.767578 0.939453 0.796875 0.945312 0.845703 0.960938 0.845703 0.998047 0.8125 0.998047 0.828125 0.964844 0.853516
0 0.0078125 0.833984 0 0.828125 0.0332031 0.804688 0.0332031 0.789062 0 0.771484 0 0.759766 0.0410156 0.78125 0.0410156 0.8125 0.0078125 0.833984
0 0.769531 0.779297 0.806641 0.804688 0.814453 0.859375 0.742188 0.908203 0.742188 0.908203 0.716797 0.875 0.701172 0.820312 0.742188 0.783203 0.769531 0.779297 0.761719 0.787109 0.712891 0.824219 0.728516 0.878906 0.744141 0.894531 0.744141 0.894531 0.806641 0.851562 0.791016 0.800781 0.761719 0.787109
0 0 0.90625 0 0.863281 0.0234375 0.845703 0.0957031 0.863281 0.0917969 0.90625 0.0429688 0.931641 0.0429688 0.931641 0.0195312 0.931641 0 0.90625 0.00585938 0.902344 0.0234375 0.923828 0.0371094 0.921875 0.0371094 0.921875 0.0839844 0.898438 0.0820312 0.865234 0.03125 0.853516 0.00585938 0.871094 0.00585938 0.902344
0 0.34375 0.865234 0.410156 0.865234 0.416016 0.875 0.412109 0.933594 0.378906 0.955078 0.378906 0.955078 0.355469 0.955078 0.326172 0.933594 0.322266 0.886719 0.34375 0.865234 0.347656 0.873047 0.330078 0.894531 0.333984 0.925781 0.351562 0.943359 0.373047 0.945312 0.373047 0.945312 0.404297 0.925781 0.402344 0.873047 0.347656 0.873047
0 0.519531 0.869141 0.544922 0.890625 0.552734 0.949219 0.535156 0.974609 0.535156 0.974609 0.503906 0.974609 0.482422 0.960938 0.462891 0.929688 0.460938 0.880859 0.519531 0.869141 0.515625 0.876953 0.472656 0.884766 0.466797 0.90625 0.482422 0.945312 0.5 0.962891 0.529297 0.964844 0.529297 0.964844 0.544922 0.941406 0.537109 0.898438 0.515625 0.876953
0 0.996094 0.939453 0.966797 0.894531 0.976562 0.865234 0.998047 0.867188 0.996094 0.876953 0.974609 0.875 0.996094 0.939453
0 0.175781 0.876953 0.189453 0.886719 0.189453 0.933594 0.177734 0.96875 0.152344 0.990234 0.152344 0.990234 0.130859 0.984375 0.119141 0.9375 0.150391 0.890625 0.175781 0.876953 0.171875 0.884766 0.126953 0.945312 0.150391 0.980469 0.150391 0.980469 0.181641 0.925781 0.181641 0.890625 0.171875 0.884766
0 0.880859 0.929688 0.912109 0.882812 0.933594 0.876953 0.951172 0.898438 0.955078 0.929688 0.917969 0.970703 0.917969 0.970703 0.880859 0.960938 0.880859 0.929688 0.888672 0.9375 0.892578 0.957031 0.912109 0.960938 0.912109 0.960938 0.947266 0.921875 0.925781 0.884766 0.888672 0.9375
0 0.292969 0.998047 0.294922 0.929688 0.277344 0.908203 0.244141 0.921875 0.232422 0.949219 0.236328 0.996094 0.224609 0.992188 0.224609 0.933594 0.246094 0.900391 0.28125 0.900391 0.302734 0.921875 0.292969 0.998047
0 0.746094 0.998047 0.736328 0.996094 0.740234 0.957031 0.714844 0.923828 0.673828 0.953125 0.669922 0.996094 0.660156 0.998047 0.666016 0.945312 0.691406 0.919922 0.722656 0.916016 0.748047 0.949219 0.746094 0.998047
0 0.875 0.998047 0.828125 0.966797 0.806641 0.972656 0.810547 0.992188 0.796875 0.998047 0.798828 0.960938 0.835938 0.958984 0.875 0.998047
0 0.0546875 0.998047 0.0390625 0.982422 0.0117188 0.998047 0.00195312 0.992188 0.0351562 0.970703 0.0527344 0.980469 0.0546875 0.998047
0 0.441406 0.998047 0.425781 0.986328 0.373047 0.996094 0.390625 0.978516 0.433594 0.978516 0.441406 0.998047
0 0.679688 0.998047 0.0078125 0.00390625
