0 0.253906 0.0410156 0.21875 0 0.242188 0 0.257812 0.0214844 0.302734 0 0.296875 0.0175781 0.253906 0.0410156
0 0.382812 0.0175781 0.34375 0.0136719 0.330078 0 0.416016 0 0.382812 0.0175781
0 0.515625 0.0527344 0.488281 0.0488281 0.458984 0.00390625 0.476562 0 0.482422 0.0234375 0.503906 0.0371094 0.535156 0 0.546875 0 0.544922 0.0195312 0.515625 0.0527344
0 0.707031 0.0410156 0.675781 0.0292969 0.654297 0 0.707031 0.0292969 0.716797 0.015625 0.701172 0 0.714844 0 0.724609 0.0273438 0.707031 0.0410156
0 0.816406 0.0527344 0.78125 0.0410156 0.751953 0 0.8125 0.0449219 0.826172 0.0273438 0.814453 0 0.828125 0 0.833984 0.0351562 0.816406 0.0527344
0 0.990234 0.0351562 0.96875 0.0566406 0.96875 0.0566406 0.929688 0.0566406 0.912109 0.0390625 0.925781 0 0.990234 0.00390625 0.990234 0.0351562 0.982422 0.0273438 0.980469 0.00976562 0.941406 0.00585938 0.923828 0.015625 0.929688 0.0449219 0.962891 0.046875 0.962891 0.046875 0.982422 0.0273438
0 0.123047 0.0976562 0.115234 0.046875 0.140625 0.00585938 0.171875 0.00585938 0.185547 0.0234375 0.185547 0.0703125 0.144531 0.111328 0.144531 0.111328 0.123047 0.0976562 0.130859 0.09375 0.146484 0.0976562 0.146484 0.0976562 0.177734 0.0625 0.177734 0.03125 0.164062 0.0136719 0.148438 0.0136719 0.123047 0.0546875 0.130859 0.09375
0 0.078125 0.0878906 0.0332031 0.0546875 0.0234375 0.0253906 0.0703125 0.0214844 0.0957031 0.0390625 0.0957031 0.0664062 0.078125 0.0878906 0.078125 0.0878906 0.0761719 0.078125 0.0839844 0.0390625 0.0351562 0.0332031 0.0761719 0.078125 0.0761719 0.078125
0 0.462891 0.046875 0.482422 0.0742188 0.482422 0.109375 0.460938 0.126953 0.460938 0.126953 0.410156 0.119141 0.388672 0.101562 0.378906 0.0292969 0.4375 0.0292969 0.462891 0.046875 0.455078 0.0507812 0.429688 0.0371094 0.386719 0.0371094 0.396484 0.09375 0.425781 0.115234 0.458984 0.117188 0.458984 0.117188 0.474609 0.101562 0.474609 0.0820312 0.455078 0.0507812
0 0.730469 0.0332031 0.755859 0.046875 0.746094 0.0722656 0.746094 0.0722656 0.726562 0.0722656 0.716797 0.0585938 0.730469 0.0332031 0.738281 0.0410156 0.728516 0.0585938 0.740234 0.0625 0.740234 0.0625 0.738281 0.0410156
0 0.615234 0.0859375 0.578125 0.123047 0.578125 0.123047 0.552734 0.105469 0.541016 0.078125 0.541016 0.0585938 0.574219 0.0371094 0.601562 0.0410156 0.615234 0.0664062 0.615234 0.0859375 0.607422 0.078125 0.59375 0.0566406 0.570312 0.0605469 0.552734 0.0820312 0.576172 0.109375 0.576172 0.109375 0.607422 0.078125
0 0.240234 0.121094 0.244141 0.0820312 0.261719 0.0527344 0.292969 0.0488281 0.322266 0.078125 0.326172 0.117188 0.300781 0.158203 0.300781 0.158203 0.269531 0.154297 0.240234 0.121094 0.248047 0.117188 0.277344 0.146484 0.298828 0.148438 0.298828 0.148438 0.318359 0.0976562 0.269531 0.0605469 0.248047 0.117188
0 0.134766 0.136719 0.134766 0.15625 0.117188 0.166016 0.117188 0.166016 0.0996094 0.160156 0.0878906 0.132812 0.0878906 0.113281 0.101562 0.103516 0.117188 0.107422 0.134766 0.136719 0.126953 0.140625 0.105469 0.115234 0.0996094 0.140625 0.109375 0.154297 0.123047 0.152344 0.123047 0.152344 0.126953 0.140625
0 0.509766 0.167969 0.523438 0.138672 0.550781 0.126953 0.591797 0.136719 0.582031 0.166016 0.542969 0.181641 0.542969 0.181641 0.509766 0.167969 0.517578 0.160156 0.544922 0.167969 0.544922 0.167969 0.583984 0.144531 0.558594 0.134766 0.517578 0.160156
0 0.146484 0.210938 0.142578 0.167969 0.164062 0.146484 0.226562 0.138672 0.240234 0.148438 0.236328 0.203125 0.191406 0.224609 0.191406 0.224609 0.164062 0.224609 0.146484 0.210938 0.154297 0.203125 0.185547 0.214844 0.185547 0.214844 0.228516 0.195312 0.226562 0.150391 0.1875 0.150391 0.154297 0.167969 0.154297 0.203125
0 0.447266 0.214844 0.425781 0.232422 0.425781 0.232422 0.402344 0.232422 0.373047 0.207031 0.363281 0.166016 0.443359 0.183594 0.447266 0.214844 0.439453 0.207031 0.429688 0.185547 0.373047 0.183594 0.394531 0.216797 0.419922 0.222656 0.419922 0.222656 0.439453 0.207031
0 0.0351562 0.244141 0 0.230469 0 0.216797 0.0273438 0.236328 0.0488281 0.203125 0.0390625 0.181641 0.015625 0.177734 0 0.189453 0.0078125 0.169922 0.0429688 0.173828 0.0566406 0.1875 0.0527344 0.222656 0.0351562 0.244141
0 0.330078 0.191406 0.322266 0.230469 0.304688 0.240234 0.304688 0.240234 0.265625 0.236328 0.251953 0.222656 0.257812 0.185547 0.316406 0.181641 0.330078 0.191406 0.320312 0.193359 0.259766 0.199219 0.265625 0.224609 0.298828 0.230469 0.298828 0.230469 0.314453 0.222656 0.320312 0.193359
0 0.0800781 0.203125 0.109375 0.193359 0.128906 0.205078 0.128906 0.244141 0.128906 0.244141 0.101562 0.236328 0.0800781 0.203125 0.0878906 0.210938 0.113281 0.232422 0.126953 0.230469 0.126953 0.230469 0.117188 0.208984 0.0878906 0.210938
0 0.0917969 0.246094 0.0820312 0.275391 0.0820312 0.275391 0.0507812 0.271484 0.0371094 0.253906 0.078125 0.228516 0.0917969 0.246094 0.0839844 0.253906 0.0742188 0.240234 0.0488281 0.253906 0.0761719 0.265625 0.0761719 0.265625 0.0839844 0.253906
0 0.851562 0.275391 0.822266 0.261719 0.832031 0.228516 0.869141 0.238281 0.869141 0.261719 0.851562 0.275391 0.851562 0.275391 0.853516 0.261719 0.861328 0.25 0.847656 0.236328 0.833984 0.253906 0.853516 0.261719 0.853516 0.261719
0 0.996094 0.275391 0.978516 0.265625 0.988281 0.228516 0.998047 0.230469 0.986328 0.246094 0.996094 0.275391
0 0.259766 0.273438 0.263672 0.289062 0.25 0.306641 0.25 0.306641 0.222656 0.302734 0.205078 0.277344 0.210938 0.236328 0.234375 0.244141 0.259766 0.273438 0.251953 0.277344 0.214844 0.248047 0.220703 0.285156 0.248047 0.296875 0.248047 0.296875 0.251953 0.277344
0 0.298828 0.285156 0.302734 0.257812 0.328125 0.240234 0.367188 0.248047 0.384766 0.273438 0.375 0.302734 0.339844 0.310547 0.339844 0.310547 0.308594 0.302734 0.298828 0.285156 0.306641 0.28125 0.337891 0.300781 0.337891 0.300781 0.367188 0.294922 0.376953 0.28125 0.355469 0.251953 0.335938 0.248047 0.310547 0.261719 0.306641 0.28125
0 0.00390625 0.314453 0.0175781 0.273438 0 0.248047 0.0292969 0.277344 0.00390625 0.314453
0 0.0878906 0.332031 0.0957031 0.28125 0.125 0.251953 0.171875 0.255859 0.181641 0.289062 0.166016 0.320312 0.125 0.345703 0.125 0.345703 0.101562 0.345703 0.0878906 0.332031 0.0957031 0.324219 0.119141 0.335938 0.119141 0.335938 0.158203 0.3125 0.171875 0.267578 0.132812 0.259766 0.107422 0.28125 0.0957031 0.324219
0 0.433594 0.333984 0.396484 0.324219 0.410156 0.287109 0.447266 0.308594 0.433594 0.333984 0.433594 0.333984 0.431641 0.324219 0.4375 0.310547 0.404297 0.308594 0.410156 0.322266 0.431641 0.324219 0.431641 0.324219
0 0.894531 0.341797 0.871094 0.341797 0.857422 0.328125 0.867188 0.294922 0.904297 0.304688 0.908203 0.324219 0.894531 0.341797 0.894531 0.341797 0.892578 0.332031 0.894531 0.310547 0.865234 0.308594 0.878906 0.333984 0.892578 0.332031 0.892578 0.332031
0 0.927734 0.351562 0.933594 0.302734 0.960938 0.298828 0.974609 0.3125 0.964844 0.361328 0.964844 0.361328 0.927734 0.351562 0.935547 0.34375 0.958984 0.351562 0.958984 0.351562 0.966797 0.320312 0.953125 0.306641 0.935547 0.320312 0.935547 0.34375
0 0.224609 0.324219 0.224609 0.351562 0.210938 0.365234 0.210938 0.365234 0.185547 0.339844 0.191406 0.302734 0.224609 0.324219 0.216797 0.328125 0.199219 0.314453 0.197266 0.34375 0.212891 0.351562 0.212891 0.351562 0.216797 0.328125
0 0.496094 0.330078 0.509766 0.363281 0.472656 0.404297 0.472656 0.404297 0.429688 0.400391 0.416016 0.382812 0.441406 0.337891 0.496094 0.330078 0.492188 0.337891 0.449219 0.345703 0.427734 0.375 0.4375 0.392578 0.466797 0.394531 0.466797 0.394531 0.501953 0.355469 0.492188 0.337891
0 0.287109 0.347656 0.320312 0.337891 0.367188 0.357422 0.373047 0.382812 0.351562 0.392578 0.351562 0.392578 0.300781 0.388672 0.287109 0.375 0.287109 0.347656 0.294922 0.355469 0.300781 0.376953 0.345703 0.382812 0.345703 0.382812 0.365234 0.375 0.351562 0.357422 0.294922 0.355469
0 0.0859375 0.423828 0.0429688 0.416016 0.0175781 0.378906 0.0351562 0.365234 0.078125 0.373047 0.0996094 0.398438 0.0859375 0.423828 0.0859375 0.423828 0.0839844 0.414062 0.0917969 0.40625 0.0664062 0.376953 0.0292969 0.378906 0.0546875 0.412109 0.0839844 0.414062 0.0839844 0.414062
0 0.550781 0.400391 0.580078 0.421875 0.582031 0.478516 0.582031 0.478516 0.546875 0.478516 0.517578 0.457031 0.519531 0.396484 0.550781 0.400391 0.546875 0.408203 0.523438 0.408203 0.529297 0.457031 0.576172 0.46875 0.576172 0.46875 0.572266 0.429688 0.546875 0.408203
0 0.291016 0.445312 0.324219 0.416016 0.355469 0.419922 0.361328 0.445312 0.324219 0.482422 0.324219 0.482422 0.294922 0.476562 0.291016 0.445312 0.298828 0.449219 0.302734 0.46875 0.318359 0.472656 0.318359 0.472656 0.345703 0.453125 0.347656 0.427734 0.324219 0.427734 0.298828 0.449219
0 0.238281 0.419922 0.257812 0.419922 0.275391 0.441406 0.257812 0.470703 0.257812 0.470703 0.224609 0.453125 0.238281 0.419922 0.246094 0.427734 0.236328 0.453125 0.251953 0.460938 0.251953 0.460938 0.263672 0.441406 0.246094 0.427734
0 0.0195312 0.509766 0 0.507812 0.0253906 0.480469 0 0.427734 0.0214844 0.4375 0.0332031 0.46875 0.0195312 0.509766
0 0.0761719 0.511719 0.0742188 0.470703 0.113281 0.458984 0.130859 0.476562 0.134766 0.507812 0.117188 0.529297 0.117188 0.529297 0.0761719 0.511719 0.0839844 0.507812 0.111328 0.519531 0.111328 0.519531 0.126953 0.488281 0.113281 0.474609 0.0859375 0.474609 0.0839844 0.507812
0 0.181641 0.546875 0.185547 0.496094 0.207031 0.470703 0.216797 0.472656 0.210938 0.482422 0.238281 0.486328 0.259766 0.523438 0.259766 0.554688 0.222656 0.580078 0.222656 0.580078 0.203125 0.580078 0.181641 0.546875 0.189453 0.542969 0.210938 0.572266 0.220703 0.570312 0.220703 0.570312 0.248047 0.554688 0.251953 0.53125 0.238281 0.498047 0.203125 0.490234 0.189453 0.542969
0 0.583984 0.550781 0.574219 0.583984 0.574219 0.583984 0.519531 0.580078 0.490234 0.558594 0.470703 0.523438 0.511719 0.517578 0.5625 0.533203 0.583984 0.550781 0.576172 0.558594 0.550781 0.537109 0.482422 0.527344 0.511719 0.564453 0.5625 0.560547 0.568359 0.574219 0.568359 0.574219 0.576172 0.558594
0 0.636719 0.537109 0.664062 0.544922 0.669922 0.558594 0.669922 0.59375 0.648438 0.623047 0.648438 0.623047 0.619141 0.621094 0.623047 0.546875 0.636719 0.537109 0.640625 0.544922 0.626953 0.613281 0.642578 0.613281 0.642578 0.613281 0.658203 0.597656 0.662109 0.5625 0.640625 0.544922
0 0.0078125 0.662109 0 0.65625 0.0332031 0.601562 0 0.587891 0 0.576172 0.0410156 0.59375 0.0410156 0.621094 0.0078125 0.662109
0 0.0605469 0.648438 0.0605469 0.621094 0.09375 0.603516 0.103516 0.621094 0.0859375 0.654297 0.0859375 0.654297 0.0605469 0.648438 0.0683594 0.644531 0.0839844 0.644531 0.0839844 0.644531 0.0898438 0.615234 0.0683594 0.628906 0.0683594 0.644531
0 0.511719 0.623047 0.572266 0.636719 0.580078 0.679688 0.558594 0.693359 0.558594 0.693359 0.501953 0.671875 0.498047 0.640625 0.511719 0.623047 0.515625 0.630859 0.509766 0.664062 0.552734 0.683594 0.552734 0.683594 0.572266 0.671875 0.564453 0.644531 0.515625 0.630859
0 0.878906 0.705078 0.849609 0.691406 0.853516 0.667969 0.894531 0.650391 0.904297 0.691406 0.878906 0.705078 0.878906 0.705078 0.876953 0.695312 0.896484 0.683594 0.886719 0.658203 0.861328 0.675781 0.876953 0.695312 0.876953 0.695312
0 0.841797 0.691406 0.835938 0.720703 0.835938 0.720703 0.810547 0.710938 0.810547 0.6875 0.824219 0.673828 0.841797 0.691406 0.833984 0.695312 0.824219 0.689453 0.818359 0.703125 0.830078 0.710938 0.830078 0.710938 0.833984 0.695312
0 0.0292969 0.730469 0.0332031 0.699219 0.046875 0.689453 0.0703125 0.689453 0.0878906 0.707031 0.0878906 0.75 0.078125 0.759766 0.078125 0.759766 0.0585938 0.759766 0.0292969 0.730469 0.0371094 0.726562 0.0722656 0.75 0.0722656 0.75 0.0800781 0.714844 0.0546875 0.697266 0.0371094 0.726562
0 0.103516 0.710938 0.109375 0.685547 0.138672 0.699219 0.132812 0.724609 0.132812 0.724609 0.103516 0.710938 0.111328 0.703125 0.126953 0.714844 0.126953 0.714844 0.117188 0.693359 0.111328 0.703125
0 0 0.759766 0 0.705078 0 0.759766
0 0.78125 0.728516 0.828125 0.736328 0.841797 0.792969 0.808594 0.806641 0.808594 0.806641 0.757812 0.798828 0.744141 0.785156 0.740234 0.746094 0.78125 0.728516 0.785156 0.736328 0.748047 0.753906 0.765625 0.791016 0.802734 0.796875 0.802734 0.796875 0.833984 0.785156 0.828125 0.763672 0.785156 0.736328
0 0.921875 0.822266 0.908203 0.800781 0.912109 0.765625 0.933594 0.744141 0.966797 0.75 0.974609 0.792969 0.960938 0.822266 0.960938 0.822266 0.921875 0.822266 0.929688 0.814453 0.955078 0.8125 0.955078 0.8125 0.966797 0.785156 0.958984 0.757812 0.941406 0.751953 0.919922 0.773438 0.919922 0.800781 0.929688 0.814453
0 0.123047 0.769531 0.136719 0.751953 0.185547 0.765625 0.193359 0.808594 0.179688 0.833984 0.179688 0.833984 0.152344 0.830078 0.126953 0.796875 0.123047 0.769531 0.130859 0.777344 0.138672 0.796875 0.173828 0.824219 0.173828 0.824219 0.185547 0.785156 0.167969 0.763672 0.144531 0.759766 0.130859 0.777344
0 0.875 0.822266 0.892578 0.835938 0.896484 0.859375 0.851562 0.904297 0.851562 0.904297 0.820312 0.900391 0.810547 0.867188 0.828125 0.826172 0.875 0.822266 0.867188 0.830078 0.826172 0.847656 0.818359 0.882812 0.845703 0.894531 0.845703 0.894531 0.867188 0.884766 0.888672 0.851562 0.867188 0.830078
0 0.0195312 0.873047 0 0.871094 0.0214844 0.855469 0 0.826172 0.0292969 0.847656 0.0195312 0.873047
0 0.996094 0.939453 0.976562 0.939453 0.951172 0.90625 0.962891 0.855469 0.984375 0.841797 0.998047 0.851562 0.966797 0.867188 0.958984 0.898438 0.984375 0.931641 0.998047 0.925781 0.996094 0.939453
0 0.113281 0.884766 0.119141 0.929688 0.078125 0.955078 0.078125 0.955078 0.0683594 0.953125 0.0761719 0.90625 0.09375 0.884766 0.113281 0.884766 0.105469 0.892578 0.0800781 0.921875 0.0917969 0.9375 0.0917969 0.9375 0.111328 0.921875 0.105469 0.892578
0 0 0.958984 0 0.902344 0.0078125 0.896484 0.0136719 0.9375 0 0.958984
0 0.142578 0.96875 0.152344 0.900391 0.171875 0.900391 0.193359 0.925781 0.183594 0.994141 0.183594 0.994141 0.160156 0.990234 0.142578 0.96875 0.150391 0.960938 0.177734 0.980469 0.177734 0.980469 0.185547 0.933594 0.164062 0.908203 0.150391 0.925781 0.150391 0.960938
0 0.398438 0.900391 0.423828 0.921875 0.419922 0.964844 0.390625 0.990234 0.390625 0.990234 0.345703 0.972656 0.349609 0.9375 0.375 0.900391 0.398438 0.900391 0.394531 0.908203 0.369141 0.925781 0.353516 0.957031 0.363281 0.974609 0.384766 0.980469 0.384766 0.980469 0.416016 0.945312 0.412109 0.921875 0.394531 0.908203
0 0.740234 0.972656 0.71875 0.998047 0.71875 0.998047 0.683594 0.998047 0.669922 0.984375 0.662109 0.914062 0.671875 0.904297 0.728516 0.917969 0.740234 0.972656 0.732422 0.96875 0.728516 0.9375 0.710938 0.916016 0.679688 0.912109 0.673828 0.96875 0.695312 0.994141 0.708984 0.992188 0.708984 0.992188 0.732422 0.96875
0 0.800781 0.990234 0.787109 0.976562 0.787109 0.960938 0.832031 0.927734 0.869141 0.953125 0.869141 0.972656 0.84375 0.994141 0.84375 0.994141 0.800781 0.990234 0.808594 0.982422 0.837891 0.984375 0.837891 0.984375 0.861328 0.964844 0.839844 0.943359 0.820312 0.943359 0.794922 0.96875 0.808594 0.982422
0 0.640625 0.998047 0.59375 0.947266 0.560547 0.949219 0.558594 0.998047 0.548828 0.941406 0.617188 0.947266 0.640625 0.998047
0 0.976562 0.998047 0.964844 0.970703 0.929688 0.955078 0.876953 0.996094 0.910156 0.955078 0.9375 0.943359 0.978516 0.972656 0.976562 0.998047
0 0.136719 0.998047 0.125 0.986328 0.0800781 0.996094 0.105469 0.978516 0.132812 0.978516 0.136719 0.998047
0 0.464844 0.998047 0.4375 0.982422 0.425781 0.998047 0.419922 0.992188 0.445312 0.974609 0.464844 0.998047
