0 0.75 0.306641 0.716797 0.269531 0.712891 0.214844 0.726562 0.189453 0.804688 0.197266 0.833984 0.21875 0.833984 0.273438 0.818359 0.3125 0.804688 0.318359 0.804688 0.318359 0.75 0.306641 0.761719 0.291016 0.802734 0.292969 0.802734 0.292969 0.814453 0.257812 0.806641 0.226562 0.738281 0.212891 0.732422 0.226562 0.751953 0.257812 0.748047 0.277344 0.761719 0.291016
0 0.318359 0.246094 0.326172 0.304688 0.314453 0.347656 0.289062 0.365234 0.289062 0.365234 0.240234 0.351562 0.232422 0.292969 0.244141 0.253906 0.265625 0.232422 0.296875 0.224609 0.318359 0.246094 0.302734 0.253906 0.285156 0.248047 0.255859 0.285156 0.255859 0.332031 0.279297 0.34375 0.279297 0.34375 0.298828 0.332031 0.306641 0.300781 0.302734 0.253906
0 0.496094 0.228516 0.521484 0.246094 0.529297 0.28125 0.511719 0.318359 0.511719 0.318359 0.46875 0.310547 0.451172 0.285156 0.460938 0.232422 0.496094 0.228516 0.484375 0.248047 0.474609 0.273438 0.484375 0.291016 0.501953 0.292969 0.501953 0.292969 0.505859 0.269531 0.484375 0.248047
0 0.574219 0.294922 0.597656 0.271484 0.65625 0.271484 0.681641 0.296875 0.681641 0.328125 0.644531 0.353516 0.644531 0.353516 0.566406 0.341797 0.552734 0.292969 0.574219 0.294922 0.576172 0.316406 0.597656 0.330078 0.654297 0.328125 0.654297 0.328125 0.654297 0.300781 0.636719 0.291016 0.601562 0.294922 0.576172 0.316406
0 0 0.355469 0.00195312 0.328125 0.0175781 0.324219 0.00976562 0.3125 0.0390625 0.291016 0.0742188 0.302734 0.0917969 0.34375 0.0839844 0.378906 0.0585938 0.404297 0.0585938 0.404297 0.015625 0.388672 0 0.355469 0.0214844 0.355469 0.0527344 0.375 0.0527344 0.375 0.0644531 0.335938 0.046875 0.318359 0.0214844 0.355469
0 0.173828 0.390625 0.207031 0.392578 0.228516 0.421875 0.232422 0.457031 0.220703 0.457031 0.224609 0.476562 0.199219 0.498047 0.199219 0.498047 0.167969 0.498047 0.142578 0.472656 0.138672 0.441406 0.162109 0.394531 0.119141 0.359375 0.115234 0.316406 0.132812 0.294922 0.167969 0.298828 0.193359 0.316406 0.201172 0.351562 0.173828 0.390625 0.166016 0.371094 0.171875 0.416016 0.166016 0.46875 0.197266 0.472656 0.197266 0.472656 0.201172 0.417969 0.171875 0.416016 0.166016 0.371094 0.177734 0.335938 0.144531 0.314453 0.134766 0.328125 0.146484 0.363281 0.166016 0.371094 0.166016 0.371094
0 0.0878906 0.314453 0.00390625 0.00390625
0 0.84375 0.326172 0.896484 0.332031 0.892578 0.378906 0.871094 0.388672 0.871094 0.388672 0.841797 0.375 0.84375 0.326172 0.863281 0.341797 0.865234 0.363281 0.865234 0.363281 0.876953 0.347656 0.863281 0.341797
0 0.0449219 0.333984 0.00390625 0.00390625
0 0.433594 0.337891 0.462891 0.363281 0.451172 0.417969 0.425781 0.447266 0.386719 0.458984 0.386719 0.458984 0.347656 0.447266 0.318359 0.421875 0.330078 0.355469 0.34375 0.337891 0.375 0.330078 0.433594 0.337891 0.425781 0.357422 0.363281 0.353516 0.341797 0.417969 0.396484 0.4375 0.396484 0.4375 0.427734 0.414062 0.443359 0.378906 0.425781 0.357422
0 0.53125 0.330078 0.544922 0.355469 0.544922 0.378906 0.523438 0.392578 0.523438 0.392578 0.482422 0.378906 0.482422 0.347656 0.507812 0.326172 0.53125 0.330078 0.519531 0.349609 0.505859 0.351562 0.513672 0.363281 0.513672 0.363281 0.519531 0.349609
0 0.730469 0.431641 0.693359 0.402344 0.689453 0.359375 0.703125 0.330078 0.777344 0.349609 0.794922 0.375 0.783203 0.421875 0.757812 0.435547 0.757812 0.435547 0.730469 0.431641 0.742188 0.412109 0.759766 0.410156 0.759766 0.410156 0.767578 0.375 0.746094 0.361328 0.714844 0.361328 0.712891 0.390625 0.742188 0.412109
0 0.935547 0.333984 0.00390625 0.00390625
0 0.912109 0.421875 0.912109 0.359375 0.945312 0.333984 0.996094 0.345703 0.990234 0.421875 0.945312 0.443359 0.945312 0.443359 0.912109 0.421875 0.931641 0.410156 0.955078 0.421875 0.955078 0.421875 0.982422 0.371094 0.945312 0.357422 0.927734 0.378906 0.931641 0.410156
0 0.0253906 0.396484 0.00390625 0.00390625
0 0.628906 0.455078 0.591797 0.433594 0.601562 0.388672 0.662109 0.402344 0.658203 0.433594 0.628906 0.455078 0.628906 0.455078 0.626953 0.429688 0.636719 0.412109 0.615234 0.414062 0.626953 0.429688 0.626953 0.429688
0 0.476562 0.419922 0.515625 0.412109 0.572266 0.441406 0.580078 0.480469 0.546875 0.525391 0.546875 0.525391 0.496094 0.525391 0.443359 0.46875 0.476562 0.419922 0.492188 0.435547 0.466797 0.464844 0.517578 0.503906 0.517578 0.503906 0.550781 0.494141 0.556641 0.464844 0.511719 0.435547 0.492188 0.435547
0 0.908203 0.416016 0.00390625 0.00390625
0 0.0761719 0.476562 0.0664062 0.498047 0.0273438 0.521484 0.0273438 0.521484 0 0.519531 0 0.4375 0.0195312 0.423828 0.0507812 0.423828 0.0761719 0.441406 0.0761719 0.476562 0.0527344 0.472656 0.046875 0.451172 0.0136719 0.457031 0.00195312 0.472656 0.00976562 0.496094 0.00976562 0.496094 0.03125 0.494141 0.0527344 0.472656
0 0.722656 0.478516 0.703125 0.474609 0.681641 0.449219 0.691406 0.431641 0.726562 0.435547 0.740234 0.449219 0.744141 0.464844 0.722656 0.478516
0 0.791016 0.488281 0.791016 0.457031 0.804688 0.443359 0.828125 0.439453 0.892578 0.472656 0.884766 0.515625 0.867188 0.521484 0.867188 0.521484 0.824219 0.513672 0.791016 0.488281 0.8125 0.478516 0.861328 0.496094 0.861328 0.496094 0.863281 0.478516 0.814453 0.464844 0.8125 0.478516
0 0.345703 0.5 0.359375 0.501953 0.369141 0.523438 0.351562 0.552734 0.300781 0.583984 0.300781 0.583984 0.232422 0.523438 0.236328 0.492188 0.269531 0.462891 0.351562 0.494141 0.345703 0.5 0.341797 0.519531 0.273438 0.490234 0.255859 0.519531 0.291016 0.546875 0.291016 0.546875 0.328125 0.537109 0.341797 0.519531
0 0.822266 0.474609 0.00390625 0.00390625
0 0.996094 0.560547 0.978516 0.550781 0.974609 0.523438 0.992188 0.490234 0.996094 0.560547
0 0.705078 0.511719 0.722656 0.498047 0.753906 0.505859 0.802734 0.542969 0.794922 0.585938 0.769531 0.615234 0.769531 0.615234 0.722656 0.580078 0.705078 0.550781 0.705078 0.511719 0.726562 0.521484 0.728516 0.546875 0.767578 0.589844 0.767578 0.589844 0.779297 0.550781 0.726562 0.521484
0 0.212891 0.636719 0.220703 0.640625 0.179688 0.666016 0.179688 0.666016 0.130859 0.640625 0.126953 0.597656 0.138672 0.5625 0.183594 0.525391 0.220703 0.5625 0.228516 0.613281 0.212891 0.636719 0.201172 0.613281 0.201172 0.582031 0.183594 0.552734 0.154297 0.601562 0.158203 0.628906 0.181641 0.636719 0.181641 0.636719 0.201172 0.613281
0 0.839844 0.580078 0.822266 0.570312 0.818359 0.550781 0.832031 0.529297 0.851562 0.529297 0.869141 0.550781 0.865234 0.566406 0.839844 0.580078
0 0.03125 0.556641 0.0664062 0.548828 0.0957031 0.59375 0.0917969 0.640625 0.0722656 0.6875 0.0351562 0.708984 0.0351562 0.708984 0 0.695312 0 0.605469 0.03125 0.556641 0.0449219 0.578125 0.00976562 0.636719 0.0136719 0.671875 0.0332031 0.679688 0.0332031 0.679688 0.0644531 0.644531 0.0625 0.576172 0.0449219 0.578125
0 0.394531 0.673828 0.380859 0.636719 0.388672 0.605469 0.4375 0.548828 0.474609 0.566406 0.474609 0.628906 0.445312 0.681641 0.445312 0.681641 0.394531 0.673828 0.408203 0.65625 0.431641 0.660156 0.431641 0.660156 0.451172 0.628906 0.449219 0.568359 0.423828 0.605469 0.412109 0.605469 0.404297 0.632812 0.408203 0.65625
0 0.671875 0.564453 0.689453 0.578125 0.677734 0.636719 0.613281 0.669922 0.613281 0.669922 0.585938 0.669922 0.568359 0.65625 0.564453 0.585938 0.59375 0.564453 0.671875 0.564453 0.666016 0.585938 0.59375 0.587891 0.587891 0.625 0.638672 0.640625 0.638672 0.640625 0.669922 0.605469 0.666016 0.585938
0 0.869141 0.625 0.857422 0.617188 0.863281 0.603516 0.902344 0.603516 0.931641 0.625 0.935547 0.648438 0.914062 0.681641 0.914062 0.681641 0.873047 0.664062 0.861328 0.636719 0.869141 0.625 0.890625 0.626953 0.908203 0.65625 0.908203 0.65625 0.912109 0.636719 0.890625 0.626953
0 0.996094 0.693359 0.972656 0.681641 0.962891 0.660156 0.970703 0.613281 0.988281 0.599609 0.998047 0.605469 0.986328 0.636719 0.996094 0.693359
0 0.308594 0.638672 0.333984 0.65625 0.333984 0.691406 0.292969 0.736328 0.292969 0.736328 0.261719 0.736328 0.253906 0.724609 0.230469 0.732422 0.216797 0.714844 0.228516 0.660156 0.261719 0.634766 0.308594 0.638672 0.300781 0.658203 0.265625 0.658203 0.244141 0.675781 0.240234 0.695312 0.279297 0.714844 0.279297 0.714844 0.310547 0.683594 0.300781 0.658203
0 0.0917969 0.654297 0.00390625 0.00390625
0 0.761719 0.681641 0.806641 0.703125 0.806641 0.75 0.785156 0.763672 0.785156 0.763672 0.761719 0.763672 0.736328 0.746094 0.734375 0.689453 0.761719 0.681641 0.757812 0.705078 0.759766 0.738281 0.783203 0.738281 0.783203 0.738281 0.787109 0.71875 0.757812 0.705078
0 0.466797 0.808594 0.462891 0.757812 0.478516 0.703125 0.53125 0.689453 0.560547 0.699219 0.564453 0.746094 0.548828 0.785156 0.507812 0.826172 0.507812 0.826172 0.466797 0.808594 0.488281 0.798828 0.505859 0.800781 0.505859 0.800781 0.529297 0.765625 0.529297 0.738281 0.511719 0.716797 0.490234 0.738281 0.494141 0.765625 0.482422 0.785156 0.488281 0.798828
0 0.933594 0.775391 0.855469 0.759766 0.845703 0.707031 0.859375 0.697266 0.949219 0.720703 0.962891 0.742188 0.933594 0.775391 0.933594 0.775391 0.931641 0.75 0.925781 0.732422 0.875 0.724609 0.869141 0.734375 0.882812 0.748047 0.931641 0.75 0.931641 0.75
0 0.0996094 0.746094 0.0878906 0.722656 0.101562 0.701172 0.164062 0.705078 0.208984 0.746094 0.205078 0.796875 0.160156 0.814453 0.160156 0.814453 0.132812 0.810547 0.0957031 0.777344 0.0996094 0.746094 0.119141 0.746094 0.126953 0.769531 0.148438 0.787109 0.173828 0.785156 0.173828 0.785156 0.185547 0.777344 0.177734 0.75 0.152344 0.728516 0.128906 0.728516 0.119141 0.746094
0 0.912109 0.705078 0.00390625 0.00390625
0 0.400391 0.732422 0.00390625 0.00390625
0 0.417969 0.740234 0.427734 0.757812 0.412109 0.808594 0.386719 0.818359 0.386719 0.818359 0.363281 0.818359 0.349609 0.792969 0.375 0.732422 0.417969 0.740234 0.398438 0.755859 0.373047 0.773438 0.378906 0.791016 0.392578 0.792969 0.392578 0.792969 0.404297 0.78125 0.398438 0.755859
0 0.642578 0.789062 0.625 0.806641 0.625 0.806641 0.576172 0.785156 0.601562 0.751953 0.638672 0.761719 0.642578 0.789062 0.619141 0.78125 0.611328 0.777344 0.619141 0.78125 0.619141 0.78125
0 0.699219 0.763672 0.726562 0.759766 0.740234 0.789062 0.714844 0.865234 0.714844 0.865234 0.673828 0.855469 0.658203 0.804688 0.699219 0.763672 0.699219 0.783203 0.681641 0.804688 0.681641 0.832031 0.705078 0.839844 0.705078 0.839844 0.716797 0.789062 0.699219 0.783203
0 0.277344 0.794922 0.3125 0.794922 0.326172 0.828125 0.324219 0.841797 0.296875 0.857422 0.296875 0.857422 0.263672 0.839844 0.277344 0.794922 0.289062 0.814453 0.283203 0.824219 0.294922 0.832031 0.294922 0.832031 0.302734 0.824219 0.289062 0.814453
0 0.765625 0.791016 0.800781 0.787109 0.833984 0.808594 0.841797 0.847656 0.804688 0.869141 0.804688 0.869141 0.789062 0.869141 0.755859 0.839844 0.765625 0.791016 0.78125 0.806641 0.779297 0.828125 0.814453 0.84375 0.814453 0.84375 0.818359 0.824219 0.78125 0.806641
0 0.634766 0.810547 0.00390625 0.00390625
0 0.474609 0.835938 0.486328 0.875 0.474609 0.90625 0.445312 0.919922 0.445312 0.919922 0.416016 0.890625 0.416016 0.847656 0.449219 0.814453 0.474609 0.835938 0.453125 0.837891 0.439453 0.859375 0.451172 0.890625 0.451172 0.890625 0.462891 0.878906 0.453125 0.837891
0 0.992188 0.837891 0.998047 0.902344 0.988281 0.908203 0.988281 0.908203 0.953125 0.908203 0.910156 0.884766 0.892578 0.820312 0.945312 0.818359 0.992188 0.837891 0.980469 0.853516 0.919922 0.839844 0.9375 0.876953 0.990234 0.882812 0.990234 0.882812 0.994141 0.867188 0.980469 0.853516
0 0.203125 0.912109 0.1875 0.908203 0.177734 0.886719 0.222656 0.833984 0.244141 0.855469 0.224609 0.902344 0.203125 0.912109
0 0.623047 0.933594 0.601562 0.943359 0.601562 0.943359 0.564453 0.925781 0.572266 0.871094 0.597656 0.853516 0.625 0.857422 0.646484 0.882812 0.623047 0.933594 0.607422 0.917969 0.619141 0.886719 0.601562 0.876953 0.587891 0.917969 0.607422 0.917969 0.607422 0.917969
0 0.896484 0.865234 0.00390625 0.00390625
0 0.757812 0.947266 0.738281 0.947266 0.720703 0.929688 0.738281 0.884766 0.757812 0.884766 0.771484 0.90625 0.757812 0.947266
0 0.0976562 0.974609 0.0605469 0.957031 0.0605469 0.9375 0.078125 0.919922 0.119141 0.945312 0.0976562 0.974609
0 0.921875 0.998047 0.90625 0.998047 0.900391 0.980469 0.867188 0.958984 0.851562 0.998047 0.814453 0.996094 0.859375 0.935547 0.90625 0.947266 0.921875 0.998047
0 0.332031 0.998047 0.308594 0.998047 0.273438 0.966797 0.234375 0.966797 0.232422 0.996094 0.207031 0.998047 0.201172 0.964844 0.234375 0.943359 0.28125 0.947266 0.316406 0.970703 0.332031 0.998047
0 0.710938 0.998047 0.667969 0.974609 0.650391 0.980469 0.652344 0.998047 0.632812 0.998047 0.634766 0.957031 0.695312 0.958984 0.710938 0.998047
0 0.511719 0.998047 0.484375 0.986328 0.443359 0.996094 0.460938 0.966797 0.488281 0.962891 0.513672 0.984375 0.511719 0.998047
0 0.00195312 0.998047 0.00390625 0.00390625
0 0.117188 0.998047 0.0878906 0.996094 0.117188 0.998047
