0 0.787109 0.339844 0.775391 0.308594 0.779297 0.273438 0.802734 0.234375 0.84375 0.208984 0.910156 0.205078 0.958984 0.25 0.962891 0.28125 0.90625 0.349609 0.867188 0.369141 0.867188 0.369141 0.820312 0.365234 0.787109 0.339844 0.806641 0.320312 0.853516 0.34375 0.853516 0.34375 0.882812 0.333984 0.931641 0.28125 0.935547 0.269531 0.910156 0.236328 0.859375 0.232422 0.810547 0.269531 0.806641 0.320312
0 0.248047 0.289062 0.28125 0.248047 0.324219 0.255859 0.357422 0.3125 0.353516 0.367188 0.316406 0.416016 0.316406 0.416016 0.273438 0.408203 0.25 0.388672 0.236328 0.347656 0.248047 0.289062 0.271484 0.300781 0.267578 0.355469 0.28125 0.380859 0.314453 0.386719 0.314453 0.386719 0.333984 0.332031 0.330078 0.3125 0.292969 0.279297 0.271484 0.300781
0 0.728516 0.292969 0.728516 0.347656 0.703125 0.392578 0.644531 0.400391 0.644531 0.400391 0.615234 0.386719 0.587891 0.304688 0.625 0.263672 0.703125 0.255859 0.728516 0.292969 0.701172 0.289062 0.648438 0.283203 0.619141 0.304688 0.615234 0.328125 0.636719 0.369141 0.681641 0.371094 0.681641 0.371094 0.701172 0.34375 0.701172 0.289062
0 0.453125 0.349609 0.507812 0.345703 0.552734 0.382812 0.533203 0.449219 0.492188 0.482422 0.492188 0.482422 0.441406 0.474609 0.416016 0.4375 0.423828 0.382812 0.453125 0.349609 0.460938 0.373047 0.443359 0.398438 0.451172 0.445312 0.478516 0.457031 0.478516 0.457031 0.509766 0.4375 0.525391 0.402344 0.515625 0.380859 0.484375 0.369141 0.460938 0.373047
0 0.525391 0.353516 0.00390625 0.00390625
0 0.996094 0.505859 0.972656 0.501953 0.943359 0.460938 0.947266 0.40625 0.984375 0.388672 0.998047 0.394531 0.998047 0.417969 0.974609 0.421875 0.970703 0.457031 0.998047 0.480469 0.996094 0.505859
0 0.775391 0.453125 0.796875 0.427734 0.871094 0.412109 0.896484 0.453125 0.896484 0.492188 0.882812 0.513672 0.84375 0.525391 0.84375 0.525391 0.794922 0.511719 0.775391 0.453125 0.798828 0.457031 0.814453 0.488281 0.837891 0.5 0.837891 0.5 0.873047 0.480469 0.847656 0.439453 0.798828 0.457031
0 0.271484 0.558594 0.291016 0.472656 0.328125 0.431641 0.351562 0.427734 0.384766 0.449219 0.392578 0.496094 0.34375 0.611328 0.34375 0.611328 0.285156 0.607422 0.271484 0.558594 0.298828 0.554688 0.298828 0.582031 0.322266 0.585938 0.322266 0.585938 0.333984 0.582031 0.365234 0.5 0.365234 0.46875 0.34375 0.455078 0.306641 0.507812 0.298828 0.554688
0 0.527344 0.505859 0.542969 0.494141 0.585938 0.501953 0.576172 0.519531 0.587891 0.535156 0.580078 0.597656 0.541016 0.65625 0.515625 0.669922 0.515625 0.669922 0.464844 0.669922 0.419922 0.644531 0.419922 0.558594 0.453125 0.521484 0.488281 0.505859 0.527344 0.505859 0.53125 0.525391 0.484375 0.533203 0.443359 0.570312 0.435547 0.625 0.498047 0.644531 0.498047 0.644531 0.513672 0.640625 0.552734 0.589844 0.560547 0.546875 0.53125 0.525391
0 0.787109 0.582031 0.777344 0.603516 0.753906 0.611328 0.753906 0.611328 0.691406 0.607422 0.671875 0.595703 0.654297 0.570312 0.662109 0.53125 0.753906 0.529297 0.787109 0.582031 0.759766 0.578125 0.726562 0.556641 0.699219 0.548828 0.681641 0.558594 0.714844 0.583984 0.751953 0.582031 0.751953 0.582031 0.759766 0.578125
0 0.972656 0.662109 0.933594 0.662109 0.888672 0.640625 0.884766 0.574219 0.910156 0.537109 0.960938 0.529297 0.998047 0.539062 0.996094 0.568359 0.933594 0.556641 0.908203 0.597656 0.908203 0.617188 0.929688 0.634766 0.96875 0.634766 0.996094 0.619141 0.998047 0.648438 0.972656 0.662109
0 0.123047 0.574219 0.144531 0.564453 0.191406 0.580078 0.248047 0.652344 0.240234 0.6875 0.248047 0.691406 0.220703 0.757812 0.203125 0.783203 0.15625 0.806641 0.15625 0.806641 0.09375 0.791016 0.0761719 0.746094 0.0839844 0.652344 0.123047 0.574219 0.166016 0.601562 0.138672 0.597656 0.175781 0.603516 0.15625 0.630859 0.132812 0.626953 0.123047 0.636719 0.0996094 0.703125 0.111328 0.769531 0.154297 0.777344 0.154297 0.777344 0.185547 0.765625 0.220703 0.679688 0.216797 0.640625 0.175781 0.603516 0.138672 0.597656 0.166016 0.601562 0.166016 0.601562
0 0.767578 0.683594 0.767578 0.710938 0.726562 0.736328 0.726562 0.736328 0.6875 0.732422 0.646484 0.699219 0.634766 0.652344 0.648438 0.634766 0.710938 0.619141 0.783203 0.65625 0.787109 0.671875 0.767578 0.683594 0.744141 0.691406 0.724609 0.675781 0.728516 0.660156 0.703125 0.646484 0.671875 0.650391 0.662109 0.660156 0.666016 0.683594 0.6875 0.705078 0.720703 0.710938 0.720703 0.710938 0.744141 0.691406
0 0 0.650391 0 0.638672 0 0.650391
0 0.642578 0.642578 0.00390625 0.00390625
0 0.335938 0.685547 0.382812 0.689453 0.380859 0.707031 0.419922 0.746094 0.408203 0.8125 0.363281 0.826172 0.363281 0.826172 0.292969 0.822266 0.267578 0.769531 0.271484 0.734375 0.335938 0.685547 0.339844 0.712891 0.298828 0.742188 0.304688 0.794922 0.376953 0.796875 0.376953 0.796875 0.396484 0.777344 0.382812 0.736328 0.339844 0.712891
0 0.574219 0.759766 0.648438 0.755859 0.673828 0.785156 0.662109 0.859375 0.605469 0.923828 0.5625 0.939453 0.5625 0.939453 0.515625 0.927734 0.486328 0.894531 0.505859 0.804688 0.574219 0.759766 0.585938 0.783203 0.529297 0.820312 0.517578 0.894531 0.539062 0.912109 0.568359 0.910156 0.568359 0.910156 0.623047 0.867188 0.642578 0.835938 0.644531 0.791016 0.628906 0.794922 0.617188 0.779297 0.585938 0.783203
0 0.996094 0.822266 0.982422 0.792969 0.996094 0.755859 0.996094 0.822266
0 0.337891 0.794922 0.00390625 0.00390625
0 0.757812 0.978516 0.710938 0.970703 0.689453 0.914062 0.720703 0.820312 0.746094 0.794922 0.779297 0.824219 0.802734 0.875 0.783203 0.960938 0.757812 0.978516 0.757812 0.978516 0.751953 0.953125 0.767578 0.921875 0.751953 0.875 0.734375 0.861328 0.716797 0.921875 0.730469 0.951172 0.751953 0.953125 0.751953 0.953125
0 0.00390625 0.927734 0 0.826172 0.00976562 0.875 0.00390625 0.927734
0 0.283203 0.941406 0.335938 0.861328 0.375 0.849609 0.408203 0.871094 0.435547 0.933594 0.435547 0.972656 0.414062 0.998047 0.414062 0.998047 0.291016 0.992188 0.283203 0.941406 0.306641 0.949219 0.314453 0.980469 0.326172 0.984375 0.326172 0.984375 0.371094 0.962891 0.365234 0.957031 0.380859 0.945312 0.388672 0.917969 0.355469 0.888672 0.333984 0.902344 0.306641 0.949219
0 0.878906 0.857422 0.957031 0.857422 0.974609 0.867188 0.994141 0.929688 0.990234 0.980469 0.976562 0.998047 0.976562 0.998047 0.861328 0.996094 0.841797 0.925781 0.855469 0.869141 0.878906 0.857422 0.882812 0.884766 0.869141 0.90625 0.873047 0.960938 0.894531 0.978516 0.931641 0.984375 0.931641 0.984375 0.962891 0.960938 0.947266 0.886719 0.882812 0.884766
0 0.982422 0.869141 0.00390625 0.00390625
0 0.644531 0.998047 0.541016 0.996094 0.566406 0.966797 0.59375 0.966797 0.632812 0.978516 0.644531 0.998047
0 0.986328 0.994141 0.00390625 0.00390625
