0 0.0351562 0.0605469 0.0136719 0.0546875 0 0 0.0136719 0.0078125 0.0234375 0.0488281 0.115234 0 0.0859375 0.0410156 0.0351562 0.0605469
0 0.230469 0.0683594 0.169922 0.0390625 0.179688 0 0.177734 0.03125 0.214844 0.0566406 0.234375 0.0566406 0.248047 0.0273438 0.224609 0 0.251953 0.0078125 0.251953 0.0546875 0.230469 0.0683594
0 0.324219 0.0566406 0.292969 0.0566406 0.271484 0.0429688 0.271484 0.0234375 0.292969 0 0.310547 0 0.279297 0.0351562 0.300781 0.0488281 0.332031 0.0410156 0.349609 0.0195312 0.332031 0 0.361328 0.0078125 0.357422 0.0273438 0.324219 0.0566406
0 0.429688 0.0644531 0.380859 0.0507812 0.380859 0.0234375 0.402344 0 0.453125 0 0.474609 0.0117188 0.474609 0.03125 0.429688 0.0644531 0.429688 0.0644531 0.427734 0.0546875 0.466797 0.0234375 0.457031 0.00976562 0.421875 0.00195312 0.396484 0.015625 0.388672 0.0429688 0.427734 0.0546875 0.427734 0.0546875
0 0.605469 0.0136719 0.574219 0.0136719 0.564453 0 0.617188 0 0.605469 0.0136719
0 0.964844 0.0214844 0.941406 0.0214844 0.931641 0 0.949219 0.0136719 0.998047 0 0.964844 0.0214844
0 0.873047 0.0664062 0.832031 0.0917969 0.832031 0.0917969 0.783203 0.0820312 0.783203 0.0507812 0.808594 0.0253906 0.859375 0.0292969 0.876953 0.046875 0.873047 0.0664062 0.865234 0.0585938 0.859375 0.0410156 0.828125 0.0332031 0.794922 0.0507812 0.794922 0.078125 0.826172 0.0820312 0.826172 0.0820312 0.865234 0.0585938
0 0.554688 0.0292969 0.597656 0.0332031 0.630859 0.0703125 0.638672 0.0976562 0.638672 0.109375 0.617188 0.119141 0.617188 0.119141 0.566406 0.111328 0.525391 0.0664062 0.525391 0.0429688 0.554688 0.0292969 0.558594 0.0371094 0.533203 0.0507812 0.574219 0.103516 0.615234 0.109375 0.615234 0.109375 0.630859 0.101562 0.623047 0.078125 0.589844 0.0410156 0.558594 0.0371094
0 0.921875 0.107422 0.912109 0.0976562 0.921875 0.0527344 0.953125 0.0488281 0.986328 0.0664062 0.964844 0.107422 0.964844 0.107422 0.921875 0.107422 0.929688 0.0996094 0.958984 0.0976562 0.958984 0.0976562 0.978516 0.0742188 0.96875 0.0644531 0.941406 0.0566406 0.923828 0.0664062 0.919922 0.0898438 0.929688 0.0996094
0 0.427734 0.109375 0.429688 0.0722656 0.476562 0.0683594 0.486328 0.078125 0.472656 0.119141 0.472656 0.119141 0.427734 0.109375 0.435547 0.101562 0.466797 0.109375 0.466797 0.109375 0.478516 0.0859375 0.445312 0.0761719 0.435547 0.101562
0 0.730469 0.173828 0.699219 0.173828 0.662109 0.148438 0.667969 0.0722656 0.714844 0.0683594 0.767578 0.09375 0.763672 0.152344 0.730469 0.173828 0.730469 0.173828 0.728516 0.164062 0.751953 0.152344 0.759766 0.101562 0.726562 0.0800781 0.675781 0.0800781 0.666016 0.136719 0.707031 0.166016 0.728516 0.164062 0.728516 0.164062
0 0.0761719 0.101562 0.0761719 0.132812 0.0722656 0.148438 0.0429688 0.166016 0.0429688 0.166016 0.0175781 0.144531 0.0136719 0.0976562 0.0507812 0.0761719 0.0761719 0.101562 0.0683594 0.109375 0.0429688 0.0878906 0.0214844 0.117188 0.0332031 0.152344 0.0527344 0.152344 0.0527344 0.152344 0.0683594 0.109375
0 0.208984 0.113281 0.208984 0.152344 0.1875 0.189453 0.148438 0.201172 0.148438 0.201172 0.101562 0.197266 0.0878906 0.183594 0.0878906 0.144531 0.109375 0.0839844 0.171875 0.0761719 0.208984 0.113281 0.201172 0.117188 0.164062 0.0839844 0.128906 0.0878906 0.103516 0.136719 0.0996094 0.183594 0.142578 0.191406 0.142578 0.191406 0.201172 0.144531 0.201172 0.117188
0 0.289062 0.232422 0.259766 0.191406 0.251953 0.132812 0.289062 0.0996094 0.332031 0.103516 0.365234 0.136719 0.365234 0.183594 0.332031 0.240234 0.332031 0.240234 0.289062 0.232422 0.296875 0.224609 0.326172 0.230469 0.326172 0.230469 0.353516 0.1875 0.357422 0.144531 0.332031 0.115234 0.296875 0.107422 0.263672 0.136719 0.267578 0.183594 0.296875 0.224609
0 0.875 0.189453 0.835938 0.181641 0.830078 0.152344 0.859375 0.123047 0.890625 0.119141 0.908203 0.132812 0.908203 0.15625 0.875 0.189453 0.875 0.189453 0.873047 0.179688 0.900391 0.148438 0.882812 0.126953 0.837891 0.160156 0.84375 0.173828 0.873047 0.179688 0.873047 0.179688
0 0.53125 0.130859 0.544922 0.1875 0.503906 0.232422 0.503906 0.232422 0.466797 0.191406 0.462891 0.167969 0.488281 0.142578 0.53125 0.130859 0.527344 0.138672 0.488281 0.154297 0.470703 0.175781 0.492188 0.208984 0.509766 0.207031 0.509766 0.207031 0.537109 0.179688 0.527344 0.138672
0 0.644531 0.166016 0.683594 0.177734 0.720703 0.222656 0.712891 0.277344 0.683594 0.322266 0.683594 0.322266 0.660156 0.318359 0.595703 0.238281 0.607422 0.195312 0.644531 0.166016 0.648438 0.173828 0.619141 0.199219 0.623047 0.234375 0.642578 0.285156 0.677734 0.3125 0.677734 0.3125 0.708984 0.261719 0.712891 0.226562 0.675781 0.185547 0.648438 0.173828
0 0.783203 0.265625 0.791016 0.210938 0.8125 0.185547 0.845703 0.207031 0.845703 0.25 0.824219 0.271484 0.824219 0.271484 0.783203 0.265625 0.791016 0.257812 0.818359 0.261719 0.818359 0.261719 0.837891 0.238281 0.8125 0.201172 0.791016 0.257812
0 0.0234375 0.251953 0 0.251953 0 0.242188 0.03125 0.240234 0.0605469 0.214844 0 0.216797 0 0.207031 0.0664062 0.205078 0.0644531 0.230469 0.0234375 0.251953
0 0.558594 0.244141 0.53125 0.244141 0.525391 0.226562 0.558594 0.208984 0.568359 0.21875 0.558594 0.244141 0.558594 0.244141 0.552734 0.234375 0.554688 0.220703 0.537109 0.230469 0.552734 0.234375 0.552734 0.234375
0 0.458984 0.273438 0.439453 0.304688 0.390625 0.326172 0.390625 0.326172 0.337891 0.304688 0.333984 0.269531 0.345703 0.253906 0.382812 0.228516 0.457031 0.240234 0.458984 0.273438 0.451172 0.269531 0.449219 0.248047 0.398438 0.236328 0.349609 0.265625 0.345703 0.296875 0.384766 0.316406 0.384766 0.316406 0.435547 0.292969 0.451172 0.269531
0 0.25 0.365234 0.224609 0.34375 0.208984 0.285156 0.222656 0.248047 0.28125 0.251953 0.314453 0.269531 0.326172 0.351562 0.308594 0.369141 0.308594 0.369141 0.25 0.365234 0.257812 0.357422 0.302734 0.359375 0.302734 0.359375 0.318359 0.34375 0.314453 0.296875 0.261719 0.259766 0.238281 0.259766 0.220703 0.292969 0.232422 0.335938 0.257812 0.357422
0 0.929688 0.326172 0.904297 0.308594 0.90625 0.267578 0.945312 0.259766 0.966797 0.273438 0.974609 0.304688 0.960938 0.326172 0.960938 0.326172 0.929688 0.326172 0.9375 0.318359 0.955078 0.316406 0.955078 0.316406 0.962891 0.285156 0.921875 0.267578 0.912109 0.300781 0.9375 0.318359
0 0.126953 0.335938 0.119141 0.382812 0.0859375 0.412109 0.0859375 0.412109 0.0625 0.412109 0.0292969 0.375 0.0292969 0.304688 0.0507812 0.267578 0.0859375 0.267578 0.101562 0.279297 0.126953 0.335938 0.119141 0.339844 0.103516 0.296875 0.0664062 0.275391 0.0449219 0.289062 0.0371094 0.3125 0.0371094 0.367188 0.0800781 0.402344 0.0800781 0.402344 0.111328 0.375 0.119141 0.339844
0 0.517578 0.34375 0.521484 0.3125 0.546875 0.283203 0.585938 0.287109 0.603516 0.300781 0.599609 0.339844 0.5625 0.357422 0.5625 0.357422 0.517578 0.34375 0.525391 0.339844 0.580078 0.34375 0.580078 0.34375 0.595703 0.308594 0.578125 0.294922 0.546875 0.294922 0.525391 0.339844
0 0.785156 0.376953 0.734375 0.369141 0.705078 0.339844 0.701172 0.316406 0.734375 0.298828 0.712891 0.332031 0.742188 0.361328 0.777344 0.369141 0.794922 0.355469 0.794922 0.335938 0.761719 0.302734 0.736328 0.296875 0.742188 0.287109 0.769531 0.294922 0.802734 0.328125 0.802734 0.363281 0.785156 0.376953
0 0.140625 0.322266 0.160156 0.322266 0.189453 0.351562 0.205078 0.382812 0.203125 0.412109 0.203125 0.412109 0.183594 0.412109 0.138672 0.378906 0.140625 0.322266 0.148438 0.330078 0.142578 0.363281 0.197266 0.402344 0.197266 0.402344 0.181641 0.359375 0.148438 0.330078
0 0.857422 0.359375 0.878906 0.337891 0.898438 0.337891 0.927734 0.367188 0.927734 0.386719 0.894531 0.404297 0.894531 0.404297 0.867188 0.400391 0.857422 0.382812 0.857422 0.359375 0.865234 0.367188 0.873047 0.390625 0.888672 0.394531 0.888672 0.394531 0.919922 0.378906 0.890625 0.345703 0.865234 0.367188
0 0.65625 0.404297 0.628906 0.404297 0.615234 0.390625 0.632812 0.345703 0.667969 0.345703 0.681641 0.363281 0.681641 0.382812 0.65625 0.404297 0.65625 0.404297 0.654297 0.394531 0.673828 0.371094 0.660156 0.353516 0.640625 0.353516 0.623047 0.382812 0.636719 0.396484 0.654297 0.394531 0.654297 0.394531
0 0.283203 0.421875 0.339844 0.373047 0.367188 0.369141 0.384766 0.386719 0.380859 0.453125 0.359375 0.486328 0.324219 0.501953 0.324219 0.501953 0.298828 0.496094 0.283203 0.460938 0.283203 0.421875 0.291016 0.425781 0.294922 0.46875 0.318359 0.492188 0.318359 0.492188 0.369141 0.457031 0.376953 0.390625 0.359375 0.376953 0.291016 0.425781
0 0.570312 0.509766 0.542969 0.505859 0.503906 0.478516 0.494141 0.441406 0.494141 0.425781 0.515625 0.404297 0.554688 0.384766 0.556641 0.394531 0.523438 0.412109 0.505859 0.441406 0.554688 0.490234 0.574219 0.490234 0.591797 0.429688 0.558594 0.376953 0.591797 0.398438 0.599609 0.421875 0.595703 0.476562 0.570312 0.509766
0 0.71875 0.396484 0.736328 0.421875 0.732422 0.460938 0.720703 0.484375 0.679688 0.513672 0.679688 0.513672 0.646484 0.5 0.642578 0.445312 0.691406 0.396484 0.71875 0.396484 0.714844 0.404297 0.691406 0.408203 0.650391 0.453125 0.654297 0.492188 0.677734 0.503906 0.677734 0.503906 0.720703 0.464844 0.728516 0.425781 0.714844 0.404297
0 0.236328 0.476562 0.21875 0.537109 0.21875 0.537109 0.179688 0.525391 0.146484 0.484375 0.146484 0.457031 0.167969 0.427734 0.207031 0.443359 0.236328 0.476562 0.228516 0.484375 0.175781 0.443359 0.162109 0.492188 0.212891 0.527344 0.212891 0.527344 0.228516 0.484375
0 0.767578 0.519531 0.767578 0.488281 0.792969 0.439453 0.826172 0.460938 0.804688 0.533203 0.804688 0.533203 0.78125 0.533203 0.767578 0.519531 0.775391 0.515625 0.798828 0.523438 0.798828 0.523438 0.818359 0.464844 0.800781 0.447266 0.775391 0.496094 0.775391 0.515625
0 0.0175781 0.550781 0.0136719 0.484375 0.0585938 0.443359 0.0976562 0.443359 0.115234 0.472656 0.115234 0.519531 0.0625 0.568359 0.0625 0.568359 0.0351562 0.568359 0.0175781 0.550781 0.0253906 0.546875 0.0605469 0.558594 0.0605469 0.558594 0.107422 0.511719 0.107422 0.476562 0.0898438 0.451172 0.0664062 0.451172 0.0214844 0.492188 0.0253906 0.546875
0 0.509766 0.550781 0.496094 0.572266 0.496094 0.572266 0.453125 0.572266 0.427734 0.558594 0.419922 0.527344 0.457031 0.482422 0.476562 0.482422 0.505859 0.527344 0.509766 0.550781 0.501953 0.546875 0.494141 0.523438 0.464844 0.490234 0.431641 0.523438 0.431641 0.542969 0.449219 0.560547 0.490234 0.5625 0.490234 0.5625 0.501953 0.546875
0 0.302734 0.605469 0.302734 0.574219 0.339844 0.521484 0.390625 0.533203 0.404297 0.554688 0.400391 0.617188 0.363281 0.658203 0.363281 0.658203 0.335938 0.658203 0.302734 0.605469 0.310547 0.601562 0.337891 0.648438 0.357422 0.648438 0.357422 0.648438 0.392578 0.609375 0.396484 0.558594 0.355469 0.529297 0.314453 0.570312 0.310547 0.601562
0 0.00390625 0.623047 0.0175781 0.589844 0 0.548828 0.0253906 0.582031 0.0253906 0.613281 0.00390625 0.623047
0 0.560547 0.585938 0.574219 0.548828 0.625 0.560547 0.650391 0.59375 0.654297 0.652344 0.625 0.669922 0.625 0.669922 0.589844 0.658203 0.564453 0.628906 0.560547 0.585938 0.568359 0.589844 0.572266 0.621094 0.585938 0.642578 0.623047 0.660156 0.623047 0.660156 0.650391 0.636719 0.642578 0.601562 0.613281 0.564453 0.582031 0.556641 0.568359 0.589844
0 0.794922 0.601562 0.791016 0.664062 0.761719 0.689453 0.761719 0.689453 0.730469 0.685547 0.701172 0.660156 0.685547 0.621094 0.699219 0.552734 0.753906 0.556641 0.794922 0.601562 0.787109 0.609375 0.765625 0.576172 0.722656 0.556641 0.697266 0.613281 0.734375 0.654297 0.775391 0.667969 0.775391 0.667969 0.787109 0.609375
0 0.205078 0.703125 0.177734 0.640625 0.189453 0.585938 0.222656 0.568359 0.259766 0.578125 0.279297 0.636719 0.271484 0.671875 0.238281 0.712891 0.238281 0.712891 0.205078 0.703125 0.214844 0.693359 0.232422 0.691406 0.232422 0.691406 0.263672 0.652344 0.255859 0.59375 0.238281 0.576172 0.205078 0.597656 0.189453 0.632812 0.193359 0.667969 0.214844 0.693359
0 0.53125 0.623047 0.503906 0.615234 0.494141 0.59375 0.507812 0.576172 0.546875 0.572266 0.552734 0.597656 0.53125 0.623047 0.53125 0.623047 0.529297 0.613281 0.544922 0.589844 0.539062 0.580078 0.505859 0.59375 0.529297 0.613281 0.529297 0.613281
0 0.822266 0.667969 0.830078 0.605469 0.851562 0.583984 0.867188 0.587891 0.916016 0.648438 0.919922 0.6875 0.898438 0.701172 0.898438 0.701172 0.859375 0.697266 0.822266 0.667969 0.830078 0.664062 0.855469 0.685547 0.892578 0.691406 0.892578 0.691406 0.912109 0.679688 0.908203 0.652344 0.851562 0.595703 0.830078 0.636719 0.830078 0.664062
0 0.117188 0.595703 0.150391 0.617188 0.162109 0.648438 0.15625 0.685547 0.15625 0.685547 0.128906 0.681641 0.103516 0.65625 0.103516 0.617188 0.117188 0.595703 0.121094 0.603516 0.111328 0.648438 0.150391 0.675781 0.150391 0.675781 0.142578 0.625 0.121094 0.603516
0 0.449219 0.677734 0.435547 0.660156 0.439453 0.640625 0.464844 0.623047 0.515625 0.634766 0.529297 0.671875 0.507812 0.685547 0.507812 0.685547 0.449219 0.677734 0.457031 0.669922 0.501953 0.675781 0.501953 0.675781 0.521484 0.664062 0.507812 0.642578 0.472656 0.630859 0.447266 0.648438 0.457031 0.669922
0 0.03125 0.724609 0.0078125 0.724609 0 0.710938 0.046875 0.708984 0.0683594 0.671875 0.0273438 0.646484 0 0.650391 0.0078125 0.638672 0.0429688 0.642578 0.0761719 0.664062 0.0683594 0.703125 0.03125 0.724609
0 0.357422 0.730469 0.361328 0.695312 0.382812 0.677734 0.414062 0.677734 0.439453 0.695312 0.439453 0.730469 0.410156 0.755859 0.410156 0.755859 0.382812 0.755859 0.357422 0.730469 0.365234 0.722656 0.382812 0.744141 0.404297 0.746094 0.404297 0.746094 0.427734 0.730469 0.431641 0.703125 0.390625 0.685547 0.365234 0.722656
0 0.691406 0.701172 0.728516 0.730469 0.736328 0.777344 0.703125 0.810547 0.703125 0.810547 0.65625 0.806641 0.607422 0.769531 0.632812 0.708984 0.691406 0.701172 0.683594 0.708984 0.644531 0.712891 0.623047 0.742188 0.623047 0.765625 0.671875 0.802734 0.697266 0.800781 0.697266 0.800781 0.728516 0.769531 0.724609 0.742188 0.683594 0.708984
0 0.767578 0.773438 0.785156 0.728516 0.835938 0.720703 0.888672 0.761719 0.892578 0.816406 0.867188 0.865234 0.867188 0.865234 0.8125 0.853516 0.771484 0.8125 0.767578 0.773438 0.775391 0.78125 0.783203 0.8125 0.828125 0.849609 0.869141 0.851562 0.869141 0.851562 0.884766 0.808594 0.876953 0.761719 0.84375 0.732422 0.796875 0.732422 0.775391 0.78125
0 0.306641 0.789062 0.289062 0.826172 0.289062 0.826172 0.244141 0.816406 0.251953 0.765625 0.277344 0.728516 0.306641 0.753906 0.306641 0.789062 0.298828 0.785156 0.285156 0.736328 0.251953 0.792969 0.257812 0.814453 0.283203 0.816406 0.283203 0.816406 0.298828 0.785156
0 0.0839844 0.757812 0.113281 0.732422 0.160156 0.763672 0.173828 0.792969 0.173828 0.835938 0.136719 0.873047 0.136719 0.873047 0.117188 0.873047 0.0800781 0.828125 0.0839844 0.757812 0.0917969 0.761719 0.0878906 0.820312 0.125 0.865234 0.134766 0.863281 0.134766 0.863281 0.166016 0.832031 0.166016 0.800781 0.158203 0.777344 0.109375 0.744141 0.0917969 0.761719
0 0 0.798828 0 0.751953 0 0.798828
0 0.945312 0.806641 0.919922 0.757812 0.945312 0.748047 0.980469 0.759766 0.990234 0.773438 0.984375 0.810547 0.984375 0.810547 0.945312 0.806641 0.949219 0.798828 0.978516 0.800781 0.978516 0.800781 0.982422 0.78125 0.96875 0.763672 0.927734 0.765625 0.949219 0.798828
0 0.539062 0.865234 0.488281 0.857422 0.470703 0.839844 0.458984 0.796875 0.476562 0.779297 0.523438 0.771484 0.576172 0.804688 0.576172 0.847656 0.539062 0.865234 0.539062 0.865234 0.537109 0.855469 0.572266 0.832031 0.554688 0.798828 0.527344 0.783203 0.470703 0.796875 0.466797 0.816406 0.496094 0.849609 0.537109 0.855469 0.537109 0.855469
