0 0.390625 0.0449219 0.3125 0.0371094 0.287109 0.015625 0.287109 0 0.394531 0.0214844 0.402344 0 0.421875 0 0.423828 0.0234375 0.390625 0.0449219
0 0.867188 0.107422 0.761719 0.0957031 0.728516 0.046875 0.728516 0 0.759766 0 0.755859 0.046875 0.78125 0.0722656 0.855469 0.0800781 0.900391 0.0507812 0.888672 0 0.917969 0 0.927734 0.0585938 0.867188 0.107422
0 0.740234 0.0683594 0.00390625 0.00390625
0 0.279297 0.207031 0.279297 0.140625 0.34375 0.0957031 0.402344 0.0800781 0.451172 0.132812 0.447266 0.203125 0.402344 0.259766 0.335938 0.298828 0.335938 0.298828 0.310547 0.289062 0.279297 0.207031 0.306641 0.207031 0.337891 0.265625 0.337891 0.265625 0.378906 0.244141 0.419922 0.195312 0.423828 0.136719 0.394531 0.107422 0.306641 0.152344 0.306641 0.207031
0 0.210938 0.0917969 0.251953 0.117188 0.255859 0.175781 0.238281 0.205078 0.175781 0.216797 0.175781 0.216797 0.138672 0.207031 0.126953 0.109375 0.144531 0.0917969 0.210938 0.0917969 0.199219 0.115234 0.154297 0.125 0.150391 0.15625 0.158203 0.183594 0.169922 0.1875 0.169922 0.1875 0.228516 0.167969 0.222656 0.126953 0.199219 0.115234
0 0.646484 0.152344 0.679688 0.111328 0.759766 0.167969 0.748047 0.210938 0.707031 0.232422 0.707031 0.232422 0.660156 0.224609 0.634766 0.203125 0.646484 0.152344 0.666016 0.164062 0.662109 0.191406 0.697266 0.207031 0.697266 0.207031 0.714844 0.205078 0.732422 0.175781 0.683594 0.146484 0.666016 0.164062
0 0.572266 0.34375 0.539062 0.404297 0.449219 0.451172 0.449219 0.451172 0.396484 0.410156 0.376953 0.34375 0.412109 0.277344 0.488281 0.224609 0.560547 0.289062 0.572266 0.34375 0.548828 0.335938 0.525391 0.285156 0.484375 0.255859 0.419922 0.332031 0.412109 0.359375 0.427734 0.40625 0.455078 0.417969 0.455078 0.417969 0.523438 0.380859 0.548828 0.335938
0 0.861328 0.320312 0.861328 0.34375 0.839844 0.369141 0.777344 0.392578 0.777344 0.392578 0.734375 0.388672 0.697266 0.347656 0.705078 0.285156 0.730469 0.259766 0.757812 0.251953 0.824219 0.263672 0.853516 0.289062 0.845703 0.292969 0.861328 0.320312 0.837891 0.324219 0.804688 0.283203 0.746094 0.283203 0.728516 0.300781 0.724609 0.339844 0.753906 0.365234 0.783203 0.363281 0.783203 0.363281 0.816406 0.353516 0.837891 0.324219
0 0.158203 0.53125 0.166016 0.519531 0.154297 0.460938 0.181641 0.402344 0.234375 0.373047 0.335938 0.376953 0.353516 0.402344 0.365234 0.464844 0.337891 0.53125 0.296875 0.556641 0.207031 0.576172 0.207031 0.576172 0.179688 0.572266 0.158203 0.53125 0.185547 0.542969 0.216797 0.546875 0.216797 0.546875 0.269531 0.537109 0.330078 0.5 0.333984 0.433594 0.300781 0.404297 0.238281 0.404297 0.185547 0.457031 0.185547 0.542969
0 0.423828 0.376953 0.00390625 0.00390625
0 0.638672 0.382812 0.636719 0.373047 0.732422 0.464844 0.724609 0.523438 0.6875 0.552734 0.6875 0.552734 0.617188 0.541016 0.572266 0.492188 0.595703 0.417969 0.638672 0.382812 0.632812 0.404297 0.603516 0.457031 0.599609 0.492188 0.628906 0.517578 0.669922 0.527344 0.669922 0.527344 0.705078 0.507812 0.705078 0.46875 0.632812 0.404297
0 0.912109 0.542969 0.908203 0.59375 0.847656 0.662109 0.847656 0.662109 0.804688 0.658203 0.759766 0.617188 0.744141 0.574219 0.744141 0.523438 0.808594 0.427734 0.869141 0.464844 0.912109 0.542969 0.888672 0.554688 0.869141 0.503906 0.839844 0.498047 0.835938 0.482422 0.808594 0.470703 0.771484 0.527344 0.771484 0.570312 0.789062 0.607422 0.841797 0.632812 0.841797 0.632812 0.869141 0.609375 0.888672 0.554688
0 0.177734 0.78125 0.222656 0.712891 0.257812 0.701172 0.335938 0.701172 0.345703 0.816406 0.322266 0.863281 0.28125 0.904297 0.253906 0.912109 0.253906 0.912109 0.222656 0.912109 0.189453 0.886719 0.173828 0.820312 0.177734 0.78125 0.201172 0.792969 0.212891 0.871094 0.255859 0.882812 0.255859 0.882812 0.28125 0.869141 0.314453 0.824219 0.322266 0.789062 0.3125 0.724609 0.242188 0.732422 0.201172 0.792969
0 0.71875 0.720703 0.757812 0.705078 0.824219 0.705078 0.876953 0.730469 0.880859 0.765625 0.869141 0.789062 0.8125 0.818359 0.8125 0.818359 0.773438 0.818359 0.765625 0.806641 0.753906 0.814453 0.697266 0.777344 0.71875 0.720703 0.732422 0.742188 0.724609 0.765625 0.742188 0.783203 0.794922 0.789062 0.794922 0.789062 0.832031 0.783203 0.849609 0.761719 0.761719 0.740234 0.765625 0.732422 0.732422 0.742188
0 0.484375 0.927734 0.453125 0.931641 0.453125 0.931641 0.396484 0.914062 0.384766 0.882812 0.396484 0.832031 0.425781 0.806641 0.53125 0.810547 0.548828 0.839844 0.537109 0.890625 0.484375 0.927734 0.478516 0.902344 0.517578 0.871094 0.521484 0.835938 0.433594 0.833984 0.408203 0.871094 0.419922 0.898438 0.478516 0.902344 0.478516 0.902344
0 0.767578 0.818359 0.00390625 0.00390625
0 0.310547 0.822266 0.00390625 0.00390625
0 0.246094 0.998047 0.232422 0.996094 0.246094 0.998047
0 0.257812 0.998047 0.0078125 0.00390625
