0 0.304688 0.107422 0.269531 0.103516 0.244141 0.0820312 0.240234 0.0507812 0.251953 0.0234375 0.277344 0 0.3125 0 0.275391 0.0351562 0.267578 0.0703125 0.320312 0.0761719 0.341797 0.0546875 0.345703 0.0195312 0.330078 0 0.363281 0 0.373047 0.0429688 0.361328 0.0742188 0.304688 0.107422
0 0.566406 0.119141 0.513672 0.0820312 0.505859 0 0.533203 0 0.529297 0.0546875 0.570312 0.0917969 0.630859 0.0546875 0.615234 0 0.648438 0.00195312 0.658203 0.0585938 0.646484 0.078125 0.566406 0.119141
0 0.808594 0.193359 0.753906 0.169922 0.724609 0.128906 0.728516 0.078125 0.75 0.0527344 0.84375 0.0683594 0.876953 0.101562 0.876953 0.152344 0.808594 0.193359 0.808594 0.193359 0.806641 0.167969 0.835938 0.150391 0.841797 0.132812 0.8125 0.0957031 0.761719 0.0839844 0.755859 0.109375 0.767578 0.148438 0.806641 0.167969 0.806641 0.167969
0 0.322266 0.234375 0.333984 0.15625 0.367188 0.130859 0.441406 0.150391 0.482422 0.199219 0.451172 0.273438 0.40625 0.298828 0.40625 0.298828 0.355469 0.287109 0.322266 0.234375 0.345703 0.230469 0.375 0.267578 0.408203 0.269531 0.408203 0.269531 0.443359 0.242188 0.455078 0.199219 0.394531 0.158203 0.363281 0.158203 0.345703 0.230469
0 0.9375 0.447266 0.894531 0.435547 0.865234 0.398438 0.861328 0.375 0.888672 0.304688 0.953125 0.263672 0.994141 0.296875 0.998047 0.339844 0.941406 0.298828 0.900391 0.332031 0.888672 0.382812 0.90625 0.412109 0.9375 0.419922 0.974609 0.394531 0.996094 0.345703 0.998047 0.410156 0.9375 0.447266
0 0.396484 0.302734 0.00390625 0.00390625
0 0.904297 0.400391 0.00390625 0.00390625
0 0.373047 0.675781 0.373047 0.703125 0.34375 0.744141 0.28125 0.767578 0.28125 0.767578 0.216797 0.746094 0.216797 0.6875 0.253906 0.646484 0.316406 0.634766 0.357422 0.65625 0.373047 0.675781 0.349609 0.683594 0.289062 0.666016 0.25 0.685547 0.236328 0.707031 0.240234 0.734375 0.279297 0.738281 0.279297 0.738281 0.324219 0.724609 0.345703 0.707031 0.349609 0.683594
0 0.646484 0.703125 0.652344 0.677734 0.730469 0.630859 0.753906 0.638672 0.791016 0.679688 0.791016 0.726562 0.761719 0.763672 0.714844 0.787109 0.714844 0.787109 0.673828 0.769531 0.646484 0.703125 0.673828 0.703125 0.705078 0.757812 0.705078 0.757812 0.722656 0.755859 0.763672 0.71875 0.748047 0.671875 0.730469 0.662109 0.699219 0.673828 0.673828 0.703125
0 0.376953 0.712891 0.00390625 0.00390625
0 0.835938 0.822266 0.804688 0.833984 0.804688 0.833984 0.78125 0.830078 0.767578 0.804688 0.771484 0.785156 0.824219 0.728516 0.857422 0.75 0.861328 0.789062 0.835938 0.822266 0.830078 0.796875 0.837891 0.777344 0.828125 0.763672 0.794922 0.796875 0.806641 0.804688 0.806641 0.804688 0.830078 0.796875
