0 0.720703 0.167969 0.697266 0.101562 0.705078 0.078125 0.71875 0.0644531 0.765625 0.0761719 0.832031 0.0644531 0.890625 0.0761719 0.900391 0.101562 0.865234 0.164062 0.824219 0.193359 0.792969 0.197266 0.792969 0.197266 0.757812 0.193359 0.720703 0.167969 0.734375 0.146484 0.738281 0.138672 0.761719 0.162109 0.802734 0.167969 0.802734 0.167969 0.824219 0.166016 0.845703 0.144531 0.867188 0.0996094 0.724609 0.0976562 0.734375 0.146484
0 0.527344 0.259766 0.490234 0.242188 0.494141 0.160156 0.527344 0.126953 0.582031 0.111328 0.619141 0.144531 0.611328 0.199219 0.578125 0.244141 0.527344 0.259766 0.527344 0.259766 0.529297 0.234375 0.566406 0.220703 0.583984 0.199219 0.587891 0.152344 0.570312 0.138672 0.525391 0.160156 0.537109 0.1875 0.537109 0.214844 0.521484 0.222656 0.529297 0.234375 0.529297 0.234375
0 0 0.345703 0 0.28125 0.00976562 0.273438 0.0136719 0.242188 0 0.134766 0.0371094 0.199219 0.0332031 0.277344 0 0.345703
0 0.402344 0.162109 0.443359 0.230469 0.423828 0.300781 0.398438 0.322266 0.339844 0.333984 0.339844 0.333984 0.287109 0.308594 0.267578 0.226562 0.300781 0.173828 0.355469 0.146484 0.402344 0.162109 0.390625 0.185547 0.359375 0.173828 0.310547 0.203125 0.294922 0.25 0.3125 0.294922 0.361328 0.300781 0.361328 0.300781 0.400391 0.285156 0.416016 0.226562 0.390625 0.185547
0 0.435547 0.279297 0.00390625 0.00390625
0 0.996094 0.443359 0.951172 0.417969 0.927734 0.375 0.916016 0.292969 0.949219 0.271484 0.998047 0.273438 0.992188 0.302734 0.945312 0.298828 0.939453 0.316406 0.962891 0.390625 0.998047 0.417969 0.996094 0.443359
0 0.244141 0.347656 0.267578 0.40625 0.267578 0.46875 0.240234 0.527344 0.175781 0.560547 0.175781 0.560547 0.138672 0.527344 0.107422 0.414062 0.126953 0.355469 0.169922 0.324219 0.167969 0.314453 0.1875 0.314453 0.226562 0.326172 0.244141 0.347656 0.224609 0.367188 0.199219 0.349609 0.177734 0.355469 0.169922 0.414062 0.152344 0.427734 0.142578 0.421875 0.138672 0.453125 0.181641 0.53125 0.181641 0.53125 0.220703 0.507812 0.240234 0.464844 0.240234 0.402344 0.224609 0.367188
0 0.798828 0.511719 0.822266 0.4375 0.878906 0.400391 0.943359 0.449219 0.966797 0.5 0.947266 0.566406 0.890625 0.603516 0.890625 0.603516 0.855469 0.587891 0.798828 0.511719 0.826172 0.515625 0.888672 0.574219 0.888672 0.574219 0.923828 0.550781 0.939453 0.519531 0.916016 0.457031 0.875 0.431641 0.871094 0.455078 0.847656 0.451172 0.833984 0.46875 0.826172 0.515625
0 0.845703 0.419922 0.00390625 0.00390625
0 0.626953 0.660156 0.626953 0.609375 0.607422 0.589844 0.625 0.576172 0.671875 0.576172 0.6875 0.564453 0.710938 0.576172 0.765625 0.572266 0.798828 0.597656 0.810547 0.640625 0.837891 0.679688 0.837891 0.734375 0.810547 0.753906 0.800781 0.783203 0.742188 0.802734 0.742188 0.802734 0.683594 0.787109 0.658203 0.753906 0.630859 0.683594 0.638672 0.679688 0.626953 0.660156 0.650391 0.65625 0.689453 0.753906 0.714844 0.771484 0.751953 0.773438 0.751953 0.773438 0.787109 0.757812 0.787109 0.632812 0.761719 0.599609 0.652344 0.599609 0.650391 0.65625
0 0.443359 0.664062 0.443359 0.691406 0.394531 0.736328 0.394531 0.736328 0.339844 0.728516 0.28125 0.685547 0.251953 0.648438 0.251953 0.605469 0.296875 0.583984 0.398438 0.591797 0.443359 0.664062 0.416016 0.664062 0.386719 0.619141 0.371094 0.607422 0.328125 0.607422 0.275391 0.621094 0.316406 0.681641 0.359375 0.705078 0.388672 0.707031 0.388672 0.707031 0.416016 0.691406 0.416016 0.664062
0 0.136719 0.603516 0.212891 0.664062 0.228516 0.757812 0.167969 0.806641 0.167969 0.806641 0.0625 0.794922 0.0292969 0.746094 0.0371094 0.632812 0.0742188 0.603516 0.136719 0.603516 0.125 0.626953 0.0820312 0.630859 0.0605469 0.652344 0.0566406 0.746094 0.0820312 0.771484 0.158203 0.777344 0.158203 0.777344 0.201172 0.75 0.189453 0.722656 0.193359 0.683594 0.125 0.626953
0 0.0410156 0.767578 0.00390625 0.00390625
0 0.662109 0.898438 0.605469 0.998047 0.605469 0.998047 0.507812 0.994141 0.460938 0.958984 0.427734 0.914062 0.435547 0.839844 0.46875 0.798828 0.511719 0.771484 0.585938 0.763672 0.654297 0.828125 0.662109 0.898438 0.638672 0.890625 0.638672 0.855469 0.597656 0.802734 0.542969 0.791016 0.515625 0.798828 0.466797 0.839844 0.455078 0.90625 0.503906 0.958984 0.542969 0.982422 0.580078 0.988281 0.580078 0.988281 0.638672 0.890625
0 0.0078125 0.931641 0 0.929688 0 0.90625 0.015625 0.904297 0.0332031 0.875 0 0.847656 0 0.822266 0.0605469 0.867188 0.0488281 0.910156 0.0078125 0.931641
0 0.634766 0.884766 0.00390625 0.00390625
0 0.152344 0.998047 0.117188 0.998047 0.0859375 0.974609 0.046875 0.982422 0.03125 0.998047 0.00195312 0.992188 0.03125 0.958984 0.0898438 0.951172 0.125 0.962891 0.152344 0.998047
