0 0.00390625 0.0761719 0 0 0.0253906 0.046875 0.00390625 0.0761719
0 0.160156 0.0566406 0.078125 0.0332031 0.0644531 0.00390625 0.09375 0 0.105469 0.0175781 0.164062 0.0253906 0.203125 0 0.232422 0 0.160156 0.0566406
0 0.455078 0.300781 0.439453 0.261719 0.435547 0.1875 0.464844 0.146484 0.53125 0.107422 0.609375 0.103516 0.638672 0.144531 0.626953 0.238281 0.570312 0.298828 0.527344 0.314453 0.527344 0.314453 0.480469 0.314453 0.455078 0.300781 0.470703 0.28125 0.509766 0.289062 0.509766 0.289062 0.578125 0.263672 0.591797 0.246094 0.615234 0.160156 0.597656 0.130859 0.542969 0.130859 0.462891 0.1875 0.470703 0.28125
0 0.320312 0.259766 0.392578 0.316406 0.396484 0.390625 0.367188 0.427734 0.34375 0.435547 0.34375 0.435547 0.296875 0.431641 0.251953 0.394531 0.236328 0.296875 0.25 0.267578 0.320312 0.259766 0.308594 0.287109 0.289062 0.291016 0.271484 0.320312 0.279297 0.347656 0.292969 0.369141 0.333984 0.378906 0.333984 0.378906 0.345703 0.335938 0.337891 0.3125 0.308594 0.287109
0 0.521484 0.283203 0.00390625 0.00390625
0 0.65625 0.314453 0.691406 0.298828 0.71875 0.302734 0.783203 0.359375 0.791016 0.425781 0.757812 0.462891 0.730469 0.470703 0.730469 0.470703 0.695312 0.462891 0.654297 0.421875 0.623047 0.34375 0.636719 0.294922 0.652344 0.298828 0.65625 0.314453 0.679688 0.330078 0.654297 0.363281 0.6875 0.412109 0.716797 0.414062 0.716797 0.414062 0.746094 0.412109 0.759766 0.382812 0.679688 0.330078
0 0.466797 0.375 0.527344 0.337891 0.59375 0.341797 0.599609 0.429688 0.570312 0.466797 0.570312 0.466797 0.515625 0.462891 0.46875 0.439453 0.458984 0.421875 0.466797 0.375 0.486328 0.394531 0.496094 0.427734 0.564453 0.4375 0.564453 0.4375 0.576172 0.398438 0.566406 0.365234 0.515625 0.369141 0.486328 0.394531
0 0.0078125 0.607422 0 0.578125 0.0214844 0.5625 0.0332031 0.511719 0.0234375 0.494141 0 0.488281 0 0.458984 0.046875 0.474609 0.0605469 0.511719 0.0488281 0.570312 0.0078125 0.607422
0 0.300781 0.486328 0.386719 0.494141 0.400391 0.511719 0.380859 0.523438 0.388672 0.550781 0.369141 0.609375 0.332031 0.638672 0.253906 0.658203 0.253906 0.658203 0.201172 0.597656 0.201172 0.542969 0.242188 0.509766 0.300781 0.486328 0.300781 0.509766 0.224609 0.550781 0.232422 0.605469 0.253906 0.623047 0.283203 0.625 0.283203 0.625 0.345703 0.597656 0.361328 0.570312 0.351562 0.517578 0.300781 0.509766
0 0.996094 0.658203 0.955078 0.625 0.962891 0.621094 0.951172 0.613281 0.943359 0.570312 0.966797 0.523438 0.996094 0.501953 0.998047 0.527344 0.974609 0.558594 0.978516 0.605469 0.998047 0.628906 0.996094 0.658203
0 0.855469 0.728516 0.822266 0.707031 0.806641 0.679688 0.806641 0.632812 0.84375 0.560547 0.902344 0.552734 0.927734 0.605469 0.927734 0.652344 0.919922 0.699219 0.886719 0.728516 0.886719 0.728516 0.855469 0.728516 0.865234 0.703125 0.884766 0.699219 0.900391 0.664062 0.886719 0.583984 0.863281 0.583984 0.833984 0.625 0.833984 0.671875 0.865234 0.703125 0.865234 0.703125
0 0.0898438 0.587891 0.148438 0.576172 0.175781 0.583984 0.193359 0.613281 0.173828 0.671875 0.128906 0.705078 0.128906 0.705078 0.0742188 0.689453 0.0566406 0.648438 0.0683594 0.609375 0.0898438 0.587891 0.101562 0.611328 0.0839844 0.632812 0.0839844 0.660156 0.123047 0.675781 0.123047 0.675781 0.162109 0.632812 0.162109 0.613281 0.132812 0.599609 0.101562 0.611328
0 0.267578 0.658203 0.00390625 0.00390625
0 0.363281 0.666016 0.433594 0.677734 0.451172 0.695312 0.443359 0.746094 0.414062 0.779297 0.359375 0.794922 0.359375 0.794922 0.318359 0.765625 0.326172 0.6875 0.363281 0.666016 0.359375 0.693359 0.345703 0.710938 0.341797 0.75 0.351562 0.763672 0.376953 0.765625 0.376953 0.765625 0.419922 0.730469 0.423828 0.707031 0.40625 0.693359 0.359375 0.693359
0 0.287109 0.851562 0.287109 0.871094 0.253906 0.912109 0.203125 0.927734 0.203125 0.927734 0.121094 0.919922 0.0996094 0.882812 0.0996094 0.839844 0.136719 0.791016 0.195312 0.759766 0.21875 0.759766 0.222656 0.787109 0.300781 0.810547 0.306641 0.84375 0.287109 0.851562 0.263672 0.851562 0.242188 0.822266 0.179688 0.814453 0.167969 0.802734 0.130859 0.832031 0.132812 0.888672 0.164062 0.900391 0.220703 0.898438 0.220703 0.898438 0.263672 0.851562
0 0.806641 0.882812 0.785156 0.912109 0.746094 0.931641 0.746094 0.931641 0.714844 0.919922 0.701172 0.886719 0.712891 0.796875 0.746094 0.767578 0.78125 0.775391 0.818359 0.808594 0.806641 0.882812 0.787109 0.863281 0.791016 0.824219 0.785156 0.810547 0.746094 0.798828 0.728516 0.835938 0.728516 0.894531 0.751953 0.898438 0.751953 0.898438 0.787109 0.863281
0 0.894531 0.876953 0.886719 0.884766 0.861328 0.867188 0.861328 0.8125 0.882812 0.787109 0.917969 0.794922 0.951172 0.824219 0.955078 0.863281 0.933594 0.888672 0.933594 0.888672 0.894531 0.876953 0.904297 0.851562 0.931641 0.84375 0.917969 0.826172 0.894531 0.822266 0.892578 0.84375 0.904297 0.851562 0.904297 0.851562
0 0 0.896484 0 0.853516 0.00976562 0.863281 0 0.896484
0 0.00195312 0.908203 0.00390625 0.00390625
0 0.941406 0.935547 0.974609 0.960938 0.96875 0.998047 0.96875 0.998047 0.851562 0.998047 0.849609 0.984375 0.861328 0.957031 0.898438 0.935547 0.941406 0.935547 0.933594 0.962891 0.892578 0.980469 0.919922 0.992188 0.919922 0.992188 0.941406 0.986328 0.947266 0.96875 0.933594 0.962891
0 0.816406 0.998047 0.791016 0.992188 0.792969 0.962891 0.761719 0.962891 0.71875 0.998047 0.693359 0.996094 0.712891 0.964844 0.753906 0.935547 0.8125 0.935547 0.822266 0.949219 0.816406 0.998047
0 0.492188 0.998047 0.0078125 0.00390625
0 0.507812 0.998047 0.498047 0.996094 0.507812 0.998047
