0 0.0273438 0.0371094 0 0.0332031 0 0.0117188 0.0722656 0 0.0273438 0.0371094
0 0.480469 0 0.597656 0 0.607422 0.0078125 0.623047 0.0742188 0.585938 0.123047 0.585938 0.123047 0.53125 0.107422 0.527344 0.115234 0.470703 0.0898438 0.462891 0.0273438 0.480469 0 0.503906 0.00195312 0.490234 0.0625 0.519531 0.0839844 0.576172 0.09375 0.576172 0.09375 0.595703 0.078125 0.587891 0.0273438 0.535156 0.00195312 0.503906 0.00195312
0 0.667969 0.0175781 0.644531 0.0175781 0.626953 0 0.693359 0 0.667969 0.0175781
0 0.851562 0.142578 0.800781 0.134766 0.771484 0.113281 0.751953 0.0664062 0.757812 0 0.794922 0 0.779297 0.0390625 0.787109 0.0625 0.808594 0.0878906 0.839844 0.0996094 0.867188 0.0957031 0.884766 0.078125 0.888672 0.0429688 0.861328 0 0.900391 0.0078125 0.916016 0.0625 0.904297 0.113281 0.851562 0.142578
0 0.400391 0.136719 0.359375 0.166016 0.359375 0.166016 0.320312 0.154297 0.283203 0.09375 0.287109 0.0664062 0.324219 0.0371094 0.355469 0.0488281 0.382812 0.0410156 0.408203 0.078125 0.400391 0.136719 0.376953 0.128906 0.380859 0.0820312 0.324219 0.0683594 0.310547 0.09375 0.326172 0.125 0.339844 0.138672 0.361328 0.136719 0.361328 0.136719 0.376953 0.128906
0 0.0585938 0.279297 0.0273438 0.279297 0 0.25 0 0.171875 0.046875 0.0957031 0.0800781 0.125 0.103516 0.175781 0.0839844 0.261719 0.0585938 0.279297 0.0585938 0.279297 0.0527344 0.253906 0.0683594 0.222656 0.0527344 0.175781 0.0351562 0.162109 0.0175781 0.222656 0.03125 0.251953 0.0527344 0.253906 0.0527344 0.253906
0 0.691406 0.146484 0.748047 0.167969 0.771484 0.230469 0.759766 0.332031 0.714844 0.357422 0.714844 0.357422 0.652344 0.337891 0.634766 0.289062 0.642578 0.1875 0.660156 0.158203 0.691406 0.146484 0.691406 0.173828 0.669922 0.195312 0.662109 0.296875 0.675781 0.322266 0.724609 0.328125 0.724609 0.328125 0.740234 0.3125 0.744141 0.226562 0.724609 0.183594 0.691406 0.173828
0 0.146484 0.195312 0.154297 0.171875 0.179688 0.158203 0.257812 0.158203 0.287109 0.183594 0.291016 0.28125 0.265625 0.314453 0.222656 0.330078 0.222656 0.330078 0.183594 0.330078 0.167969 0.318359 0.146484 0.265625 0.146484 0.195312 0.169922 0.207031 0.173828 0.261719 0.195312 0.279297 0.232422 0.285156 0.232422 0.285156 0.263672 0.261719 0.248047 0.1875 0.183594 0.185547 0.169922 0.207031
0 0.283203 0.169922 0.00390625 0.00390625
0 0.5 0.384766 0.496094 0.392578 0.451172 0.332031 0.447266 0.308594 0.455078 0.246094 0.496094 0.197266 0.515625 0.193359 0.542969 0.193359 0.568359 0.21875 0.568359 0.265625 0.587891 0.308594 0.576172 0.375 0.539062 0.396484 0.539062 0.396484 0.511719 0.396484 0.5 0.384766 0.521484 0.371094 0.550781 0.365234 0.560547 0.34375 0.560547 0.304688 0.544922 0.289062 0.541016 0.226562 0.53125 0.220703 0.5 0.228516 0.470703 0.277344 0.478516 0.320312 0.521484 0.371094 0.521484 0.371094
0 0.287109 0.294922 0.00390625 0.00390625
0 0.564453 0.392578 0.00390625 0.00390625
0 0.0742188 0.607422 0 0.597656 0 0.576172 0.0820312 0.580078 0.107422 0.550781 0.0703125 0.498047 0 0.498047 0 0.470703 0.0429688 0.478516 0.046875 0.458984 0.078125 0.466797 0.126953 0.519531 0.130859 0.5625 0.105469 0.595703 0.0742188 0.607422
0 0.0136719 0.470703 0.00390625 0.00390625
0 0.0371094 0.470703 0.00390625 0.00390625
0 0.964844 0.693359 0.910156 0.685547 0.880859 0.65625 0.873047 0.546875 0.90625 0.494141 0.976562 0.470703 0.998047 0.476562 0.998047 0.496094 0.9375 0.505859 0.908203 0.535156 0.896484 0.570312 0.914062 0.658203 0.960938 0.662109 0.998047 0.613281 0.998047 0.660156 0.964844 0.693359
0 0.59375 0.708984 0.554688 0.724609 0.554688 0.724609 0.480469 0.697266 0.462891 0.675781 0.455078 0.578125 0.484375 0.541016 0.578125 0.544922 0.607422 0.558594 0.599609 0.582031 0.626953 0.660156 0.59375 0.708984 0.587891 0.683594 0.599609 0.652344 0.572266 0.578125 0.507812 0.564453 0.488281 0.572266 0.478516 0.605469 0.490234 0.667969 0.560547 0.695312 0.560547 0.695312 0.587891 0.683594
0 0.0996094 0.560547 0.00390625 0.00390625
0 0.736328 0.644531 0.78125 0.572266 0.832031 0.564453 0.857422 0.589844 0.853516 0.648438 0.818359 0.699219 0.789062 0.716797 0.789062 0.716797 0.744141 0.695312 0.736328 0.644531 0.759766 0.652344 0.771484 0.683594 0.787109 0.6875 0.787109 0.6875 0.826172 0.648438 0.824219 0.591797 0.78125 0.611328 0.759766 0.652344
0 0.292969 0.916016 0.265625 0.916016 0.240234 0.898438 0.216797 0.832031 0.216797 0.777344 0.257812 0.720703 0.304688 0.693359 0.335938 0.697266 0.384766 0.753906 0.396484 0.773438 0.396484 0.828125 0.371094 0.880859 0.292969 0.916016 0.292969 0.916016 0.287109 0.890625 0.34375 0.869141 0.369141 0.839844 0.369141 0.785156 0.310547 0.738281 0.308594 0.720703 0.251953 0.765625 0.240234 0.796875 0.251953 0.863281 0.269531 0.888672 0.287109 0.890625 0.287109 0.890625
0 0.996094 0.830078 0.947266 0.78125 0.955078 0.722656 0.976562 0.705078 0.998047 0.707031 0.998047 0.734375 0.978516 0.738281 0.970703 0.773438 0.998047 0.792969 0.996094 0.830078
0 0.699219 0.720703 0.746094 0.720703 0.779297 0.769531 0.783203 0.792969 0.75 0.830078 0.75 0.830078 0.699219 0.822266 0.669922 0.78125 0.673828 0.746094 0.699219 0.720703 0.707031 0.744141 0.697266 0.757812 0.705078 0.792969 0.744141 0.800781 0.744141 0.800781 0.755859 0.792969 0.748047 0.765625 0.707031 0.744141
0 0.0625 0.884766 0.015625 0.884766 0 0.871094 0 0.849609 0.0585938 0.857422 0.0917969 0.808594 0.0839844 0.785156 0.0507812 0.759766 0 0.779297 0 0.746094 0.0078125 0.736328 0.0742188 0.736328 0.119141 0.792969 0.0996094 0.855469 0.0625 0.884766
0 0.349609 0.775391 0.00390625 0.00390625
0 0.654297 0.941406 0.642578 0.972656 0.621094 0.986328 0.621094 0.986328 0.59375 0.978516 0.564453 0.949219 0.541016 0.898438 0.552734 0.851562 0.597656 0.814453 0.654297 0.878906 0.654297 0.941406 0.630859 0.929688 0.626953 0.882812 0.589844 0.845703 0.568359 0.894531 0.615234 0.957031 0.615234 0.957031 0.630859 0.929688
0 0.824219 0.841797 0.880859 0.902344 0.873047 0.945312 0.839844 0.962891 0.839844 0.962891 0.777344 0.943359 0.751953 0.910156 0.759766 0.867188 0.789062 0.841797 0.824219 0.841797 0.8125 0.865234 0.792969 0.869141 0.779297 0.914062 0.845703 0.933594 0.845703 0.933594 0.857422 0.921875 0.837891 0.898438 0.845703 0.894531 0.8125 0.865234
0 0.0371094 0.892578 0.00390625 0.00390625
0 0.136719 0.998047 0.117188 0.998047 0.078125 0.951172 0.0488281 0.96875 0.0390625 0.998047 0.0136719 0.996094 0.0371094 0.941406 0.0664062 0.919922 0.107422 0.933594 0.138672 0.972656 0.136719 0.998047
0 0.371094 0.998047 0.236328 0.996094 0.259766 0.980469 0.253906 0.958984 0.289062 0.955078 0.34375 0.966797 0.371094 0.998047
0 0.865234 0.958984 0.00390625 0.00390625
0 0.996094 0.998047 0.974609 0.996094 0.988281 0.986328 0.996094 0.998047
