0 0.0117188 0.0527344 0 0.0507812 0.0136719 0.0351562 0.0136719 0.0117188 0 0 0.0214844 0.0078125 0.0117188 0.0527344
0 0.179688 0.0410156 0.152344 0.0410156 0.138672 0.0273438 0.140625 0 0.160156 0.0332031 0.175781 0.0332031 0.197266 0 0.179688 0.0410156
0 0.40625 0.00585938 0.365234 0 0.416016 0 0.40625 0.00585938
0 0.566406 0.00976562 0.509766 0 0.583984 0 0.566406 0.00976562
0 0.648438 0.115234 0.615234 0.0898438 0.607422 0.0429688 0.621094 0.0253906 0.675781 0.0214844 0.724609 0.0546875 0.724609 0.0976562 0.691406 0.119141 0.691406 0.119141 0.648438 0.115234 0.65625 0.107422 0.685547 0.109375 0.685547 0.109375 0.708984 0.101562 0.720703 0.0664062 0.679688 0.0332031 0.648438 0.0253906 0.628906 0.0332031 0.615234 0.0507812 0.623047 0.0820312 0.65625 0.107422
0 0.455078 0.078125 0.455078 0.0625 0.484375 0.0371094 0.513672 0.0507812 0.513672 0.078125 0.5 0.0917969 0.5 0.0917969 0.472656 0.0917969 0.455078 0.078125 0.462891 0.0703125 0.494141 0.0820312 0.494141 0.0820312 0.505859 0.0585938 0.492188 0.0449219 0.462891 0.0703125
0 0.0214844 0.0625 0.0625 0.0488281 0.0898438 0.0566406 0.111328 0.078125 0.111328 0.101562 0.0898438 0.123047 0.0898438 0.123047 0.03125 0.0917969 0.0214844 0.0625 0.0292969 0.0703125 0.0625 0.103516 0.0917969 0.109375 0.0917969 0.109375 0.103516 0.0859375 0.0898438 0.0722656 0.0585938 0.0605469 0.0292969 0.0703125
0 0.181641 0.078125 0.175781 0.119141 0.175781 0.119141 0.146484 0.109375 0.148438 0.0566406 0.164062 0.0566406 0.181641 0.078125 0.173828 0.0820312 0.160156 0.0683594 0.154297 0.101562 0.169922 0.109375 0.169922 0.109375 0.173828 0.0820312
0 0.554688 0.111328 0.529297 0.105469 0.529297 0.078125 0.539062 0.0644531 0.574219 0.0605469 0.576172 0.0820312 0.554688 0.111328 0.554688 0.111328 0.552734 0.101562 0.564453 0.0820312 0.558594 0.0683594 0.537109 0.0859375 0.537109 0.0976562 0.552734 0.101562 0.552734 0.101562
0 0.318359 0.109375 0.347656 0.0839844 0.402344 0.0839844 0.419922 0.101562 0.419922 0.136719 0.375 0.158203 0.375 0.158203 0.335938 0.158203 0.318359 0.140625 0.318359 0.109375 0.326172 0.113281 0.335938 0.146484 0.369141 0.148438 0.369141 0.148438 0.412109 0.128906 0.412109 0.105469 0.398438 0.0917969 0.351562 0.0957031 0.326172 0.113281
0 0.222656 0.154297 0.208984 0.136719 0.226562 0.0917969 0.257812 0.0917969 0.271484 0.109375 0.267578 0.144531 0.246094 0.158203 0.246094 0.158203 0.222656 0.154297 0.226562 0.146484 0.251953 0.144531 0.251953 0.144531 0.263672 0.113281 0.234375 0.0996094 0.216797 0.132812 0.226562 0.146484
0 0.0117188 0.185547 0 0.183594 0.0136719 0.171875 0 0.115234 0.0214844 0.140625 0.0214844 0.179688 0.0117188 0.185547
0 0.482422 0.15625 0.464844 0.185547 0.464844 0.185547 0.443359 0.183594 0.435547 0.144531 0.476562 0.126953 0.482422 0.15625 0.474609 0.152344 0.46875 0.134766 0.451172 0.148438 0.451172 0.175781 0.462891 0.175781 0.462891 0.175781 0.474609 0.152344
0 0.455078 0.234375 0.455078 0.21875 0.488281 0.181641 0.546875 0.177734 0.564453 0.195312 0.564453 0.214844 0.515625 0.255859 0.515625 0.255859 0.476562 0.251953 0.455078 0.234375 0.462891 0.226562 0.476562 0.240234 0.509766 0.246094 0.509766 0.246094 0.552734 0.21875 0.550781 0.193359 0.503906 0.185547 0.470703 0.210938 0.462891 0.226562
0 0.820312 0.232422 0.789062 0.228516 0.763672 0.191406 0.777344 0.181641 0.832031 0.189453 0.841797 0.214844 0.820312 0.232422 0.820312 0.232422 0.814453 0.222656 0.832031 0.201172 0.796875 0.189453 0.775391 0.195312 0.789062 0.216797 0.814453 0.222656 0.814453 0.222656
0 0.289062 0.255859 0.251953 0.246094 0.251953 0.214844 0.265625 0.193359 0.289062 0.193359 0.326172 0.21875 0.322266 0.238281 0.289062 0.255859 0.289062 0.255859 0.287109 0.246094 0.314453 0.222656 0.273438 0.201172 0.259766 0.238281 0.287109 0.246094 0.287109 0.246094
0 0.705078 0.246094 0.703125 0.275391 0.703125 0.275391 0.648438 0.267578 0.638672 0.238281 0.65625 0.220703 0.683594 0.224609 0.705078 0.246094 0.697266 0.25 0.675781 0.232422 0.646484 0.246094 0.671875 0.267578 0.697266 0.265625 0.697266 0.265625 0.697266 0.25
0 0.152344 0.224609 0.203125 0.228516 0.205078 0.296875 0.164062 0.326172 0.164062 0.326172 0.152344 0.326172 0.115234 0.28125 0.111328 0.257812 0.152344 0.224609 0.15625 0.232422 0.119141 0.265625 0.15625 0.314453 0.169922 0.3125 0.169922 0.3125 0.193359 0.296875 0.201172 0.253906 0.195312 0.236328 0.15625 0.232422
0 0.345703 0.308594 0.349609 0.25 0.378906 0.228516 0.431641 0.257812 0.431641 0.296875 0.402344 0.330078 0.402344 0.330078 0.345703 0.308594 0.353516 0.300781 0.382812 0.318359 0.404297 0.316406 0.404297 0.316406 0.419922 0.300781 0.423828 0.265625 0.386719 0.236328 0.361328 0.25 0.353516 0.300781
0 0.791016 0.257812 0.785156 0.306641 0.785156 0.306641 0.748047 0.296875 0.742188 0.236328 0.773438 0.240234 0.791016 0.257812 0.783203 0.265625 0.757812 0.244141 0.759766 0.28125 0.779297 0.296875 0.779297 0.296875 0.783203 0.265625
0 0.847656 0.298828 0.820312 0.294922 0.818359 0.269531 0.859375 0.248047 0.876953 0.261719 0.876953 0.277344 0.847656 0.298828 0.847656 0.298828 0.845703 0.289062 0.869141 0.269531 0.835938 0.267578 0.826172 0.277344 0.845703 0.289062 0.845703 0.289062
0 0.208984 0.300781 0.25 0.259766 0.267578 0.285156 0.238281 0.330078 0.238281 0.330078 0.21875 0.330078 0.208984 0.300781 0.216797 0.308594 0.232422 0.320312 0.232422 0.320312 0.255859 0.300781 0.246094 0.271484 0.216797 0.308594
0 0.435547 0.339844 0.451172 0.3125 0.439453 0.304688 0.507812 0.279297 0.566406 0.294922 0.564453 0.347656 0.527344 0.369141 0.527344 0.369141 0.4375 0.365234 0.435547 0.339844 0.443359 0.34375 0.445312 0.357422 0.521484 0.359375 0.521484 0.359375 0.542969 0.353516 0.564453 0.316406 0.527344 0.287109 0.472656 0.298828 0.443359 0.34375
0 0.988281 0.365234 0.957031 0.365234 0.919922 0.34375 0.925781 0.333984 0.960938 0.357422 0.980469 0.357422 0.990234 0.34375 0.986328 0.324219 0.953125 0.306641 0.933594 0.306641 0.917969 0.330078 0.925781 0.298828 0.976562 0.302734 0.994141 0.316406 0.988281 0.365234
0 0.320312 0.353516 0.291016 0.347656 0.285156 0.306641 0.324219 0.302734 0.345703 0.316406 0.341797 0.34375 0.320312 0.353516 0.320312 0.353516 0.318359 0.34375 0.337891 0.324219 0.292969 0.314453 0.294922 0.335938 0.318359 0.34375 0.318359 0.34375
0 0.628906 0.396484 0.580078 0.386719 0.583984 0.34375 0.609375 0.322266 0.632812 0.326172 0.646484 0.347656 0.646484 0.382812 0.628906 0.396484 0.628906 0.396484 0.626953 0.386719 0.638672 0.355469 0.617188 0.330078 0.595703 0.34375 0.587891 0.378906 0.59375 0.388672 0.626953 0.386719 0.626953 0.386719
0 0.160156 0.423828 0.125 0.423828 0.0957031 0.402344 0.105469 0.357422 0.15625 0.349609 0.173828 0.367188 0.160156 0.423828 0.160156 0.423828 0.154297 0.414062 0.166016 0.394531 0.160156 0.365234 0.136719 0.357422 0.103516 0.375 0.109375 0.404297 0.154297 0.414062 0.154297 0.414062
0 0.867188 0.357422 0.910156 0.361328 0.923828 0.390625 0.894531 0.408203 0.894531 0.408203 0.851562 0.408203 0.845703 0.371094 0.867188 0.357422 0.871094 0.365234 0.853516 0.378906 0.859375 0.400391 0.892578 0.398438 0.892578 0.398438 0.916016 0.386719 0.902344 0.369141 0.871094 0.365234
0 0.21875 0.365234 0.246094 0.365234 0.271484 0.386719 0.271484 0.414062 0.253906 0.435547 0.253906 0.435547 0.216797 0.429688 0.208984 0.398438 0.21875 0.365234 0.222656 0.373047 0.220703 0.417969 0.248047 0.425781 0.248047 0.425781 0.263672 0.394531 0.222656 0.373047
0 0.0703125 0.486328 0.046875 0.482422 0.0292969 0.457031 0.0390625 0.451172 0.0664062 0.478516 0.0917969 0.457031 0.0917969 0.425781 0.0703125 0.404297 0.0390625 0.408203 0.0234375 0.455078 0.0175781 0.417969 0.03125 0.400391 0.0742188 0.396484 0.0996094 0.421875 0.0996094 0.460938 0.0703125 0.486328
0 0.494141 0.449219 0.515625 0.431641 0.535156 0.431641 0.552734 0.457031 0.552734 0.476562 0.535156 0.490234 0.535156 0.490234 0.498047 0.476562 0.494141 0.449219 0.501953 0.457031 0.529297 0.480469 0.529297 0.480469 0.544922 0.464844 0.523438 0.439453 0.501953 0.457031
0 0.667969 0.509766 0.628906 0.505859 0.595703 0.480469 0.609375 0.439453 0.65625 0.427734 0.701172 0.449219 0.705078 0.488281 0.667969 0.509766 0.667969 0.509766 0.666016 0.5 0.701172 0.476562 0.679688 0.443359 0.636719 0.439453 0.607422 0.457031 0.636719 0.498047 0.666016 0.5 0.666016 0.5
0 0.283203 0.488281 0.292969 0.435547 0.361328 0.449219 0.376953 0.476562 0.376953 0.523438 0.363281 0.537109 0.363281 0.537109 0.328125 0.537109 0.294922 0.519531 0.283203 0.488281 0.291016 0.484375 0.298828 0.507812 0.324219 0.525391 0.357422 0.527344 0.357422 0.527344 0.369141 0.515625 0.369141 0.480469 0.34375 0.455078 0.304688 0.451172 0.291016 0.484375
0 0.412109 0.503906 0.417969 0.439453 0.478516 0.476562 0.482422 0.496094 0.464844 0.521484 0.464844 0.521484 0.4375 0.521484 0.412109 0.503906 0.419922 0.496094 0.458984 0.511719 0.458984 0.511719 0.470703 0.484375 0.421875 0.451172 0.419922 0.496094
0 0.244141 0.496094 0.236328 0.53125 0.214844 0.552734 0.214844 0.552734 0.191406 0.552734 0.169922 0.523438 0.166016 0.492188 0.183594 0.455078 0.222656 0.458984 0.244141 0.496094 0.236328 0.503906 0.228516 0.480469 0.199219 0.462891 0.173828 0.503906 0.185547 0.53125 0.208984 0.542969 0.208984 0.542969 0.236328 0.503906
0 0.0839844 0.539062 0.0664062 0.556641 0.0664062 0.556641 0.0332031 0.546875 0.0351562 0.505859 0.0625 0.501953 0.0800781 0.515625 0.0839844 0.539062 0.0761719 0.53125 0.0507812 0.509766 0.0371094 0.535156 0.0605469 0.546875 0.0605469 0.546875 0.0761719 0.53125
0 0.287109 0.558594 0.25 0.607422 0.25 0.607422 0.224609 0.597656 0.220703 0.570312 0.248047 0.519531 0.273438 0.513672 0.287109 0.558594 0.279297 0.554688 0.265625 0.521484 0.228516 0.578125 0.244141 0.597656 0.244141 0.597656 0.279297 0.554688
0 0.460938 0.552734 0.482422 0.574219 0.490234 0.609375 0.46875 0.654297 0.46875 0.654297 0.412109 0.640625 0.404297 0.582031 0.414062 0.548828 0.460938 0.552734 0.453125 0.560547 0.421875 0.560547 0.416016 0.625 0.462891 0.644531 0.462891 0.644531 0.482422 0.597656 0.453125 0.560547
0 0.705078 0.582031 0.701172 0.617188 0.675781 0.654297 0.675781 0.654297 0.648438 0.654297 0.607422 0.605469 0.644531 0.548828 0.6875 0.556641 0.705078 0.582031 0.697266 0.585938 0.644531 0.564453 0.619141 0.609375 0.65625 0.646484 0.669922 0.644531 0.669922 0.644531 0.693359 0.613281 0.697266 0.585938
0 0.757812 0.583984 0.726562 0.576172 0.720703 0.550781 0.761719 0.548828 0.771484 0.574219 0.757812 0.583984 0.757812 0.583984 0.755859 0.574219 0.763672 0.566406 0.753906 0.556641 0.728516 0.558594 0.755859 0.574219 0.755859 0.574219
0 0.337891 0.601562 0.333984 0.574219 0.351562 0.552734 0.386719 0.552734 0.392578 0.582031 0.367188 0.611328 0.367188 0.611328 0.337891 0.601562 0.345703 0.597656 0.365234 0.601562 0.365234 0.601562 0.380859 0.585938 0.378906 0.560547 0.359375 0.560547 0.345703 0.578125 0.345703 0.597656
0 0.519531 0.552734 0.568359 0.5625 0.568359 0.585938 0.550781 0.607422 0.550781 0.607422 0.53125 0.607422 0.513672 0.582031 0.519531 0.552734 0.527344 0.560547 0.529297 0.585938 0.544922 0.597656 0.544922 0.597656 0.560547 0.570312 0.527344 0.560547
0 0.279297 0.609375 0.296875 0.560547 0.322266 0.578125 0.308594 0.615234 0.308594 0.615234 0.279297 0.609375 0.287109 0.601562 0.302734 0.605469 0.302734 0.605469 0.314453 0.585938 0.300781 0.572266 0.287109 0.601562
0 0.140625 0.697266 0.117188 0.697266 0.0996094 0.679688 0.105469 0.603516 0.154297 0.640625 0.158203 0.671875 0.140625 0.697266 0.140625 0.697266 0.134766 0.6875 0.150391 0.65625 0.113281 0.615234 0.103516 0.660156 0.117188 0.685547 0.134766 0.6875 0.134766 0.6875
0 0.849609 0.695312 0.792969 0.740234 0.792969 0.740234 0.765625 0.736328 0.736328 0.6875 0.775391 0.625 0.808594 0.611328 0.849609 0.652344 0.849609 0.695312 0.841797 0.6875 0.837891 0.648438 0.800781 0.626953 0.748047 0.691406 0.767578 0.722656 0.787109 0.730469 0.787109 0.730469 0.841797 0.6875
0 0.271484 0.703125 0.267578 0.65625 0.324219 0.626953 0.361328 0.652344 0.365234 0.679688 0.339844 0.716797 0.316406 0.720703 0.316406 0.720703 0.271484 0.703125 0.279297 0.695312 0.310547 0.710938 0.310547 0.710938 0.332031 0.708984 0.357422 0.671875 0.332031 0.638672 0.279297 0.660156 0.279297 0.695312
0 0.482422 0.714844 0.482422 0.671875 0.511719 0.634766 0.546875 0.626953 0.552734 0.714844 0.515625 0.740234 0.515625 0.740234 0.482422 0.714844 0.490234 0.707031 0.507812 0.728516 0.521484 0.726562 0.521484 0.726562 0.544922 0.707031 0.539062 0.634766 0.490234 0.679688 0.490234 0.707031
0 0 0.720703 0 0.708984 0.0410156 0.6875 0.0527344 0.652344 0 0.636719 0.0585938 0.642578 0.0605469 0.667969 0.0410156 0.710938 0 0.720703
0 0.185547 0.714844 0.185547 0.679688 0.207031 0.650391 0.236328 0.683594 0.232422 0.71875 0.210938 0.728516 0.210938 0.728516 0.191406 0.728516 0.185547 0.714844 0.193359 0.710938 0.208984 0.71875 0.208984 0.71875 0.228516 0.695312 0.214844 0.666016 0.193359 0.6875 0.193359 0.710938
0 0.59375 0.708984 0.564453 0.699219 0.556641 0.664062 0.570312 0.654297 0.59375 0.658203 0.607422 0.679688 0.59375 0.708984 0.59375 0.708984 0.591797 0.699219 0.599609 0.6875 0.578125 0.666016 0.572266 0.691406 0.591797 0.699219 0.591797 0.699219
0 0.369141 0.742188 0.414062 0.681641 0.445312 0.673828 0.462891 0.695312 0.462891 0.734375 0.441406 0.775391 0.414062 0.779297 0.414062 0.779297 0.378906 0.779297 0.369141 0.742188 0.376953 0.746094 0.386719 0.771484 0.408203 0.769531 0.408203 0.769531 0.425781 0.767578 0.443359 0.738281 0.451172 0.695312 0.441406 0.685547 0.40625 0.701172 0.376953 0.746094
0 0.626953 0.714844 0.648438 0.681641 0.683594 0.685547 0.701172 0.710938 0.697266 0.753906 0.675781 0.775391 0.675781 0.775391 0.644531 0.775391 0.626953 0.746094 0.626953 0.714844 0.634766 0.71875 0.634766 0.738281 0.652344 0.767578 0.669922 0.765625 0.669922 0.765625 0.689453 0.746094 0.693359 0.714844 0.671875 0.689453 0.65625 0.689453 0.634766 0.71875
0 0.925781 0.791016 0.904297 0.761719 0.904297 0.734375 0.933594 0.708984 0.953125 0.708984 0.978516 0.746094 0.978516 0.777344 0.953125 0.794922 0.953125 0.794922 0.925781 0.791016 0.933594 0.783203 0.958984 0.78125 0.958984 0.78125 0.962891 0.742188 0.941406 0.720703 0.919922 0.738281 0.919922 0.769531 0.933594 0.783203
0 0.240234 0.773438 0.261719 0.736328 0.304688 0.728516 0.337891 0.742188 0.361328 0.800781 0.353516 0.832031 0.332031 0.845703 0.332031 0.845703 0.28125 0.845703 0.248047 0.832031 0.240234 0.773438 0.248047 0.78125 0.251953 0.820312 0.265625 0.833984 0.326172 0.835938 0.326172 0.835938 0.349609 0.816406 0.341797 0.773438 0.320312 0.744141 0.269531 0.744141 0.248047 0.78125
0 0.0390625 0.744141 0.0859375 0.748047 0.0957031 0.78125 0.0507812 0.810547 0.0507812 0.810547 0.0078125 0.802734 0.00195312 0.765625 0.0390625 0.744141 0.0429688 0.751953 0.00585938 0.777344 0.015625 0.794922 0.0449219 0.800781 0.0449219 0.800781 0.0878906 0.773438 0.078125 0.755859 0.0429688 0.751953
0 0.167969 0.740234 0.185547 0.75 0.185547 0.769531 0.15625 0.802734 0.15625 0.802734 0.130859 0.792969 0.126953 0.765625 0.167969 0.740234 0.164062 0.748047 0.134766 0.773438 0.154297 0.789062 0.154297 0.789062 0.177734 0.761719 0.164062 0.748047
0 0.78125 0.833984 0.755859 0.832031 0.751953 0.785156 0.769531 0.759766 0.808594 0.751953 0.833984 0.773438 0.833984 0.792969 0.78125 0.833984 0.78125 0.833984 0.779297 0.824219 0.826172 0.785156 0.8125 0.763672 0.771484 0.773438 0.759766 0.808594 0.779297 0.824219 0.779297 0.824219
0 0.537109 0.828125 0.535156 0.787109 0.578125 0.783203 0.599609 0.796875 0.599609 0.835938 0.585938 0.845703 0.585938 0.845703 0.558594 0.845703 0.537109 0.828125 0.544922 0.820312 0.580078 0.835938 0.580078 0.835938 0.591797 0.828125 0.591797 0.804688 0.570312 0.791016 0.542969 0.794922 0.544922 0.820312
0 0.435547 0.929688 0.408203 0.867188 0.460938 0.787109 0.498047 0.820312 0.513672 0.882812 0.492188 0.916016 0.453125 0.939453 0.453125 0.939453 0.435547 0.929688 0.443359 0.921875 0.455078 0.925781 0.455078 0.925781 0.482422 0.910156 0.505859 0.875 0.476562 0.810547 0.451172 0.820312 0.423828 0.867188 0.443359 0.921875
0 0.0996094 0.824219 0.113281 0.810547 0.140625 0.810547 0.142578 0.835938 0.125 0.853516 0.125 0.853516 0.0996094 0.847656 0.0996094 0.824219 0.107422 0.828125 0.119141 0.84375 0.119141 0.84375 0.134766 0.832031 0.132812 0.818359 0.107422 0.828125
0 0.150391 0.832031 0.171875 0.814453 0.207031 0.818359 0.220703 0.84375 0.203125 0.865234 0.203125 0.865234 0.15625 0.861328 0.150391 0.832031 0.158203 0.835938 0.167969 0.857422 0.197266 0.855469 0.197266 0.855469 0.207031 0.841797 0.171875 0.826172 0.158203 0.835938
0 0.892578 0.84375 0.953125 0.810547 0.966797 0.824219 0.970703 0.863281 0.9375 0.908203 0.9375 0.908203 0.900391 0.882812 0.892578 0.84375 0.900391 0.851562 0.904297 0.871094 0.935547 0.894531 0.935547 0.894531 0.962891 0.855469 0.949219 0.822266 0.900391 0.851562
0 0.0078125 0.919922 0 0.917969 0.00976562 0.882812 0 0.826172 0.0292969 0.855469 0.0078125 0.919922
0 0.615234 0.898438 0.615234 0.855469 0.628906 0.837891 0.648438 0.841797 0.669922 0.871094 0.673828 0.921875 0.664062 0.931641 0.664062 0.931641 0.615234 0.898438 0.623047 0.890625 0.662109 0.917969 0.662109 0.917969 0.662109 0.878906 0.632812 0.849609 0.623047 0.890625
0 0.869141 0.917969 0.820312 0.994141 0.820312 0.994141 0.804688 0.994141 0.783203 0.972656 0.740234 0.90625 0.753906 0.869141 0.8125 0.837891 0.869141 0.890625 0.869141 0.917969 0.861328 0.914062 0.861328 0.898438 0.820312 0.849609 0.748047 0.890625 0.775391 0.945312 0.814453 0.984375 0.814453 0.984375 0.861328 0.914062
0 0.310547 0.863281 0.367188 0.841797 0.380859 0.875 0.335938 0.912109 0.335938 0.912109 0.314453 0.902344 0.310547 0.863281 0.318359 0.871094 0.318359 0.890625 0.341797 0.898438 0.341797 0.898438 0.365234 0.878906 0.355469 0.857422 0.318359 0.871094
0 0.101562 0.888672 0.138672 0.914062 0.150391 0.96875 0.132812 0.994141 0.132812 0.994141 0.0664062 0.982422 0.0488281 0.964844 0.0292969 0.929688 0.0390625 0.884766 0.0585938 0.876953 0.101562 0.888672 0.0976562 0.896484 0.0507812 0.896484 0.0371094 0.921875 0.0605469 0.964844 0.126953 0.984375 0.126953 0.984375 0.142578 0.960938 0.130859 0.921875 0.0976562 0.896484
0 0.253906 0.884766 0.287109 0.902344 0.283203 0.949219 0.265625 0.966797 0.265625 0.966797 0.230469 0.962891 0.216797 0.9375 0.228516 0.898438 0.253906 0.884766 0.257812 0.892578 0.228516 0.917969 0.232422 0.941406 0.251953 0.953125 0.251953 0.953125 0.279297 0.917969 0.257812 0.892578
0 0.976562 0.998047 0.966797 0.996094 0.974609 0.957031 0.957031 0.927734 0.919922 0.996094 0.908203 0.996094 0.916016 0.949219 0.941406 0.912109 0.960938 0.912109 0.978516 0.9375 0.976562 0.998047
0 0.355469 0.998047 0.345703 0.992188 0.357422 0.960938 0.339844 0.943359 0.302734 0.96875 0.292969 0.998047 0.291016 0.96875 0.347656 0.931641 0.365234 0.953125 0.355469 0.998047
0 0.570312 0.998047 0.568359 0.964844 0.542969 0.943359 0.517578 0.96875 0.521484 0.996094 0.509766 0.996094 0.509766 0.960938 0.53125 0.935547 0.572266 0.953125 0.570312 0.998047
0 0.476562 0.998047 0.425781 0.962891 0.412109 0.96875 0.410156 0.998047 0.386719 0.998047 0.380859 0.957031 0.40625 0.943359 0.460938 0.970703 0.476562 0.998047
0 0.714844 0.998047 0.6875 0.974609 0.638672 0.996094 0.671875 0.966797 0.695312 0.966797 0.714844 0.998047
