0 0 0.0644531 0 0 0.0136719 0.015625 0 0.0644531
0 0.0175781 0.00195312 0.00390625 0.00390625
0 0.0390625 0.00976562 0.0214844 0 0.0566406 0 0.0390625 0.00976562
0 0.234375 0.0175781 0.275391 0.0898438 0.259766 0.140625 0.203125 0.181641 0.203125 0.181641 0.152344 0.173828 0.126953 0.121094 0.130859 0.0625 0.167969 0.0136719 0.191406 0.00585938 0.234375 0.0175781 0.214844 0.0371094 0.195312 0.0371094 0.154297 0.078125 0.150391 0.101562 0.162109 0.140625 0.179688 0.154297 0.201172 0.152344 0.201172 0.152344 0.228516 0.136719 0.248047 0.101562 0.214844 0.0371094
0 0.0214844 0.00976562 0.00390625 0.00390625
0 0.998047 0.00976562 0.00390625 0.00390625
0 0.996094 0.0449219 0.992188 0.0136719 0.996094 0.0449219
0 0.998047 0.0527344 0.00390625 0.00390625
0 0.484375 0.0917969 0.529297 0.125 0.537109 0.144531 0.537109 0.191406 0.484375 0.232422 0.484375 0.232422 0.433594 0.224609 0.400391 0.1875 0.404297 0.113281 0.441406 0.0878906 0.484375 0.0917969 0.476562 0.115234 0.429688 0.126953 0.431641 0.1875 0.460938 0.205078 0.486328 0.203125 0.486328 0.203125 0.513672 0.175781 0.501953 0.136719 0.476562 0.115234
0 0.996094 0.248047 0.949219 0.224609 0.931641 0.195312 0.951172 0.125 0.996094 0.0957031 0.998047 0.136719 0.966797 0.152344 0.958984 0.183594 0.998047 0.21875 0.996094 0.248047
0 0.767578 0.199219 0.759766 0.15625 0.800781 0.115234 0.859375 0.111328 0.880859 0.140625 0.873047 0.179688 0.84375 0.212891 0.820312 0.220703 0.820312 0.220703 0.789062 0.216797 0.767578 0.199219 0.787109 0.1875 0.814453 0.191406 0.814453 0.191406 0.849609 0.164062 0.847656 0.134766 0.791016 0.148438 0.787109 0.1875
0 0.0078125 0.189453 0 0.1875 0 0.119141 0.0292969 0.144531 0.0292969 0.171875 0.0078125 0.189453
0 0.826172 0.146484 0.00390625 0.00390625
0 0.691406 0.169922 0.728516 0.1875 0.724609 0.234375 0.703125 0.248047 0.703125 0.248047 0.654297 0.21875 0.65625 0.177734 0.691406 0.169922 0.683594 0.193359 0.677734 0.199219 0.697266 0.214844 0.697266 0.214844 0.683594 0.193359
0 0.166016 0.238281 0.173828 0.277344 0.15625 0.298828 0.15625 0.298828 0.117188 0.291016 0.0917969 0.265625 0.0878906 0.207031 0.105469 0.181641 0.125 0.185547 0.166016 0.238281 0.142578 0.246094 0.117188 0.224609 0.119141 0.265625 0.146484 0.269531 0.146484 0.269531 0.142578 0.246094
0 0 0.318359 0 0.236328 0.0253906 0.273438 0 0.318359
0 0.650391 0.347656 0.617188 0.365234 0.617188 0.365234 0.583984 0.355469 0.572266 0.304688 0.587891 0.242188 0.640625 0.236328 0.673828 0.253906 0.673828 0.304688 0.650391 0.347656 0.626953 0.335938 0.650391 0.277344 0.636719 0.263672 0.613281 0.263672 0.607422 0.289062 0.619141 0.292969 0.599609 0.300781 0.599609 0.328125 0.626953 0.335938 0.626953 0.335938
0 0.373047 0.296875 0.365234 0.347656 0.265625 0.396484 0.265625 0.396484 0.226562 0.380859 0.193359 0.339844 0.201172 0.277344 0.253906 0.251953 0.34375 0.259766 0.373047 0.296875 0.345703 0.300781 0.316406 0.279297 0.246094 0.279297 0.236328 0.339844 0.251953 0.367188 0.251953 0.367188 0.335938 0.337891 0.345703 0.300781
0 0.490234 0.328125 0.46875 0.349609 0.445312 0.353516 0.445312 0.353516 0.402344 0.341797 0.388672 0.304688 0.388672 0.273438 0.417969 0.248047 0.472656 0.259766 0.494141 0.296875 0.490234 0.328125 0.466797 0.316406 0.466797 0.292969 0.425781 0.275391 0.416016 0.3125 0.443359 0.324219 0.443359 0.324219 0.466797 0.316406
0 0.126953 0.263672 0.00390625 0.00390625
0 0.818359 0.394531 0.806641 0.351562 0.814453 0.308594 0.878906 0.271484 0.9375 0.287109 0.974609 0.34375 0.978516 0.382812 0.958984 0.425781 0.917969 0.447266 0.917969 0.447266 0.886719 0.447266 0.847656 0.427734 0.818359 0.394531 0.841797 0.382812 0.878906 0.416016 0.923828 0.417969 0.923828 0.417969 0.947266 0.394531 0.951172 0.371094 0.931641 0.316406 0.910156 0.298828 0.847656 0.314453 0.833984 0.328125 0.841797 0.382812
0 0.00585938 0.441406 0 0.371094 0.03125 0.318359 0.0859375 0.294922 0.123047 0.3125 0.150391 0.382812 0.126953 0.429688 0.078125 0.466797 0.078125 0.466797 0.0214844 0.464844 0.00585938 0.441406 0.0332031 0.4375 0.0605469 0.441406 0.0605469 0.441406 0.0976562 0.423828 0.123047 0.394531 0.119141 0.359375 0.103516 0.332031 0.0820312 0.322266 0.0527344 0.335938 0.0253906 0.390625 0.0332031 0.4375
0 0.0136719 0.345703 0.00390625 0.00390625
0 0.349609 0.4375 0.357422 0.382812 0.382812 0.357422 0.453125 0.384766 0.482422 0.417969 0.464844 0.455078 0.410156 0.478516 0.410156 0.478516 0.382812 0.474609 0.349609 0.4375 0.376953 0.433594 0.390625 0.447266 0.419922 0.449219 0.419922 0.449219 0.445312 0.435547 0.451172 0.417969 0.386719 0.388672 0.376953 0.433594
0 0.533203 0.503906 0.533203 0.457031 0.548828 0.421875 0.5625 0.404297 0.644531 0.408203 0.669922 0.433594 0.669922 0.457031 0.636719 0.509766 0.585938 0.533203 0.585938 0.533203 0.558594 0.533203 0.533203 0.503906 0.556641 0.492188 0.566406 0.505859 0.599609 0.503906 0.599609 0.503906 0.642578 0.449219 0.617188 0.427734 0.578125 0.427734 0.560547 0.453125 0.556641 0.492188
0 0.292969 0.435547 0.333984 0.445312 0.341797 0.476562 0.3125 0.513672 0.285156 0.525391 0.285156 0.525391 0.253906 0.525391 0.232422 0.507812 0.216797 0.464844 0.226562 0.419922 0.265625 0.412109 0.292969 0.435547 0.273438 0.439453 0.246094 0.439453 0.251953 0.488281 0.261719 0.501953 0.279297 0.5 0.279297 0.5 0.314453 0.46875 0.269531 0.447266 0.273438 0.439453
0 0 0.482422 0 0.439453 0 0.482422
0 0.996094 0.591797 0.974609 0.527344 0.996094 0.470703 0.996094 0.591797
0 0.820312 0.607422 0.798828 0.578125 0.806641 0.535156 0.867188 0.482422 0.90625 0.494141 0.927734 0.53125 0.923828 0.578125 0.878906 0.611328 0.878906 0.611328 0.820312 0.607422 0.835938 0.587891 0.873047 0.585938 0.873047 0.585938 0.900391 0.5625 0.900391 0.53125 0.878906 0.509766 0.826172 0.554688 0.835938 0.587891
0 0.00976562 0.636719 0.0175781 0.5625 0.046875 0.533203 0.128906 0.541016 0.169922 0.585938 0.166016 0.65625 0.125 0.701172 0.125 0.701172 0.0507812 0.693359 0.00976562 0.636719 0.0371094 0.632812 0.0703125 0.669922 0.115234 0.671875 0.115234 0.671875 0.130859 0.664062 0.150391 0.609375 0.128906 0.576172 0.078125 0.552734 0.0410156 0.582031 0.0371094 0.632812
0 0.439453 0.570312 0.435547 0.628906 0.375 0.673828 0.375 0.673828 0.335938 0.669922 0.306641 0.617188 0.314453 0.570312 0.339844 0.544922 0.410156 0.548828 0.439453 0.570312 0.417969 0.580078 0.445312 0.580078 0.445312 0.591797 0.445312 0.591797 0.445312 0.580078 0.417969 0.580078 0.341797 0.578125 0.333984 0.613281 0.351562 0.646484 0.369141 0.648438 0.369141 0.648438 0.419922 0.605469 0.417969 0.580078
0 0.539062 0.779297 0.494141 0.738281 0.490234 0.640625 0.478516 0.621094 0.488281 0.607422 0.527344 0.599609 0.611328 0.640625 0.615234 0.683594 0.626953 0.695312 0.626953 0.757812 0.59375 0.791016 0.59375 0.791016 0.539062 0.779297 0.542969 0.755859 0.591797 0.761719 0.591797 0.761719 0.591797 0.664062 0.515625 0.626953 0.509766 0.710938 0.542969 0.755859
0 0.689453 0.667969 0.738281 0.638672 0.763672 0.664062 0.771484 0.710938 0.730469 0.755859 0.707031 0.763672 0.707031 0.763672 0.677734 0.75 0.669922 0.714844 0.689453 0.667969 0.714844 0.677734 0.705078 0.695312 0.697266 0.730469 0.708984 0.734375 0.708984 0.734375 0.744141 0.695312 0.738281 0.673828 0.714844 0.677734
0 0.996094 0.798828 0.957031 0.794922 0.923828 0.753906 0.927734 0.695312 0.912109 0.667969 0.929688 0.650391 0.998047 0.671875 0.996094 0.701172 0.947266 0.683594 0.943359 0.738281 0.964844 0.767578 0.998047 0.773438 0.996094 0.798828
0 0.212891 0.691406 0.210938 0.669922 0.25 0.662109 0.285156 0.673828 0.337891 0.722656 0.357422 0.757812 0.361328 0.800781 0.349609 0.839844 0.324219 0.857422 0.324219 0.857422 0.222656 0.826172 0.208984 0.808594 0.193359 0.773438 0.193359 0.726562 0.212891 0.691406 0.226562 0.693359 0.220703 0.765625 0.232422 0.796875 0.326172 0.824219 0.326172 0.824219 0.330078 0.773438 0.294922 0.707031 0.25 0.689453 0.226562 0.693359
0 0.828125 0.685547 0.875 0.685547 0.892578 0.703125 0.892578 0.738281 0.845703 0.804688 0.816406 0.814453 0.816406 0.814453 0.794922 0.804688 0.779297 0.765625 0.783203 0.714844 0.828125 0.685547 0.835938 0.708984 0.806641 0.726562 0.810547 0.773438 0.826172 0.785156 0.826172 0.785156 0.861328 0.742188 0.855469 0.712891 0.835938 0.708984
0 0.326172 0.810547 0.00390625 0.00390625
0 0.158203 0.859375 0.166016 0.90625 0.154297 0.9375 0.117188 0.962891 0.117188 0.962891 0.0507812 0.951172 0.0410156 0.925781 0.0527344 0.863281 0.0976562 0.826172 0.169922 0.839844 0.169922 0.855469 0.158203 0.859375 0.138672 0.875 0.101562 0.853516 0.0722656 0.886719 0.0683594 0.921875 0.0742188 0.935547 0.111328 0.933594 0.111328 0.933594 0.134766 0.917969 0.138672 0.875
0 0.546875 0.958984 0.505859 0.914062 0.501953 0.855469 0.515625 0.830078 0.582031 0.833984 0.626953 0.867188 0.638672 0.917969 0.626953 0.960938 0.605469 0.974609 0.605469 0.974609 0.546875 0.958984 0.552734 0.933594 0.603516 0.941406 0.603516 0.941406 0.603516 0.878906 0.582031 0.861328 0.53125 0.853516 0.529297 0.898438 0.552734 0.933594
0 0.996094 0.998047 0.925781 0.998047 0.908203 0.980469 0.908203 0.882812 0.988281 0.837891 0.998047 0.839844 0.998047 0.894531 0.935547 0.9375 0.931641 0.96875 0.945312 0.986328 0.992188 0.986328 0.996094 0.998047
0 0.839844 0.978516 0.808594 0.978516 0.783203 0.957031 0.779297 0.898438 0.816406 0.865234 0.875 0.861328 0.904297 0.890625 0.904297 0.914062 0.888672 0.941406 0.839844 0.978516 0.839844 0.978516 0.830078 0.953125 0.876953 0.90625 0.859375 0.884766 0.806641 0.90625 0.810547 0.945312 0.830078 0.953125 0.830078 0.953125
0 0.675781 0.974609 0.658203 0.945312 0.662109 0.898438 0.683594 0.873047 0.746094 0.880859 0.767578 0.914062 0.755859 0.945312 0.714844 0.982422 0.714844 0.982422 0.675781 0.974609 0.689453 0.953125 0.708984 0.953125 0.708984 0.953125 0.736328 0.921875 0.722656 0.900391 0.689453 0.90625 0.689453 0.953125
0 0.265625 0.900391 0.292969 0.880859 0.324219 0.884766 0.361328 0.921875 0.349609 0.960938 0.300781 0.994141 0.300781 0.994141 0.253906 0.990234 0.220703 0.964844 0.228516 0.917969 0.253906 0.884766 0.265625 0.900391 0.265625 0.919922 0.244141 0.945312 0.257812 0.962891 0.291016 0.964844 0.291016 0.964844 0.333984 0.9375 0.308594 0.908203 0.265625 0.919922
0 0.283203 0.884766 0.00390625 0.00390625
0 0.0800781 0.966797 0.00390625 0.00390625
0 0.476562 0.998047 0.449219 0.998047 0.4375 0.986328 0.402344 0.998047 0.365234 0.992188 0.386719 0.970703 0.429688 0.958984 0.464844 0.970703 0.476562 0.998047
0 0.361328 0.998047 0.00390625 0.00390625
