0 0.0214844 0.167969 0 0.101562 0.00585938 0.078125 0.0195312 0.0644531 0.0664062 0.0761719 0.132812 0.0644531 0.191406 0.0761719 0.201172 0.101562 0.166016 0.164062 0.125 0.193359 0.09375 0.197266 0.09375 0.197266 0.0585938 0.193359 0.0214844 0.167969 0.0351562 0.146484 0.0390625 0.138672 0.0625 0.162109 0.103516 0.167969 0.103516 0.167969 0.125 0.166016 0.146484 0.144531 0.167969 0.0996094 0.0253906 0.0976562 0.0351562 0.146484
0 0.996094 0.412109 0.972656 0.408203 0.943359 0.382812 0.935547 0.347656 0.947266 0.289062 0.980469 0.248047 0.998047 0.25 0.998047 0.277344 0.970703 0.300781 0.966797 0.355469 0.970703 0.371094 0.998047 0.386719 0.996094 0.412109
0 0.216797 0.320312 0.222656 0.283203 0.304688 0.271484 0.357422 0.292969 0.376953 0.339844 0.423828 0.386719 0.419922 0.4375 0.390625 0.458984 0.359375 0.458984 0.363281 0.466797 0.363281 0.466797 0.300781 0.447266 0.240234 0.40625 0.216797 0.320312 0.240234 0.316406 0.263672 0.390625 0.320312 0.427734 0.373047 0.4375 0.373047 0.4375 0.396484 0.425781 0.396484 0.398438 0.353516 0.355469 0.349609 0.320312 0.308594 0.298828 0.246094 0.298828 0.240234 0.316406
0 0.609375 0.298828 0.648438 0.287109 0.673828 0.300781 0.685547 0.386719 0.65625 0.462891 0.65625 0.462891 0.601562 0.447266 0.572266 0.398438 0.583984 0.324219 0.609375 0.298828 0.621094 0.318359 0.599609 0.355469 0.599609 0.402344 0.642578 0.4375 0.642578 0.4375 0.658203 0.339844 0.648438 0.322266 0.621094 0.318359
0 0.0996094 0.511719 0.123047 0.4375 0.179688 0.400391 0.244141 0.449219 0.267578 0.5 0.248047 0.566406 0.191406 0.603516 0.191406 0.603516 0.15625 0.587891 0.0996094 0.511719 0.126953 0.515625 0.189453 0.574219 0.189453 0.574219 0.224609 0.550781 0.240234 0.519531 0.216797 0.457031 0.175781 0.431641 0.171875 0.455078 0.148438 0.451172 0.134766 0.46875 0.126953 0.515625
0 0.5 0.595703 0.476562 0.595703 0.443359 0.566406 0.435547 0.5 0.457031 0.494141 0.494141 0.429688 0.535156 0.404297 0.558594 0.412109 0.572266 0.441406 0.568359 0.507812 0.544922 0.5625 0.5 0.595703 0.5 0.595703 0.494141 0.570312 0.537109 0.511719 0.544922 0.441406 0.53125 0.431641 0.494141 0.476562 0.478516 0.519531 0.478516 0.5625 0.494141 0.570312 0.494141 0.570312
0 0.146484 0.419922 0.00390625 0.00390625
0 0.996094 0.607422 0.970703 0.585938 0.974609 0.515625 0.996094 0.466797 0.996094 0.607422
0 0.65625 0.560547 0.697266 0.625 0.693359 0.679688 0.597656 0.775391 0.597656 0.775391 0.554688 0.771484 0.533203 0.738281 0.533203 0.640625 0.585938 0.568359 0.613281 0.556641 0.65625 0.560547 0.640625 0.595703 0.595703 0.667969 0.591797 0.710938 0.603516 0.71875 0.603516 0.71875 0.638672 0.671875 0.650391 0.617188 0.640625 0.595703
0 0.822266 0.574219 0.84375 0.564453 0.890625 0.580078 0.947266 0.652344 0.947266 0.691406 0.919922 0.757812 0.902344 0.783203 0.855469 0.806641 0.855469 0.806641 0.792969 0.791016 0.775391 0.746094 0.783203 0.652344 0.822266 0.574219 0.865234 0.601562 0.837891 0.597656 0.875 0.603516 0.855469 0.630859 0.832031 0.626953 0.822266 0.636719 0.798828 0.703125 0.810547 0.769531 0.853516 0.777344 0.853516 0.777344 0.884766 0.765625 0.919922 0.679688 0.916016 0.640625 0.875 0.603516 0.837891 0.597656 0.865234 0.601562 0.865234 0.601562
0 0.0429688 0.802734 0.00390625 0.794922 0 0.765625 0.0507812 0.775391 0.0878906 0.757812 0.0800781 0.722656 0.0917969 0.710938 0.0839844 0.6875 0.0957031 0.660156 0.0625 0.599609 0 0.599609 0 0.568359 0.0664062 0.572266 0.09375 0.591797 0.142578 0.695312 0.138672 0.734375 0.111328 0.753906 0.107422 0.777344 0.0429688 0.802734
0 0.404297 0.746094 0.384766 0.726562 0.388672 0.707031 0.429688 0.666016 0.46875 0.673828 0.517578 0.742188 0.501953 0.808594 0.480469 0.822266 0.480469 0.822266 0.441406 0.814453 0.412109 0.785156 0.404297 0.746094 0.427734 0.757812 0.445312 0.783203 0.478516 0.792969 0.478516 0.792969 0.490234 0.746094 0.464844 0.708984 0.4375 0.693359 0.416016 0.710938 0.427734 0.757812
0 0.996094 0.822266 0.966797 0.769531 0.966797 0.742188 0.992188 0.712891 0.996094 0.822266
0 0.617188 0.798828 0.664062 0.791016 0.701172 0.828125 0.708984 0.914062 0.660156 0.955078 0.660156 0.955078 0.609375 0.943359 0.591797 0.925781 0.576172 0.898438 0.576172 0.84375 0.617188 0.798828 0.621094 0.826172 0.607422 0.84375 0.603516 0.890625 0.623047 0.902344 0.623047 0.902344 0.666016 0.867188 0.652344 0.818359 0.621094 0.826172
0 0.996094 0.998047 0.982422 0.972656 0.996094 0.912109 0.996094 0.998047
