0 0 0.0175781 0.00390625 0 0 0.0175781
0 0.0625 0.0371094 0.0449219 0.0273438 0.0488281 0 0.0644531 0 0.0527344 0.0195312 0.0625 0.0253906 0.078125 0 0.0800781 0.0195312 0.0625 0.0371094
0 0.269531 0.0566406 0.240234 0.0390625 0.226562 0 0.25 0 0.269531 0.0332031 0.279297 0.0273438 0.277344 0 0.306641 0.00390625 0.298828 0.0429688 0.269531 0.0566406
0 0.392578 0.0351562 0.396484 0.0507812 0.375 0.0839844 0.375 0.0839844 0.339844 0.0839844 0.322266 0.0703125 0.324219 0 0.363281 0.00195312 0.392578 0.0351562 0.373047 0.0429688 0.339844 0.0175781 0.341797 0.0546875 0.361328 0.0625 0.361328 0.0625 0.373047 0.0429688
0 0.519531 0.0644531 0.453125 0.0410156 0.447266 0.015625 0.476562 0 0.458984 0.0234375 0.519531 0.0527344 0.560547 0.0195312 0.541016 0 0.554688 0 0.568359 0.0273438 0.519531 0.0644531
0 0.621094 0.00195312 0.599609 0 0.621094 0.00195312
0 0.757812 0.0214844 0.726562 0.0214844 0.705078 0 0.753906 0.0136719 0.773438 0 0.757812 0.0214844
0 0.101562 0.0839844 0.0800781 0.078125 0.0800781 0.0273438 0.0976562 0.00976562 0.115234 0.0195312 0.115234 0.0664062 0.101562 0.0839844 0.101562 0.0839844 0.0996094 0.0742188 0.101562 0.0214844 0.0878906 0.0390625 0.0878906 0.0703125 0.0996094 0.0742188 0.0996094 0.0742188
0 0.126953 0.0703125 0.132812 0.0292969 0.148438 0.0292969 0.162109 0.0507812 0.152344 0.0800781 0.152344 0.0800781 0.126953 0.0703125 0.134766 0.0664062 0.150391 0.0703125 0.150391 0.0703125 0.154297 0.0546875 0.140625 0.0371094 0.134766 0.0664062
0 0.623047 0.0976562 0.615234 0.0507812 0.625 0.0410156 0.660156 0.0449219 0.681641 0.0664062 0.671875 0.123047 0.671875 0.123047 0.623047 0.0976562 0.630859 0.0898438 0.666016 0.113281 0.666016 0.113281 0.669922 0.0742188 0.648438 0.0527344 0.632812 0.0527344 0.623047 0.0625 0.630859 0.0898438
0 0.949219 0.154297 0.898438 0.138672 0.876953 0.113281 0.876953 0.0898438 0.9375 0.0410156 0.96875 0.0410156 0.998047 0.0585938 0.996094 0.0722656 0.949219 0.0488281 0.884766 0.0976562 0.892578 0.117188 0.933594 0.146484 0.998047 0.121094 0.992188 0.134766 0.949219 0.154297
0 0.177734 0.0898438 0.199219 0.0605469 0.253906 0.0605469 0.279297 0.078125 0.291016 0.113281 0.25 0.150391 0.25 0.150391 0.226562 0.150391 0.185547 0.125 0.177734 0.0898438 0.197266 0.09375 0.210938 0.119141 0.259766 0.125 0.259766 0.125 0.267578 0.105469 0.25 0.0839844 0.222656 0.0761719 0.197266 0.09375
0 0.396484 0.109375 0.396484 0.0703125 0.417969 0.0566406 0.4375 0.0605469 0.451172 0.0859375 0.451172 0.117188 0.425781 0.134766 0.425781 0.134766 0.396484 0.109375 0.404297 0.105469 0.417969 0.123047 0.431641 0.121094 0.431641 0.121094 0.443359 0.109375 0.439453 0.0820312 0.414062 0.0683594 0.404297 0.105469
0 0.0527344 0.109375 0.0488281 0.0898438 0.0625 0.0683594 0.0917969 0.0976562 0.0820312 0.115234 0.0820312 0.115234 0.0527344 0.109375 0.0605469 0.101562 0.0761719 0.105469 0.0761719 0.105469 0.0625 0.0839844 0.0605469 0.101562
0 0.570312 0.193359 0.535156 0.189453 0.509766 0.144531 0.550781 0.0683594 0.59375 0.0957031 0.619141 0.128906 0.619141 0.15625 0.570312 0.193359 0.570312 0.193359 0.564453 0.183594 0.611328 0.140625 0.554688 0.0800781 0.521484 0.128906 0.521484 0.148438 0.546875 0.185547 0.564453 0.183594 0.564453 0.183594
0 0.763672 0.136719 0.759766 0.105469 0.773438 0.0800781 0.804688 0.0839844 0.826172 0.105469 0.830078 0.152344 0.8125 0.166016 0.8125 0.166016 0.785156 0.162109 0.763672 0.136719 0.771484 0.132812 0.802734 0.152344 0.802734 0.152344 0.814453 0.109375 0.78125 0.0878906 0.767578 0.109375 0.771484 0.132812
0 0.359375 0.142578 0.314453 0.136719 0.320312 0.0996094 0.359375 0.0957031 0.380859 0.109375 0.376953 0.132812 0.359375 0.142578 0.359375 0.142578 0.357422 0.132812 0.373047 0.117188 0.363281 0.107422 0.322266 0.113281 0.328125 0.134766 0.357422 0.132812 0.357422 0.132812
0 0.0117188 0.146484 0 0.136719 0.0292969 0.117188 0.0117188 0.111328 0 0.123047 0 0.109375 0.0273438 0.103516 0.0371094 0.128906 0.0117188 0.146484
0 0.134766 0.195312 0.138672 0.152344 0.160156 0.130859 0.183594 0.134766 0.197266 0.15625 0.201172 0.191406 0.183594 0.220703 0.183594 0.220703 0.148438 0.220703 0.134766 0.195312 0.142578 0.191406 0.15625 0.212891 0.177734 0.210938 0.177734 0.210938 0.193359 0.183594 0.185547 0.152344 0.167969 0.138672 0.142578 0.167969 0.142578 0.191406
0 0.435547 0.175781 0.464844 0.142578 0.492188 0.138672 0.501953 0.203125 0.464844 0.232422 0.464844 0.232422 0.447266 0.226562 0.435547 0.175781 0.447266 0.179688 0.451172 0.210938 0.462891 0.21875 0.462891 0.21875 0.494141 0.183594 0.484375 0.150391 0.447266 0.179688
0 0.402344 0.146484 0.412109 0.152344 0.412109 0.183594 0.386719 0.208984 0.386719 0.208984 0.367188 0.208984 0.357422 0.191406 0.365234 0.164062 0.382812 0.146484 0.402344 0.146484 0.398438 0.154297 0.369141 0.179688 0.369141 0.199219 0.380859 0.199219 0.380859 0.199219 0.404297 0.175781 0.398438 0.154297
0 0.0078125 0.236328 0 0.222656 0.0175781 0.210938 0.0214844 0.179688 0.00585938 0.183594 0 0.205078 0 0.179688 0.0234375 0.166016 0.0292969 0.207031 0.0078125 0.236328
0 0.0859375 0.251953 0.0625 0.251953 0.0527344 0.238281 0.0605469 0.191406 0.0859375 0.166016 0.121094 0.166016 0.119141 0.214844 0.0859375 0.251953 0.0859375 0.251953 0.0839844 0.242188 0.111328 0.207031 0.109375 0.173828 0.09375 0.173828 0.0683594 0.199219 0.0605469 0.230469 0.0703125 0.244141 0.0839844 0.242188 0.0839844 0.242188
0 0.851562 0.166016 0.894531 0.177734 0.927734 0.214844 0.931641 0.269531 0.921875 0.283203 0.921875 0.283203 0.875 0.271484 0.837891 0.242188 0.837891 0.183594 0.851562 0.166016 0.859375 0.173828 0.845703 0.210938 0.849609 0.242188 0.916016 0.273438 0.916016 0.273438 0.916016 0.214844 0.859375 0.173828
0 0.757812 0.169922 0.800781 0.173828 0.822266 0.195312 0.810547 0.238281 0.792969 0.251953 0.792969 0.251953 0.746094 0.248047 0.720703 0.230469 0.724609 0.203125 0.757812 0.169922 0.761719 0.177734 0.728516 0.222656 0.753906 0.240234 0.787109 0.242188 0.787109 0.242188 0.814453 0.203125 0.785156 0.177734 0.761719 0.177734
0 0.984375 0.259766 0.970703 0.253906 0.955078 0.214844 0.972656 0.169922 0.998047 0.171875 0.996094 0.181641 0.972656 0.181641 0.962891 0.203125 0.980469 0.244141 0.998047 0.230469 0.984375 0.259766
0 0.664062 0.294922 0.636719 0.291016 0.599609 0.25 0.644531 0.205078 0.671875 0.212891 0.708984 0.253906 0.699219 0.275391 0.664062 0.294922 0.664062 0.294922 0.662109 0.285156 0.697266 0.253906 0.652344 0.212891 0.611328 0.246094 0.636719 0.279297 0.662109 0.285156 0.662109 0.285156
0 0.421875 0.212891 0.431641 0.265625 0.398438 0.302734 0.398438 0.302734 0.380859 0.296875 0.376953 0.238281 0.398438 0.212891 0.421875 0.212891 0.417969 0.220703 0.384766 0.246094 0.388672 0.289062 0.400391 0.289062 0.400391 0.289062 0.423828 0.257812 0.417969 0.220703
0 0.498047 0.261719 0.535156 0.216797 0.550781 0.216797 0.564453 0.234375 0.564453 0.265625 0.535156 0.310547 0.535156 0.310547 0.509766 0.300781 0.498047 0.261719 0.505859 0.269531 0.529297 0.300781 0.529297 0.300781 0.556641 0.257812 0.542969 0.224609 0.505859 0.269531
0 0.304688 0.302734 0.287109 0.28125 0.287109 0.246094 0.308594 0.228516 0.34375 0.232422 0.369141 0.265625 0.363281 0.306641 0.363281 0.306641 0.304688 0.302734 0.3125 0.294922 0.357422 0.296875 0.357422 0.296875 0.361328 0.273438 0.335938 0.240234 0.316406 0.236328 0.294922 0.253906 0.3125 0.294922
0 0.191406 0.244141 0.242188 0.244141 0.279297 0.289062 0.271484 0.316406 0.246094 0.330078 0.246094 0.330078 0.1875 0.318359 0.158203 0.289062 0.158203 0.265625 0.191406 0.244141 0.1875 0.255859 0.173828 0.277344 0.181641 0.296875 0.207031 0.318359 0.232422 0.316406 0.232422 0.316406 0.263672 0.304688 0.248047 0.273438 0.21875 0.251953 0.1875 0.255859
0 0.0820312 0.271484 0.105469 0.271484 0.126953 0.292969 0.109375 0.333984 0.109375 0.333984 0.0859375 0.333984 0.0722656 0.320312 0.0683594 0.285156 0.0820312 0.271484 0.0898438 0.279297 0.0800781 0.285156 0.0839844 0.320312 0.103516 0.324219 0.103516 0.324219 0.119141 0.300781 0.0898438 0.279297
0 0.791016 0.339844 0.789062 0.279297 0.832031 0.271484 0.849609 0.292969 0.857422 0.34375 0.839844 0.357422 0.839844 0.357422 0.8125 0.357422 0.791016 0.339844 0.798828 0.332031 0.833984 0.347656 0.833984 0.347656 0.849609 0.335938 0.841797 0.300781 0.800781 0.287109 0.791016 0.300781 0.798828 0.332031
0 0.552734 0.347656 0.552734 0.3125 0.574219 0.279297 0.597656 0.279297 0.619141 0.296875 0.601562 0.380859 0.601562 0.380859 0.552734 0.347656 0.560547 0.34375 0.599609 0.367188 0.599609 0.367188 0.607422 0.304688 0.578125 0.287109 0.560547 0.316406 0.560547 0.34375
0 0.996094 0.341797 0.970703 0.332031 0.970703 0.308594 0.996094 0.283203 0.998047 0.300781 0.978516 0.316406 0.996094 0.341797
0 0.0234375 0.376953 0.00390625 0.376953 0 0.363281 0.0195312 0.369141 0.0410156 0.328125 0 0.287109 0.0527344 0.328125 0.0488281 0.351562 0.0234375 0.376953
0 0.701172 0.332031 0.6875 0.365234 0.6875 0.365234 0.664062 0.365234 0.646484 0.347656 0.652344 0.314453 0.679688 0.314453 0.701172 0.332031 0.693359 0.339844 0.664062 0.322266 0.662109 0.347656 0.681641 0.355469 0.681641 0.355469 0.693359 0.339844
0 0.216797 0.40625 0.216797 0.421875 0.175781 0.447266 0.175781 0.447266 0.136719 0.447266 0.0839844 0.394531 0.0878906 0.371094 0.144531 0.341797 0.175781 0.345703 0.216797 0.40625 0.208984 0.410156 0.167969 0.353516 0.117188 0.361328 0.0917969 0.382812 0.144531 0.439453 0.169922 0.4375 0.169922 0.4375 0.208984 0.410156
0 0.263672 0.449219 0.279297 0.367188 0.332031 0.341797 0.363281 0.349609 0.357422 0.417969 0.296875 0.458984 0.296875 0.458984 0.263672 0.449219 0.271484 0.441406 0.291016 0.449219 0.291016 0.449219 0.349609 0.410156 0.351562 0.353516 0.275391 0.402344 0.271484 0.441406
0 0.480469 0.341797 0.511719 0.345703 0.533203 0.375 0.533203 0.40625 0.507812 0.435547 0.507812 0.435547 0.484375 0.431641 0.435547 0.386719 0.480469 0.341797 0.484375 0.349609 0.447266 0.386719 0.505859 0.425781 0.505859 0.425781 0.525391 0.382812 0.503906 0.353516 0.484375 0.349609
0 0.972656 0.486328 0.9375 0.474609 0.912109 0.4375 0.912109 0.410156 0.949219 0.365234 0.998047 0.375 0.996094 0.384766 0.957031 0.373047 0.919922 0.417969 0.935547 0.457031 0.964844 0.478516 0.998047 0.453125 0.998047 0.46875 0.972656 0.486328
0 0.619141 0.449219 0.615234 0.386719 0.628906 0.373047 0.660156 0.373047 0.701172 0.394531 0.705078 0.464844 0.695312 0.490234 0.695312 0.490234 0.619141 0.449219 0.626953 0.441406 0.693359 0.476562 0.693359 0.476562 0.697266 0.40625 0.667969 0.384766 0.628906 0.384766 0.626953 0.441406
0 0.78125 0.458984 0.751953 0.425781 0.751953 0.40625 0.78125 0.373047 0.808594 0.373047 0.869141 0.40625 0.865234 0.433594 0.824219 0.466797 0.824219 0.466797 0.78125 0.458984 0.789062 0.451172 0.818359 0.457031 0.818359 0.457031 0.853516 0.410156 0.789062 0.380859 0.763672 0.425781 0.789062 0.451172
0 0 0.488281 0.00585938 0.4375 0.0703125 0.412109 0.0839844 0.433594 0.0800781 0.460938 0.0625 0.482422 0.0234375 0.498047 0.0234375 0.498047 0 0.488281 0.00195312 0.476562 0.0253906 0.484375 0.0253906 0.484375 0.0644531 0.460938 0.0703125 0.435547 0.0390625 0.427734 0.00976562 0.449219 0.00195312 0.476562
0 0.472656 0.431641 0.482422 0.441406 0.482422 0.484375 0.453125 0.509766 0.453125 0.509766 0.412109 0.496094 0.412109 0.457031 0.449219 0.431641 0.472656 0.431641 0.46875 0.439453 0.419922 0.464844 0.419922 0.488281 0.447266 0.5 0.447266 0.5 0.474609 0.476562 0.46875 0.439453
0 0.513672 0.5 0.554688 0.447266 0.566406 0.447266 0.607422 0.5 0.603516 0.558594 0.566406 0.583984 0.566406 0.583984 0.542969 0.583984 0.513672 0.542969 0.513672 0.5 0.521484 0.507812 0.529297 0.550781 0.560547 0.574219 0.560547 0.574219 0.599609 0.539062 0.599609 0.507812 0.5625 0.458984 0.521484 0.507812
0 0.880859 0.503906 0.884766 0.546875 0.863281 0.587891 0.863281 0.587891 0.84375 0.587891 0.818359 0.550781 0.824219 0.482422 0.851562 0.478516 0.880859 0.503906 0.873047 0.511719 0.835938 0.494141 0.830078 0.550781 0.841797 0.574219 0.857422 0.578125 0.857422 0.578125 0.876953 0.539062 0.873047 0.511719
0 0.701172 0.503906 0.746094 0.486328 0.755859 0.519531 0.730469 0.541016 0.730469 0.541016 0.701172 0.53125 0.701172 0.503906 0.708984 0.511719 0.724609 0.53125 0.724609 0.53125 0.748047 0.511719 0.738281 0.494141 0.708984 0.511719
0 0.015625 0.599609 0 0.589844 0.03125 0.583984 0.0605469 0.546875 0.0507812 0.529297 0.03125 0.525391 0 0.560547 0 0.535156 0.0507812 0.517578 0.0644531 0.527344 0.0683594 0.554688 0.0390625 0.591797 0.015625 0.599609
0 0.111328 0.574219 0.115234 0.539062 0.128906 0.525391 0.171875 0.529297 0.189453 0.542969 0.185547 0.5625 0.144531 0.595703 0.144531 0.595703 0.128906 0.595703 0.111328 0.574219 0.119141 0.566406 0.128906 0.580078 0.154297 0.578125 0.154297 0.578125 0.177734 0.546875 0.136719 0.533203 0.119141 0.566406
0 0.214844 0.521484 0.242188 0.525391 0.263672 0.558594 0.267578 0.59375 0.246094 0.615234 0.246094 0.615234 0.210938 0.611328 0.189453 0.582031 0.197266 0.539062 0.214844 0.521484 0.21875 0.529297 0.205078 0.546875 0.201172 0.585938 0.210938 0.599609 0.240234 0.605469 0.240234 0.605469 0.259766 0.574219 0.236328 0.535156 0.21875 0.529297
0 0.996094 0.587891 0.966797 0.570312 0.992188 0.529297 0.998047 0.539062 0.982422 0.566406 0.996094 0.587891
0 0.728516 0.566406 0.792969 0.548828 0.818359 0.585938 0.818359 0.617188 0.804688 0.630859 0.804688 0.630859 0.761719 0.626953 0.728516 0.59375 0.728516 0.566406 0.736328 0.574219 0.740234 0.59375 0.765625 0.615234 0.798828 0.621094 0.798828 0.621094 0.810547 0.59375 0.785156 0.556641 0.736328 0.574219
0 0.355469 0.552734 0.390625 0.556641 0.439453 0.601562 0.431641 0.648438 0.386719 0.708984 0.386719 0.708984 0.361328 0.695312 0.310547 0.628906 0.355469 0.552734 0.363281 0.560547 0.322266 0.625 0.384766 0.695312 0.384766 0.695312 0.423828 0.640625 0.427734 0.605469 0.390625 0.568359 0.363281 0.560547
0 0.65625 0.556641 0.671875 0.556641 0.685547 0.578125 0.685547 0.617188 0.671875 0.642578 0.671875 0.642578 0.646484 0.636719 0.638672 0.601562 0.65625 0.556641 0.664062 0.564453 0.650391 0.613281 0.666016 0.632812 0.666016 0.632812 0.677734 0.585938 0.664062 0.564453
0 0.943359 0.640625 0.914062 0.673828 0.914062 0.673828 0.896484 0.671875 0.876953 0.628906 0.898438 0.564453 0.929688 0.572266 0.943359 0.601562 0.943359 0.640625 0.935547 0.636719 0.931641 0.59375 0.910156 0.572266 0.884766 0.621094 0.908203 0.664062 0.908203 0.664062 0.935547 0.636719
0 0.193359 0.644531 0.193359 0.679688 0.160156 0.716797 0.160156 0.716797 0.130859 0.703125 0.115234 0.667969 0.123047 0.640625 0.15625 0.603516 0.193359 0.644531 0.185547 0.652344 0.152344 0.623047 0.126953 0.675781 0.154297 0.707031 0.154297 0.707031 0.181641 0.679688 0.185547 0.652344
0 0.0703125 0.697266 0.00976562 0.683594 0 0.654297 0.0195312 0.677734 0.0507812 0.689453 0.0800781 0.671875 0.0429688 0.626953 0.0195312 0.626953 0 0.646484 0.0078125 0.623047 0.0507812 0.619141 0.0722656 0.636719 0.0878906 0.683594 0.0703125 0.697266
0 0.996094 0.701172 0.978516 0.683594 0.978516 0.644531 0.996094 0.626953 0.986328 0.652344 0.996094 0.701172
0 0.703125 0.646484 0.730469 0.646484 0.767578 0.679688 0.767578 0.699219 0.742188 0.720703 0.742188 0.720703 0.722656 0.720703 0.701172 0.695312 0.703125 0.646484 0.710938 0.654297 0.705078 0.683594 0.736328 0.710938 0.736328 0.710938 0.759766 0.6875 0.710938 0.654297
0 0.867188 0.646484 0.888672 0.6875 0.84375 0.736328 0.84375 0.736328 0.818359 0.726562 0.810547 0.675781 0.832031 0.650391 0.867188 0.646484 0.863281 0.654297 0.822266 0.675781 0.826172 0.71875 0.841797 0.722656 0.841797 0.722656 0.876953 0.683594 0.863281 0.654297
0 0.570312 0.658203 0.59375 0.662109 0.623047 0.6875 0.621094 0.724609 0.621094 0.724609 0.583984 0.707031 0.564453 0.675781 0.570312 0.658203 0.578125 0.666016 0.587891 0.695312 0.615234 0.714844 0.615234 0.714844 0.615234 0.695312 0.578125 0.666016
0 0.517578 0.707031 0.511719 0.732422 0.511719 0.732422 0.457031 0.732422 0.435547 0.699219 0.460938 0.681641 0.484375 0.681641 0.517578 0.707031 0.509766 0.710938 0.476562 0.689453 0.447266 0.699219 0.464844 0.724609 0.505859 0.722656 0.505859 0.722656 0.509766 0.710938
0 0.25 0.685547 0.291016 0.703125 0.310547 0.757812 0.310547 0.773438 0.261719 0.826172 0.261719 0.826172 0.242188 0.822266 0.201172 0.777344 0.212891 0.726562 0.25 0.685547 0.257812 0.693359 0.208984 0.761719 0.255859 0.816406 0.255859 0.816406 0.298828 0.765625 0.294922 0.738281 0.257812 0.693359
0 0.384766 0.753906 0.386719 0.712891 0.421875 0.705078 0.431641 0.714844 0.433594 0.767578 0.433594 0.767578 0.384766 0.753906 0.392578 0.746094 0.427734 0.757812 0.427734 0.757812 0.423828 0.722656 0.398438 0.716797 0.392578 0.746094
0 0.541016 0.722656 0.546875 0.705078 0.566406 0.705078 0.583984 0.722656 0.574219 0.748047 0.574219 0.748047 0.541016 0.722656 0.548828 0.71875 0.572266 0.738281 0.572266 0.738281 0.572266 0.722656 0.554688 0.712891 0.548828 0.71875
0 0.0253906 0.738281 0.046875 0.716797 0.0703125 0.716797 0.0878906 0.734375 0.0800781 0.769531 0.0585938 0.791016 0.0585938 0.791016 0.0351562 0.791016 0.0175781 0.773438 0.0253906 0.738281 0.0332031 0.742188 0.0253906 0.761719 0.0351562 0.779297 0.0527344 0.78125 0.0527344 0.78125 0.0800781 0.738281 0.0625 0.724609 0.0332031 0.742188
0 0.630859 0.777344 0.640625 0.736328 0.669922 0.75 0.671875 0.791016 0.671875 0.791016 0.630859 0.777344 0.638672 0.769531 0.666016 0.78125 0.666016 0.78125 0.666016 0.761719 0.644531 0.748047 0.638672 0.769531
0 0.53125 0.833984 0.509766 0.804688 0.513672 0.765625 0.53125 0.748047 0.558594 0.751953 0.583984 0.78125 0.583984 0.8125 0.5625 0.837891 0.5625 0.837891 0.53125 0.833984 0.539062 0.826172 0.556641 0.828125 0.556641 0.828125 0.576172 0.789062 0.539062 0.755859 0.517578 0.796875 0.539062 0.826172
0 0.818359 0.808594 0.822266 0.867188 0.777344 0.908203 0.777344 0.908203 0.732422 0.871094 0.720703 0.8125 0.757812 0.771484 0.792969 0.767578 0.818359 0.808594 0.810547 0.8125 0.785156 0.775391 0.769531 0.775391 0.736328 0.808594 0.732422 0.832031 0.744141 0.871094 0.775391 0.898438 0.775391 0.898438 0.814453 0.863281 0.810547 0.8125
0 0.996094 0.865234 0.976562 0.865234 0.966797 0.851562 0.970703 0.804688 0.996094 0.767578 0.974609 0.832031 0.996094 0.865234
0 0.402344 0.787109 0.435547 0.8125 0.435547 0.839844 0.40625 0.865234 0.40625 0.865234 0.369141 0.851562 0.353516 0.820312 0.355469 0.783203 0.402344 0.787109 0.398438 0.794922 0.363281 0.791016 0.373047 0.839844 0.404297 0.855469 0.404297 0.855469 0.427734 0.820312 0.398438 0.794922
0 0.898438 0.791016 0.929688 0.791016 0.951172 0.816406 0.951172 0.855469 0.929688 0.884766 0.929688 0.884766 0.914062 0.884766 0.892578 0.851562 0.888672 0.800781 0.898438 0.791016 0.902344 0.798828 0.904297 0.851562 0.917969 0.865234 0.935547 0.863281 0.935547 0.863281 0.935547 0.808594 0.902344 0.798828
0 0.669922 0.84375 0.669922 0.867188 0.65625 0.880859 0.65625 0.880859 0.623047 0.875 0.619141 0.820312 0.628906 0.806641 0.640625 0.806641 0.669922 0.84375 0.662109 0.851562 0.632812 0.818359 0.626953 0.851562 0.650391 0.871094 0.650391 0.871094 0.662109 0.851562
0 0.5 0.830078 0.513672 0.878906 0.484375 0.904297 0.484375 0.904297 0.435547 0.871094 0.457031 0.837891 0.5 0.830078 0.492188 0.837891 0.476562 0.837891 0.451172 0.871094 0.472656 0.892578 0.486328 0.890625 0.486328 0.890625 0.505859 0.859375 0.492188 0.837891
0 0.527344 0.974609 0.513672 0.960938 0.513672 0.898438 0.5625 0.861328 0.589844 0.861328 0.615234 0.890625 0.611328 0.917969 0.582031 0.962891 0.550781 0.974609 0.550781 0.974609 0.527344 0.974609 0.53125 0.966797 0.548828 0.964844 0.548828 0.964844 0.574219 0.955078 0.599609 0.921875 0.607422 0.894531 0.582031 0.869141 0.521484 0.90625 0.521484 0.953125 0.53125 0.966797
0 0.949219 0.998047 0.890625 0.974609 0.888672 0.957031 0.9375 0.904297 0.996094 0.912109 0.996094 0.923828 0.96875 0.912109 0.9375 0.916016 0.896484 0.964844 0.949219 0.998047
0 0.835938 0.966797 0.818359 0.960938 0.824219 0.931641 0.832031 0.958984 0.849609 0.9375 0.839844 0.923828 0.818359 0.925781 0.832031 0.912109 0.857422 0.925781 0.835938 0.966797
0 0.433594 0.998047 0.386719 0.951172 0.332031 0.958984 0.349609 0.996094 0.335938 0.998047 0.318359 0.957031 0.34375 0.943359 0.394531 0.943359 0.433594 0.998047
0 0.144531 0.998047 0.134766 0.996094 0.138672 0.96875 0.125 0.958984 0.0957031 0.972656 0.0859375 0.998047 0.0800781 0.976562 0.128906 0.951172 0.146484 0.964844 0.144531 0.998047
0 0.976562 0.998047 0.962891 0.996094 0.996094 0.970703 0.976562 0.998047
0 0.59375 0.998047 0.556641 0.996094 0.585938 0.982422 0.59375 0.998047
0 0.683594 0.998047 0.638672 0.996094 0.675781 0.982422 0.683594 0.998047
0 0.492188 0.998047 0.458984 0.996094 0.492188 0.998047
