0 0.992188 0.216797 0.964844 0.216797 0.939453 0.199219 0.916016 0.132812 0.916016 0.078125 0.988281 0 0.998047 0 0.998047 0.0234375 0.951172 0.0664062 0.939453 0.121094 0.962891 0.183594 0.998047 0.1875 0.992188 0.216797
0 0.798828 0.15625 0.761719 0.185547 0.761719 0.185547 0.683594 0.173828 0.658203 0.136719 0.654297 0.101562 0.707031 0.0371094 0.773438 0.0371094 0.818359 0.09375 0.798828 0.15625 0.775391 0.144531 0.791016 0.109375 0.78125 0.0839844 0.75 0.0605469 0.730469 0.0605469 0.685547 0.09375 0.677734 0.117188 0.699219 0.150391 0.748047 0.160156 0.748047 0.160156 0.775391 0.144531
0 0.457031 0.0722656 0.460938 0.0644531 0.486328 0.0976562 0.474609 0.128906 0.425781 0.158203 0.425781 0.158203 0.390625 0.158203 0.353516 0.140625 0.349609 0.0898438 0.394531 0.0371094 0.417969 0.0605469 0.441406 0.0566406 0.457031 0.0722656 0.445312 0.0878906 0.421875 0.0800781 0.402344 0.0917969 0.386719 0.0800781 0.376953 0.0898438 0.382812 0.126953 0.427734 0.128906 0.427734 0.128906 0.458984 0.105469 0.445312 0.0878906
0 0.736328 0.193359 0.00390625 0.00390625
0 0.837891 0.335938 0.818359 0.375 0.789062 0.396484 0.789062 0.396484 0.746094 0.388672 0.712891 0.347656 0.716797 0.273438 0.761719 0.220703 0.804688 0.232422 0.837891 0.273438 0.837891 0.335938 0.810547 0.332031 0.814453 0.289062 0.792969 0.259766 0.765625 0.251953 0.748047 0.269531 0.736328 0.324219 0.75 0.357422 0.787109 0.367188 0.787109 0.367188 0.810547 0.332031
0 0.992188 0.482422 0.9375 0.466797 0.896484 0.394531 0.896484 0.339844 0.921875 0.302734 0.958984 0.28125 0.951172 0.261719 0.960938 0.255859 0.996094 0.259766 0.998047 0.292969 0.927734 0.335938 0.919922 0.386719 0.945312 0.435547 0.998047 0.457031 0.992188 0.482422
0 0.568359 0.382812 0.546875 0.412109 0.503906 0.435547 0.503906 0.435547 0.451172 0.425781 0.435547 0.40625 0.439453 0.359375 0.476562 0.310547 0.574219 0.302734 0.583984 0.332031 0.568359 0.382812 0.548828 0.367188 0.554688 0.326172 0.519531 0.326172 0.470703 0.359375 0.462891 0.402344 0.501953 0.40625 0.501953 0.40625 0.548828 0.367188
0 0.494141 0.439453 0.00390625 0.00390625
0 0.960938 0.541016 0.998047 0.566406 0.998047 0.644531 0.972656 0.666016 0.972656 0.666016 0.929688 0.662109 0.876953 0.597656 0.880859 0.578125 0.933594 0.541016 0.960938 0.541016 0.953125 0.564453 0.908203 0.585938 0.912109 0.609375 0.947266 0.640625 0.947266 0.640625 0.96875 0.638672 0.982422 0.621094 0.970703 0.578125 0.953125 0.564453
0 0.548828 0.6875 0.556641 0.691406 0.503906 0.720703 0.503906 0.720703 0.453125 0.720703 0.414062 0.697266 0.392578 0.667969 0.380859 0.617188 0.40625 0.564453 0.449219 0.544922 0.537109 0.5625 0.548828 0.613281 0.560547 0.617188 0.548828 0.6875 0.533203 0.675781 0.529297 0.621094 0.509766 0.597656 0.517578 0.582031 0.457031 0.572266 0.421875 0.587891 0.408203 0.621094 0.419922 0.660156 0.453125 0.689453 0.517578 0.691406 0.517578 0.691406 0.533203 0.675781
0 0.00390625 0.685547 0 0.611328 0.0253906 0.625 0.0292969 0.644531 0.00390625 0.685547
0 0.205078 0.652344 0.212891 0.703125 0.189453 0.746094 0.136719 0.787109 0.136719 0.787109 0.09375 0.779297 0.0722656 0.734375 0.111328 0.65625 0.160156 0.630859 0.205078 0.652344 0.179688 0.662109 0.160156 0.658203 0.115234 0.695312 0.103516 0.75 0.138672 0.757812 0.138672 0.757812 0.181641 0.714844 0.179688 0.662109
0 0.00195312 0.693359 0.00390625 0.00390625
0 0.0078125 0.837891 0 0.8125 0.0214844 0.804688 0.0253906 0.78125 0 0.761719 0 0.728516 0.0449219 0.761719 0.0527344 0.800781 0.0078125 0.837891
0 0.535156 0.779297 0.560547 0.808594 0.550781 0.845703 0.484375 0.880859 0.484375 0.880859 0.453125 0.873047 0.419922 0.832031 0.423828 0.796875 0.464844 0.763672 0.535156 0.779297 0.519531 0.798828 0.5 0.806641 0.472656 0.791016 0.451172 0.804688 0.447266 0.832031 0.472656 0.853516 0.486328 0.851562 0.486328 0.851562 0.533203 0.824219 0.519531 0.798828
0 0.107422 0.875 0.115234 0.828125 0.152344 0.802734 0.1875 0.814453 0.205078 0.839844 0.201172 0.867188 0.160156 0.912109 0.160156 0.912109 0.132812 0.912109 0.107422 0.875 0.130859 0.863281 0.138672 0.882812 0.150391 0.882812 0.150391 0.882812 0.177734 0.855469 0.160156 0.830078 0.130859 0.863281
0 0.28125 0.943359 0.251953 0.925781 0.244141 0.902344 0.255859 0.847656 0.277344 0.826172 0.371094 0.814453 0.400391 0.835938 0.423828 0.917969 0.40625 0.947266 0.367188 0.955078 0.367188 0.955078 0.28125 0.943359 0.285156 0.919922 0.308594 0.912109 0.361328 0.921875 0.361328 0.921875 0.380859 0.914062 0.380859 0.878906 0.359375 0.845703 0.287109 0.851562 0.271484 0.90625 0.285156 0.919922
0 0.660156 0.947266 0.638672 0.933594 0.623047 0.898438 0.626953 0.847656 0.660156 0.818359 0.722656 0.830078 0.779297 0.871094 0.783203 0.890625 0.763672 0.921875 0.757812 0.916016 0.71875 0.955078 0.71875 0.955078 0.660156 0.947266 0.667969 0.923828 0.671875 0.916016 0.6875 0.927734 0.716797 0.925781 0.716797 0.925781 0.751953 0.890625 0.742188 0.869141 0.6875 0.845703 0.646484 0.863281 0.667969 0.923828
0 0.0703125 0.876953 0.105469 0.900391 0.142578 0.953125 0.142578 0.980469 0.105469 0.994141 0.105469 0.994141 0.078125 0.986328 0.0371094 0.941406 0.0292969 0.90625 0.0429688 0.876953 0.0703125 0.876953 0.0585938 0.900391 0.0839844 0.957031 0.107422 0.964844 0.107422 0.964844 0.107422 0.945312 0.0585938 0.900391
0 0.197266 0.880859 0.00390625 0.00390625
0 0.617188 0.998047 0.59375 0.998047 0.546875 0.943359 0.507812 0.955078 0.484375 0.998047 0.460938 0.998047 0.458984 0.980469 0.507812 0.923828 0.554688 0.916016 0.595703 0.949219 0.617188 0.998047
0 0.03125 0.998047 0.00585938 0.996094 0 0.935547 0.0292969 0.96875 0.03125 0.998047
