0 0.292969 0.216797 0.265625 0.216797 0.240234 0.199219 0.216797 0.132812 0.216797 0.078125 0.289062 0 0.335938 0 0.396484 0.0742188 0.396484 0.128906 0.371094 0.181641 0.292969 0.216797 0.292969 0.216797 0.287109 0.191406 0.34375 0.169922 0.369141 0.140625 0.369141 0.0859375 0.310547 0.0390625 0.308594 0.0214844 0.251953 0.0664062 0.240234 0.0976562 0.251953 0.164062 0.269531 0.189453 0.287109 0.191406 0.287109 0.191406
0 0.554688 0.0253906 0.490234 0 0.599609 0 0.554688 0.0253906
0 0.789062 0.0175781 0.751953 0 0.810547 0 0.789062 0.0175781
0 0.818359 0.00195312 0.00390625 0.00390625
0 0.996094 0.130859 0.947266 0.0820312 0.955078 0.0234375 0.976562 0.00585938 0.998047 0.0078125 0.998047 0.0351562 0.978516 0.0390625 0.970703 0.0742188 0.998047 0.09375 0.996094 0.130859
0 0.699219 0.0214844 0.746094 0.0214844 0.779297 0.0703125 0.783203 0.09375 0.75 0.130859 0.75 0.130859 0.699219 0.123047 0.669922 0.0820312 0.673828 0.046875 0.699219 0.0214844 0.707031 0.0449219 0.697266 0.0585938 0.705078 0.09375 0.744141 0.101562 0.744141 0.101562 0.755859 0.09375 0.748047 0.0664062 0.707031 0.0449219
0 0.0625 0.185547 0.015625 0.185547 0 0.171875 0 0.150391 0.0585938 0.158203 0.0917969 0.109375 0.0839844 0.0859375 0.0507812 0.0605469 0 0.0800781 0 0.046875 0.0078125 0.0371094 0.0742188 0.0371094 0.119141 0.09375 0.0996094 0.15625 0.0625 0.185547
0 0.349609 0.0761719 0.00390625 0.00390625
0 0.654297 0.242188 0.642578 0.273438 0.621094 0.287109 0.621094 0.287109 0.59375 0.279297 0.564453 0.25 0.541016 0.199219 0.552734 0.152344 0.597656 0.115234 0.654297 0.179688 0.654297 0.242188 0.630859 0.230469 0.626953 0.183594 0.589844 0.146484 0.568359 0.195312 0.587891 0.234375 0.615234 0.257812 0.615234 0.257812 0.630859 0.230469
0 0.824219 0.142578 0.880859 0.203125 0.873047 0.246094 0.839844 0.263672 0.839844 0.263672 0.777344 0.244141 0.751953 0.210938 0.759766 0.167969 0.789062 0.142578 0.824219 0.142578 0.8125 0.166016 0.792969 0.169922 0.779297 0.214844 0.845703 0.234375 0.845703 0.234375 0.857422 0.222656 0.837891 0.199219 0.845703 0.195312 0.8125 0.166016
0 0.0371094 0.193359 0.00390625 0.00390625
0 0.138672 0.335938 0.119141 0.375 0.0898438 0.396484 0.0898438 0.396484 0.046875 0.388672 0.0136719 0.347656 0.0175781 0.273438 0.0625 0.220703 0.105469 0.232422 0.138672 0.273438 0.138672 0.335938 0.111328 0.332031 0.115234 0.289062 0.09375 0.259766 0.0664062 0.251953 0.0488281 0.269531 0.0371094 0.324219 0.0507812 0.357422 0.0878906 0.367188 0.0878906 0.367188 0.111328 0.332031
0 0.402344 0.466797 0.351562 0.482422 0.351562 0.482422 0.289062 0.482422 0.238281 0.466797 0.201172 0.410156 0.197266 0.339844 0.222656 0.302734 0.259766 0.28125 0.251953 0.261719 0.261719 0.255859 0.34375 0.267578 0.439453 0.375 0.439453 0.421875 0.427734 0.441406 0.402344 0.466797 0.390625 0.443359 0.412109 0.40625 0.412109 0.378906 0.353516 0.3125 0.328125 0.314453 0.296875 0.294922 0.234375 0.330078 0.220703 0.386719 0.244141 0.433594 0.296875 0.455078 0.349609 0.453125 0.349609 0.453125 0.390625 0.443359
0 0.865234 0.259766 0.00390625 0.00390625
0 0.996094 0.412109 0.972656 0.408203 0.943359 0.363281 0.947266 0.320312 0.988281 0.287109 0.998047 0.316406 0.970703 0.332031 0.970703 0.359375 0.998047 0.386719 0.996094 0.412109
0 0.900391 0.363281 0.896484 0.417969 0.84375 0.470703 0.84375 0.470703 0.816406 0.470703 0.773438 0.447266 0.759766 0.417969 0.763672 0.367188 0.816406 0.306641 0.867188 0.314453 0.900391 0.363281 0.873047 0.363281 0.847656 0.337891 0.820312 0.333984 0.787109 0.382812 0.787109 0.410156 0.8125 0.439453 0.837891 0.441406 0.837891 0.441406 0.876953 0.398438 0.873047 0.363281
0 0.857422 0.310547 0.00390625 0.00390625
0 0.691406 0.552734 0.630859 0.53125 0.623047 0.496094 0.640625 0.455078 0.722656 0.451172 0.751953 0.46875 0.751953 0.5 0.691406 0.552734 0.691406 0.552734 0.689453 0.527344 0.722656 0.482422 0.654297 0.484375 0.650391 0.511719 0.689453 0.527344 0.689453 0.527344
0 0.78125 0.623047 0.751953 0.582031 0.775391 0.515625 0.84375 0.490234 0.894531 0.509766 0.916016 0.550781 0.875 0.607422 0.820312 0.630859 0.820312 0.630859 0.78125 0.623047 0.796875 0.607422 0.814453 0.605469 0.814453 0.605469 0.878906 0.572266 0.888672 0.542969 0.835938 0.517578 0.800781 0.537109 0.791016 0.589844 0.796875 0.607422
0 0.273438 0.666016 0.230469 0.662109 0.177734 0.597656 0.181641 0.578125 0.234375 0.541016 0.277344 0.548828 0.310547 0.582031 0.306641 0.636719 0.273438 0.666016 0.273438 0.666016 0.269531 0.638672 0.283203 0.621094 0.271484 0.578125 0.253906 0.564453 0.208984 0.585938 0.212891 0.609375 0.248047 0.640625 0.248047 0.640625 0.269531 0.638672
0 0.880859 0.722656 0.888672 0.675781 0.921875 0.638672 0.984375 0.646484 0.998047 0.722656 0.980469 0.748047 0.953125 0.744141 0.9375 0.759766 0.9375 0.759766 0.898438 0.748047 0.880859 0.722656 0.904297 0.714844 0.931641 0.730469 0.931641 0.730469 0.939453 0.695312 0.929688 0.673828 0.904297 0.714844
0 0.876953 0.726562 0.00390625 0.0078125
0 0.53125 0.736328 0.59375 0.724609 0.625 0.736328 0.646484 0.761719 0.650391 0.8125 0.623047 0.867188 0.570312 0.900391 0.570312 0.900391 0.505859 0.875 0.490234 0.851562 0.490234 0.789062 0.53125 0.736328 0.542969 0.759766 0.517578 0.792969 0.517578 0.847656 0.564453 0.871094 0.564453 0.871094 0.599609 0.851562 0.623047 0.800781 0.611328 0.789062 0.619141 0.769531 0.582031 0.748047 0.542969 0.759766
0 0.939453 0.882812 0.910156 0.919922 0.847656 0.951172 0.847656 0.951172 0.804688 0.947266 0.775391 0.929688 0.763672 0.832031 0.796875 0.798828 0.867188 0.763672 0.900391 0.773438 0.896484 0.785156 0.935547 0.84375 0.939453 0.882812 0.916016 0.875 0.904297 0.839844 0.867188 0.794922 0.791016 0.84375 0.798828 0.914062 0.833984 0.925781 0.833984 0.925781 0.875 0.912109 0.916016 0.875
0 0.0195312 0.955078 0 0.949219 0 0.929688 0.0351562 0.912109 0.0527344 0.882812 0.03125 0.861328 0 0.851562 0 0.822266 0.0703125 0.857422 0.0839844 0.882812 0.0644531 0.921875 0.0585938 0.916016 0.0195312 0.955078
0 0.939453 0.896484 0.00390625 0.00390625
0 0.777344 0.998047 0.722656 0.998047 0.705078 0.972656 0.710938 0.955078 0.648438 0.974609 0.644531 0.998047 0.621094 0.998047 0.619141 0.972656 0.65625 0.939453 0.730469 0.931641 0.767578 0.960938 0.777344 0.998047
0 0.960938 0.998047 0.9375 0.998047 0.921875 0.982422 0.894531 0.998047 0.861328 0.992188 0.898438 0.958984 0.933594 0.955078 0.960938 0.998047
