0 0.685547 0.164062 0.652344 0.197266 0.652344 0.197266 0.589844 0.185547 0.560547 0.15625 0.560547 0.101562 0.597656 0.0605469 0.648438 0.0683594 0.685547 0.113281 0.685547 0.164062 0.662109 0.15625 0.654297 0.113281 0.625 0.0878906 0.605469 0.0878906 0.583984 0.117188 0.587891 0.148438 0.605469 0.162109 0.650391 0.164062 0.650391 0.164062 0.662109 0.15625
0 0.0429688 0.283203 0 0.273438 0.00390625 0.248047 0.0195312 0.259766 0.0410156 0.242188 0.0371094 0.183594 0.00195312 0.15625 0 0.123047 0.0390625 0.146484 0.0644531 0.183594 0.0683594 0.246094 0.0429688 0.283203
0 0.425781 0.369141 0.388672 0.328125 0.396484 0.230469 0.417969 0.208984 0.4375 0.208984 0.464844 0.177734 0.501953 0.207031 0.517578 0.285156 0.517578 0.347656 0.492188 0.373047 0.492188 0.373047 0.425781 0.369141 0.433594 0.345703 0.462891 0.347656 0.462891 0.347656 0.490234 0.339844 0.494141 0.304688 0.476562 0.220703 0.464844 0.232422 0.429688 0.232422 0.412109 0.265625 0.419922 0.332031 0.433594 0.345703
0 0.0664062 0.451172 0.0195312 0.451172 0 0.433594 0 0.404297 0.0351562 0.427734 0.0625 0.419922 0.0839844 0.359375 0.0703125 0.341797 0.03125 0.333984 0 0.365234 0.0078125 0.310547 0.0703125 0.310547 0.0996094 0.332031 0.107422 0.390625 0.0664062 0.451172
0 0.761719 0.525391 0.792969 0.525391 0.810547 0.539062 0.814453 0.59375 0.792969 0.626953 0.730469 0.654297 0.730469 0.654297 0.697266 0.640625 0.681641 0.589844 0.701172 0.527344 0.726562 0.501953 0.75 0.501953 0.761719 0.525391 0.773438 0.544922 0.726562 0.541016 0.712891 0.558594 0.705078 0.605469 0.732422 0.625 0.732422 0.625 0.779297 0.597656 0.791016 0.558594 0.773438 0.544922
0 0.708984 0.517578 0.00390625 0.00390625
0 0.876953 0.640625 0.873047 0.574219 0.910156 0.529297 0.984375 0.513672 0.998047 0.523438 0.996094 0.544922 0.921875 0.552734 0.892578 0.597656 0.898438 0.623047 0.933594 0.634766 0.984375 0.603516 0.998047 0.582031 0.990234 0.632812 0.925781 0.662109 0.925781 0.662109 0.876953 0.640625 0.880859 0.636719 0.888672 0.640625 0.888672 0.640625 0.880859 0.636719
0 0.0546875 0.744141 0.00585938 0.722656 0 0.671875 0.0273438 0.708984 0.0546875 0.712891 0.0957031 0.679688 0.0957031 0.664062 0.0507812 0.603516 0.046875 0.611328 0.015625 0.591797 0 0.609375 0 0.570312 0.0234375 0.560547 0.0585938 0.560547 0.0820312 0.583984 0.109375 0.587891 0.126953 0.628906 0.123047 0.6875 0.0546875 0.744141
0 0.681641 0.580078 0.00390625 0.00390625
0 0.708984 0.654297 0.00390625 0.00390625
0 0.00195312 0.666016 0.00390625 0.00390625
0 0.587891 0.720703 0.00390625 0.00390625
0 0.505859 0.832031 0.505859 0.789062 0.539062 0.744141 0.609375 0.720703 0.648438 0.732422 0.685547 0.789062 0.673828 0.855469 0.642578 0.910156 0.601562 0.927734 0.601562 0.927734 0.541016 0.902344 0.505859 0.832031 0.529297 0.820312 0.564453 0.886719 0.607422 0.898438 0.607422 0.898438 0.650391 0.84375 0.658203 0.796875 0.628906 0.751953 0.597656 0.748047 0.537109 0.777344 0.529297 0.820312
0 0.257812 0.767578 0.289062 0.736328 0.355469 0.740234 0.390625 0.755859 0.419922 0.789062 0.427734 0.824219 0.419922 0.851562 0.386719 0.888672 0.386719 0.888672 0.316406 0.884766 0.277344 0.861328 0.244141 0.792969 0.251953 0.761719 0.257812 0.767578 0.271484 0.78125 0.283203 0.828125 0.320312 0.857422 0.376953 0.859375 0.376953 0.859375 0.396484 0.84375 0.400391 0.820312 0.378906 0.779297 0.34375 0.763672 0.304688 0.763672 0.271484 0.78125
0 0.996094 0.892578 0.9375 0.869141 0.919922 0.835938 0.935547 0.789062 0.992188 0.751953 0.998047 0.777344 0.947266 0.816406 0.947266 0.839844 0.998047 0.867188 0.996094 0.892578
0 0.277344 0.998047 0.244141 0.996094 0.263672 0.972656 0.267578 0.945312 0.246094 0.923828 0.191406 0.919922 0.144531 0.998047 0.125 0.998047 0.123047 0.976562 0.142578 0.9375 0.203125 0.888672 0.261719 0.900391 0.294922 0.933594 0.277344 0.998047
0 0.0195312 0.998047 0 0.996094 0 0.955078 0.0214844 0.96875 0.0195312 0.998047
0 0.636719 0.998047 0.564453 0.992188 0.582031 0.970703 0.609375 0.970703 0.636719 0.998047
