0 0.835938 0.0878906 0.808594 0.0878906 0.783203 0.0703125 0.771484 0.0351562 0.783203 0 0.818359 0 0.798828 0.0351562 0.802734 0.0507812 0.835938 0.0605469 0.880859 0.015625 0.882812 0 0.910156 0 0.888672 0.046875 0.835938 0.0878906
0 0.642578 0.0898438 0.642578 0.0507812 0.667969 0.0253906 0.710938 0.0332031 0.744141 0.0625 0.751953 0.101562 0.707031 0.138672 0.707031 0.138672 0.667969 0.119141 0.642578 0.0898438 0.666016 0.0820312 0.701172 0.109375 0.701172 0.109375 0.720703 0.105469 0.724609 0.0820312 0.683594 0.0527344 0.666016 0.0820312
0 0.572266 0.21875 0.556641 0.171875 0.556641 0.140625 0.582031 0.103516 0.609375 0.103516 0.654297 0.152344 0.642578 0.210938 0.597656 0.228516 0.597656 0.228516 0.572266 0.21875 0.583984 0.195312 0.607422 0.199219 0.607422 0.199219 0.630859 0.171875 0.623047 0.148438 0.597656 0.130859 0.583984 0.15625 0.583984 0.195312
0 0.806641 0.175781 0.814453 0.128906 0.851562 0.103516 0.886719 0.115234 0.904297 0.140625 0.900391 0.167969 0.859375 0.212891 0.859375 0.212891 0.832031 0.212891 0.806641 0.175781 0.830078 0.164062 0.837891 0.183594 0.849609 0.183594 0.849609 0.183594 0.876953 0.15625 0.859375 0.130859 0.830078 0.164062
0 0.996094 0.244141 0.960938 0.236328 0.943359 0.203125 0.955078 0.148438 0.992188 0.119141 0.998047 0.148438 0.982422 0.160156 0.970703 0.207031 0.998047 0.222656 0.996094 0.244141
0 0.769531 0.177734 0.804688 0.201172 0.841797 0.253906 0.841797 0.28125 0.804688 0.294922 0.804688 0.294922 0.777344 0.287109 0.736328 0.242188 0.728516 0.207031 0.742188 0.177734 0.769531 0.177734 0.757812 0.201172 0.783203 0.257812 0.806641 0.265625 0.806641 0.265625 0.806641 0.246094 0.757812 0.201172
0 0.896484 0.181641 0.00390625 0.00390625
0 0.0078125 0.314453 0 0.3125 0 0.28125 0.0136719 0.226562 0 0.21875 0 0.199219 0.0234375 0.193359 0.0410156 0.207031 0.0410156 0.257812 0.0078125 0.314453
0 0.707031 0.369141 0.675781 0.369141 0.623047 0.304688 0.642578 0.25 0.671875 0.232422 0.720703 0.253906 0.740234 0.304688 0.732422 0.347656 0.707031 0.369141 0.707031 0.369141 0.701172 0.34375 0.712891 0.300781 0.705078 0.277344 0.679688 0.259766 0.654297 0.285156 0.666016 0.296875 0.666016 0.328125 0.701172 0.34375 0.701172 0.34375
0 0.0742188 0.298828 0.128906 0.314453 0.150391 0.34375 0.142578 0.386719 0.09375 0.431641 0.09375 0.431641 0.0585938 0.427734 0.0292969 0.398438 0.0410156 0.332031 0.0742188 0.298828 0.078125 0.326172 0.0566406 0.390625 0.0917969 0.402344 0.0917969 0.402344 0.111328 0.382812 0.119141 0.347656 0.078125 0.326172
0 0.806641 0.394531 0.814453 0.351562 0.851562 0.318359 0.898438 0.322266 0.923828 0.359375 0.923828 0.390625 0.882812 0.435547 0.882812 0.435547 0.832031 0.427734 0.806641 0.394531 0.830078 0.382812 0.851562 0.408203 0.880859 0.40625 0.880859 0.40625 0.896484 0.386719 0.896484 0.359375 0.882812 0.345703 0.855469 0.345703 0.830078 0.382812
0 0.984375 0.587891 0.951172 0.570312 0.919922 0.523438 0.951172 0.441406 0.984375 0.400391 0.996094 0.400391 0.998047 0.425781 0.951172 0.507812 0.955078 0.535156 0.976562 0.556641 0.998047 0.558594 0.998047 0.582031 0.984375 0.587891
0 0.00195312 0.433594 0.00390625 0.0078125
0 0.431641 0.546875 0.427734 0.484375 0.472656 0.435547 0.578125 0.443359 0.615234 0.46875 0.630859 0.507812 0.609375 0.556641 0.519531 0.607422 0.519531 0.607422 0.457031 0.583984 0.431641 0.546875 0.455078 0.535156 0.484375 0.568359 0.521484 0.578125 0.521484 0.578125 0.578125 0.548828 0.603516 0.519531 0.603516 0.5 0.546875 0.462891 0.488281 0.462891 0.455078 0.492188 0.455078 0.535156
0 0.00195312 0.443359 0.00390625 0.00390625
0 0.015625 0.630859 0 0.628906 0 0.609375 0.0546875 0.583984 0.0683594 0.550781 0.0429688 0.525391 0 0.525391 0 0.5 0.0429688 0.498047 0.0839844 0.519531 0.0957031 0.570312 0.0703125 0.607422 0.015625 0.630859
0 0.820312 0.509766 0.867188 0.521484 0.888672 0.546875 0.888672 0.613281 0.876953 0.636719 0.855469 0.646484 0.855469 0.646484 0.816406 0.642578 0.779297 0.613281 0.779297 0.550781 0.820312 0.509766 0.828125 0.533203 0.802734 0.5625 0.802734 0.59375 0.845703 0.621094 0.845703 0.621094 0.865234 0.601562 0.869141 0.5625 0.828125 0.533203
0 0.835938 0.509766 0.0078125 0.00390625
0 0.160156 0.716797 0.132812 0.712891 0.0917969 0.667969 0.0957031 0.628906 0.132812 0.595703 0.164062 0.595703 0.212891 0.640625 0.197266 0.691406 0.160156 0.716797 0.160156 0.716797 0.158203 0.691406 0.189453 0.65625 0.167969 0.630859 0.136719 0.623047 0.119141 0.667969 0.158203 0.691406 0.158203 0.691406
0 0.632812 0.845703 0.597656 0.845703 0.568359 0.820312 0.544922 0.761719 0.544922 0.699219 0.560547 0.671875 0.605469 0.638672 0.691406 0.626953 0.724609 0.6875 0.716797 0.777344 0.632812 0.845703 0.632812 0.845703 0.623047 0.820312 0.689453 0.769531 0.697266 0.695312 0.679688 0.658203 0.628906 0.666016 0.587891 0.703125 0.595703 0.707031 0.572266 0.769531 0.595703 0.785156 0.599609 0.816406 0.623047 0.820312 0.623047 0.820312
0 0 0.664062 0.0351562 0.638672 0.0664062 0.642578 0.0839844 0.683594 0.0566406 0.734375 0.0195312 0.759766 0.0195312 0.759766 0 0.757812 0 0.664062 0.00195312 0.6875 0.0136719 0.730469 0.0136719 0.730469 0.0488281 0.707031 0.0546875 0.669922 0.0234375 0.669922 0.00195312 0.6875
0 0.0449219 0.673828 0.00390625 0.00390625
0 0.410156 0.810547 0.361328 0.777344 0.357422 0.683594 0.375 0.669922 0.421875 0.681641 0.490234 0.753906 0.482422 0.789062 0.4375 0.810547 0.4375 0.810547 0.410156 0.810547 0.414062 0.783203 0.451172 0.78125 0.451172 0.78125 0.462891 0.761719 0.394531 0.697266 0.388672 0.769531 0.414062 0.783203
0 0.230469 0.845703 0.197266 0.804688 0.189453 0.746094 0.222656 0.701172 0.246094 0.697266 0.273438 0.712891 0.330078 0.796875 0.322266 0.835938 0.285156 0.857422 0.285156 0.857422 0.230469 0.845703 0.240234 0.820312 0.271484 0.832031 0.271484 0.832031 0.296875 0.826172 0.302734 0.800781 0.246094 0.724609 0.220703 0.738281 0.212891 0.765625 0.240234 0.820312
0 0.490234 0.748047 0.00390625 0.00390625
0 0.00976562 0.835938 0.0390625 0.791016 0.113281 0.779297 0.142578 0.824219 0.130859 0.855469 0.078125 0.904297 0.078125 0.904297 0.0625 0.904297 0.0195312 0.869141 0.00976562 0.835938 0.0371094 0.835938 0.0371094 0.847656 0.0722656 0.875 0.0722656 0.875 0.115234 0.832031 0.105469 0.806641 0.0585938 0.814453 0.0371094 0.835938
0 0.464844 0.998047 0.435547 0.996094 0.455078 0.964844 0.458984 0.921875 0.425781 0.888672 0.367188 0.904297 0.345703 0.933594 0.337891 0.992188 0.306641 0.992188 0.318359 0.929688 0.367188 0.865234 0.4375 0.865234 0.482422 0.90625 0.482422 0.960938 0.464844 0.998047
0 0.208984 0.929688 0.216797 0.976562 0.199219 0.998047 0.199219 0.998047 0.136719 0.998047 0.107422 0.972656 0.0996094 0.929688 0.113281 0.900391 0.132812 0.888672 0.167969 0.892578 0.208984 0.929688 0.193359 0.949219 0.140625 0.916016 0.126953 0.925781 0.126953 0.953125 0.162109 0.984375 0.162109 0.984375 0.189453 0.972656 0.193359 0.949219
0 0.753906 0.998047 0.634766 0.996094 0.695312 0.962891 0.753906 0.998047
0 0.181641 0.974609 0.00390625 0.00390625
