0 0.638672 0.115234 0.00390625 0.00390625
0 0.601562 0.357422 0.552734 0.285156 0.552734 0.238281 0.572266 0.175781 0.628906 0.115234 0.679688 0.119141 0.712891 0.152344 0.736328 0.199219 0.724609 0.296875 0.701172 0.34375 0.695312 0.337891 0.660156 0.376953 0.660156 0.376953 0.601562 0.357422 0.613281 0.333984 0.662109 0.347656 0.662109 0.347656 0.708984 0.273438 0.712891 0.222656 0.681641 0.152344 0.640625 0.138672 0.595703 0.1875 0.580078 0.234375 0.580078 0.285156 0.613281 0.333984
0 0.0703125 0.283203 0.0371094 0.253906 0.0410156 0.195312 0.109375 0.138672 0.144531 0.150391 0.189453 0.191406 0.181641 0.261719 0.152344 0.287109 0.125 0.291016 0.125 0.291016 0.0703125 0.283203 0.0703125 0.255859 0.111328 0.265625 0.111328 0.265625 0.148438 0.259766 0.166016 0.238281 0.158203 0.195312 0.121094 0.169922 0.0742188 0.197266 0.0605469 0.222656 0.0703125 0.255859
0 0.996094 0.310547 0.974609 0.285156 0.966797 0.226562 0.992188 0.181641 0.996094 0.310547
0 0.353516 0.242188 0.40625 0.205078 0.449219 0.220703 0.470703 0.261719 0.462891 0.3125 0.417969 0.345703 0.417969 0.345703 0.363281 0.318359 0.341797 0.285156 0.353516 0.242188 0.373047 0.257812 0.369141 0.285156 0.394531 0.310547 0.398438 0.302734 0.419922 0.3125 0.419922 0.3125 0.439453 0.292969 0.443359 0.261719 0.429688 0.236328 0.410156 0.232422 0.373047 0.257812
0 0.158203 0.228516 0.00390625 0.00390625
0 0.943359 0.347656 0.966797 0.40625 0.966797 0.46875 0.929688 0.537109 0.875 0.560547 0.875 0.560547 0.837891 0.527344 0.806641 0.414062 0.826172 0.355469 0.869141 0.324219 0.867188 0.314453 0.886719 0.314453 0.925781 0.326172 0.943359 0.347656 0.923828 0.367188 0.898438 0.349609 0.876953 0.355469 0.869141 0.414062 0.851562 0.427734 0.841797 0.421875 0.837891 0.453125 0.880859 0.53125 0.880859 0.53125 0.919922 0.507812 0.939453 0.464844 0.939453 0.402344 0.923828 0.367188
0 0.351562 0.365234 0.373047 0.367188 0.423828 0.453125 0.416016 0.527344 0.375 0.568359 0.375 0.568359 0.304688 0.556641 0.287109 0.539062 0.279297 0.5 0.291016 0.425781 0.316406 0.384766 0.351562 0.365234 0.347656 0.392578 0.306641 0.453125 0.306641 0.507812 0.328125 0.537109 0.369141 0.539062 0.369141 0.539062 0.396484 0.5 0.396484 0.460938 0.347656 0.392578
0 0.443359 0.425781 0.464844 0.388672 0.503906 0.369141 0.556641 0.417969 0.556641 0.496094 0.515625 0.541016 0.472656 0.560547 0.472656 0.560547 0.447266 0.527344 0.443359 0.425781 0.466797 0.429688 0.466797 0.496094 0.482422 0.527344 0.482422 0.527344 0.533203 0.480469 0.533203 0.433594 0.503906 0.396484 0.466797 0.429688
0 0.646484 0.380859 0.00390625 0.00390625
0 0.105469 0.443359 0.136719 0.439453 0.183594 0.462891 0.197266 0.5 0.189453 0.554688 0.169922 0.585938 0.144531 0.607422 0.109375 0.615234 0.109375 0.615234 0.046875 0.583984 0.00976562 0.542969 0.00195312 0.507812 0.0175781 0.453125 0.0742188 0.427734 0.105469 0.443359 0.101562 0.466797 0.0664062 0.486328 0.0429688 0.482422 0.0332031 0.496094 0.0371094 0.535156 0.0742188 0.572266 0.107422 0.585938 0.107422 0.585938 0.128906 0.583984 0.154297 0.5625 0.169922 0.527344 0.166016 0.484375 0.132812 0.466797 0.101562 0.466797
0 0.996094 0.693359 0.951172 0.648438 0.947266 0.621094 0.957031 0.599609 0.996094 0.583984 0.998047 0.613281 0.974609 0.621094 0.998047 0.660156 0.996094 0.693359
0 0.412109 0.738281 0.390625 0.744141 0.390625 0.744141 0.335938 0.744141 0.287109 0.714844 0.279297 0.652344 0.304688 0.607422 0.371094 0.591797 0.408203 0.617188 0.431641 0.691406 0.412109 0.738281 0.396484 0.71875 0.404297 0.683594 0.380859 0.625 0.320312 0.630859 0.302734 0.664062 0.314453 0.699219 0.351562 0.716797 0.396484 0.71875 0.396484 0.71875
0 0.835938 0.603516 0.912109 0.664062 0.927734 0.757812 0.867188 0.806641 0.867188 0.806641 0.761719 0.794922 0.728516 0.746094 0.736328 0.632812 0.773438 0.603516 0.835938 0.603516 0.824219 0.626953 0.78125 0.630859 0.759766 0.652344 0.755859 0.746094 0.78125 0.771484 0.857422 0.777344 0.857422 0.777344 0.900391 0.75 0.888672 0.722656 0.892578 0.683594 0.824219 0.626953
0 0.353516 0.630859 0.00390625 0.00390625
0 0.740234 0.767578 0.00390625 0.00390625
0 0.279297 0.90625 0.279297 0.839844 0.34375 0.794922 0.402344 0.779297 0.451172 0.832031 0.447266 0.902344 0.402344 0.958984 0.335938 0.998047 0.335938 0.998047 0.310547 0.988281 0.279297 0.90625 0.306641 0.90625 0.337891 0.964844 0.337891 0.964844 0.378906 0.943359 0.419922 0.894531 0.423828 0.835938 0.394531 0.806641 0.306641 0.851562 0.306641 0.90625
0 0.210938 0.791016 0.251953 0.816406 0.255859 0.875 0.238281 0.904297 0.175781 0.916016 0.175781 0.916016 0.138672 0.90625 0.126953 0.808594 0.144531 0.791016 0.210938 0.791016 0.199219 0.814453 0.154297 0.824219 0.154297 0.871094 0.169922 0.886719 0.169922 0.886719 0.228516 0.867188 0.222656 0.826172 0.199219 0.814453
0 0.646484 0.851562 0.679688 0.810547 0.759766 0.867188 0.748047 0.910156 0.707031 0.931641 0.707031 0.931641 0.660156 0.923828 0.634766 0.902344 0.646484 0.851562 0.666016 0.863281 0.662109 0.890625 0.697266 0.90625 0.697266 0.90625 0.714844 0.904297 0.732422 0.875 0.683594 0.845703 0.666016 0.863281
0 0.558594 0.998047 0.53125 0.998047 0.484375 0.955078 0.449219 0.998047 0.404297 0.996094 0.414062 0.974609 0.488281 0.923828 0.544922 0.96875 0.558594 0.998047
0 0.851562 0.998047 0.816406 0.998047 0.785156 0.974609 0.746094 0.982422 0.730469 0.998047 0.701172 0.992188 0.730469 0.958984 0.789062 0.951172 0.824219 0.962891 0.851562 0.998047
