0 0.113281 0 0.138672 0.0195312 0.134766 0.0507812 0.117188 0.0605469 0.117188 0.0605469 0.0644531 0.0351562 0.0625 0 0.113281 0 0.0976562 0.00976562 0.0800781 0.015625 0.0859375 0.0292969 0.115234 0.03125 0.115234 0.03125 0.0976562 0.00976562
0 0.222656 0.0371094 0.173828 0.00390625 0.199219 0 0.214844 0.0136719 0.234375 0 0.257812 0 0.251953 0.0195312 0.222656 0.0371094
0 0.558594 0.0605469 0.501953 0.0390625 0.511719 0 0.521484 0 0.509766 0.03125 0.546875 0.0527344 0.591797 0 0.591797 0.0195312 0.558594 0.0605469
0 0.667969 0.0644531 0.640625 0.0605469 0.630859 0.046875 0.648438 0 0.654297 0.0117188 0.638672 0.0429688 0.660156 0.0566406 0.689453 0 0.667969 0.0644531
0 0.859375 0.0175781 0.84375 0.0175781 0.830078 0 0.851562 0.00976562 0.875 0 0.859375 0.0175781
0 0.960938 0.126953 0.941406 0.123047 0.900391 0.078125 0.904297 0.0429688 0.9375 0 0.951172 0 0.916016 0.0390625 0.908203 0.0703125 0.953125 0.119141 0.998047 0.0703125 0.998047 0.0859375 0.960938 0.126953
0 0.996094 0.0488281 0.960938 0 0.990234 0.00390625 0.996094 0.0488281
0 0.787109 0.0351562 0.779297 0.0703125 0.757812 0.0917969 0.757812 0.0917969 0.734375 0.0917969 0.716797 0.0742188 0.724609 0.0390625 0.746094 0.0175781 0.769531 0.0175781 0.787109 0.0351562 0.779297 0.0390625 0.761719 0.0253906 0.742188 0.0332031 0.724609 0.0625 0.734375 0.0800781 0.751953 0.0820312 0.751953 0.0820312 0.779297 0.0390625
0 0.0546875 0.0878906 0.0234375 0.0800781 0.0136719 0.0625 0.0507812 0.0371094 0.0722656 0.0742188 0.0546875 0.0878906
0 0.652344 0.0683594 0.689453 0.0898438 0.689453 0.117188 0.652344 0.154297 0.652344 0.154297 0.568359 0.105469 0.597656 0.0644531 0.652344 0.0683594 0.644531 0.0761719 0.601562 0.0761719 0.583984 0.105469 0.646484 0.144531 0.646484 0.144531 0.673828 0.121094 0.681641 0.0976562 0.644531 0.0761719
0 0.408203 0.140625 0.40625 0.0839844 0.425781 0.0878906 0.455078 0.121094 0.4375 0.158203 0.4375 0.158203 0.408203 0.140625 0.416016 0.132812 0.431641 0.148438 0.431641 0.148438 0.443359 0.121094 0.417969 0.0957031 0.416016 0.132812
0 0.0195312 0.181641 0 0.179688 0.0214844 0.132812 0 0.128906 0.00390625 0.103516 0.0449219 0.125 0.0195312 0.181641
0 0.101562 0.0996094 0.119141 0.132812 0.0898438 0.166016 0.0898438 0.166016 0.0625 0.162109 0.0527344 0.144531 0.0703125 0.103516 0.101562 0.0996094 0.09375 0.119141 0.0800781 0.128906 0.0800781 0.140625 0.0917969 0.140625 0.0917969 0.140625 0.09375 0.119141
0 0.53125 0.208984 0.5 0.201172 0.486328 0.183594 0.482422 0.121094 0.496094 0.107422 0.537109 0.117188 0.541016 0.195312 0.53125 0.208984 0.53125 0.208984 0.529297 0.199219 0.533203 0.136719 0.523438 0.119141 0.503906 0.115234 0.490234 0.136719 0.490234 0.167969 0.507812 0.193359 0.529297 0.199219 0.529297 0.199219
0 0.382812 0.208984 0.359375 0.208984 0.345703 0.195312 0.328125 0.119141 0.386719 0.119141 0.400391 0.132812 0.404297 0.179688 0.382812 0.208984 0.382812 0.208984 0.373047 0.1875 0.384766 0.15625 0.363281 0.138672 0.353516 0.15625 0.373047 0.1875 0.373047 0.1875
0 0.00195312 0.142578 0.00390625 0.00390625
0 0.263672 0.191406 0.267578 0.207031 0.251953 0.234375 0.203125 0.259766 0.203125 0.259766 0.144531 0.224609 0.126953 0.195312 0.123047 0.171875 0.144531 0.146484 0.195312 0.150391 0.207031 0.162109 0.214844 0.154297 0.263672 0.191406 0.248047 0.203125 0.236328 0.1875 0.152344 0.169922 0.154297 0.199219 0.1875 0.232422 0.212891 0.234375 0.212891 0.234375 0.248047 0.203125
0 0.441406 0.224609 0.419922 0.21875 0.425781 0.185547 0.458984 0.191406 0.441406 0.224609 0.441406 0.224609 0.439453 0.214844 0.445312 0.193359 0.427734 0.199219 0.439453 0.214844 0.439453 0.214844
0 0.0683594 0.304688 0.0351562 0.337891 0.0351562 0.337891 0.0117188 0.333984 0 0.316406 0 0.212891 0.0273438 0.212891 0.0722656 0.257812 0.0683594 0.304688 0.0449219 0.304688 0.0527344 0.277344 0.0351562 0.244141 0.0117188 0.236328 0.00195312 0.242188 0.00195312 0.277344 0.0292969 0.3125 0.0292969 0.3125 0.0449219 0.304688
0 0.310547 0.238281 0.332031 0.216797 0.367188 0.236328 0.373047 0.257812 0.365234 0.285156 0.339844 0.302734 0.339844 0.302734 0.320312 0.298828 0.310547 0.28125 0.310547 0.238281 0.330078 0.25 0.337891 0.277344 0.337891 0.277344 0.349609 0.265625 0.339844 0.240234 0.330078 0.25
0 0.425781 0.248047 0.451172 0.253906 0.4375 0.287109 0.4375 0.287109 0.416016 0.285156 0.425781 0.248047 0.433594 0.255859 0.423828 0.269531 0.431641 0.277344 0.431641 0.277344 0.443359 0.261719 0.433594 0.255859
0 0.828125 0.251953 0.845703 0.265625 0.845703 0.296875 0.816406 0.330078 0.816406 0.330078 0.779297 0.320312 0.779297 0.277344 0.828125 0.251953 0.824219 0.259766 0.787109 0.285156 0.787109 0.3125 0.814453 0.316406 0.814453 0.316406 0.837891 0.292969 0.837891 0.269531 0.824219 0.259766
0 0.443359 0.34375 0.447266 0.308594 0.460938 0.298828 0.488281 0.302734 0.505859 0.332031 0.492188 0.384766 0.492188 0.384766 0.464844 0.384766 0.443359 0.34375 0.451172 0.335938 0.486328 0.375 0.486328 0.375 0.498047 0.339844 0.46875 0.306641 0.451172 0.335938
0 0.980469 0.427734 0.947266 0.402344 0.935547 0.351562 0.960938 0.306641 0.992188 0.298828 0.998047 0.3125 0.972656 0.310547 0.943359 0.355469 0.947266 0.382812 0.974609 0.417969 0.998047 0.410156 0.980469 0.427734
0 0.177734 0.351562 0.195312 0.310547 0.234375 0.302734 0.248047 0.3125 0.240234 0.355469 0.210938 0.384766 0.210938 0.384766 0.181641 0.378906 0.177734 0.351562 0.197266 0.359375 0.208984 0.359375 0.208984 0.359375 0.222656 0.326172 0.201172 0.34375 0.197266 0.359375
0 0.845703 0.347656 0.863281 0.330078 0.908203 0.339844 0.908203 0.367188 0.882812 0.392578 0.882812 0.392578 0.859375 0.392578 0.841797 0.375 0.845703 0.347656 0.853516 0.355469 0.857422 0.375 0.876953 0.382812 0.876953 0.382812 0.900391 0.359375 0.890625 0.337891 0.871094 0.337891 0.853516 0.355469
0 0.103516 0.40625 0.0820312 0.439453 0.0507812 0.455078 0.0507812 0.455078 0.00976562 0.441406 0.00585938 0.398438 0.0390625 0.357422 0.0859375 0.357422 0.103516 0.375 0.103516 0.40625 0.0839844 0.402344 0.0703125 0.376953 0.046875 0.380859 0.0253906 0.40625 0.0351562 0.431641 0.0527344 0.429688 0.0527344 0.429688 0.0839844 0.402344
0 0.226562 0.478516 0.201172 0.445312 0.193359 0.421875 0.207031 0.404297 0.246094 0.400391 0.287109 0.421875 0.298828 0.472656 0.269531 0.498047 0.269531 0.498047 0.226562 0.478516 0.246094 0.466797 0.271484 0.46875 0.271484 0.46875 0.265625 0.431641 0.230469 0.423828 0.220703 0.433594 0.246094 0.466797
0 0.515625 0.416016 0.548828 0.425781 0.548828 0.453125 0.535156 0.466797 0.535156 0.466797 0.505859 0.445312 0.515625 0.416016 0.519531 0.423828 0.517578 0.445312 0.537109 0.449219 0.537109 0.449219 0.541016 0.433594 0.519531 0.423828
0 0.0644531 0.455078 0.00390625 0.00390625
0 0.0507812 0.560547 0.0214844 0.523438 0.0253906 0.5 0.0742188 0.458984 0.136719 0.490234 0.142578 0.515625 0.132812 0.552734 0.0898438 0.568359 0.0898438 0.568359 0.0507812 0.560547 0.0625 0.541016 0.0996094 0.542969 0.0996094 0.542969 0.119141 0.515625 0.101562 0.490234 0.078125 0.482422 0.0488281 0.507812 0.0488281 0.523438 0.0625 0.541016
0 0.191406 0.458984 0.216797 0.472656 0.232422 0.503906 0.232422 0.527344 0.195312 0.560547 0.195312 0.560547 0.166016 0.53125 0.169922 0.472656 0.191406 0.458984 0.191406 0.478516 0.189453 0.527344 0.201172 0.53125 0.201172 0.53125 0.212891 0.503906 0.191406 0.478516
0 0.550781 0.470703 0.591797 0.488281 0.574219 0.513672 0.574219 0.513672 0.548828 0.503906 0.550781 0.470703 0.552734 0.480469 0.5625 0.501953 0.576172 0.5 0.576172 0.5 0.578125 0.486328 0.552734 0.480469
0 0.539062 0.525391 0.572266 0.53125 0.554688 0.564453 0.554688 0.564453 0.529297 0.554688 0.539062 0.525391 0.546875 0.533203 0.541016 0.546875 0.556641 0.546875 0.556641 0.546875 0.546875 0.533203
0 0.572266 0.605469 0.566406 0.642578 0.566406 0.642578 0.542969 0.642578 0.533203 0.628906 0.546875 0.580078 0.572266 0.605469 0.564453 0.609375 0.550781 0.595703 0.541016 0.621094 0.560547 0.632812 0.560547 0.632812 0.564453 0.609375
0 0.603516 0.730469 0.603516 0.699219 0.621094 0.669922 0.638672 0.6875 0.632812 0.740234 0.632812 0.740234 0.603516 0.730469 0.611328 0.722656 0.626953 0.730469 0.626953 0.730469 0.625 0.685547 0.611328 0.722656
0 0.117188 0.751953 0.0820312 0.740234 0.0566406 0.710938 0.0488281 0.691406 0.0625 0.677734 0.0976562 0.677734 0.130859 0.699219 0.134766 0.734375 0.117188 0.751953 0.117188 0.751953 0.115234 0.742188 0.126953 0.726562 0.123047 0.707031 0.101562 0.689453 0.0703125 0.685547 0.0683594 0.710938 0.115234 0.742188 0.115234 0.742188
0 0.996094 0.763672 0.972656 0.763672 0.958984 0.746094 0.962891 0.707031 0.988281 0.681641 0.998047 0.6875 0.978516 0.699219 0.966797 0.738281 0.996094 0.763672
0 0.0078125 0.740234 0 0.730469 0.0175781 0.714844 0 0.685547 0.0253906 0.707031 0.0253906 0.726562 0.0078125 0.740234
0 0.291016 0.734375 0.269531 0.755859 0.269531 0.755859 0.230469 0.755859 0.212891 0.738281 0.226562 0.697266 0.291016 0.703125 0.291016 0.734375 0.283203 0.726562 0.28125 0.708984 0.242188 0.705078 0.224609 0.714844 0.230469 0.744141 0.263672 0.746094 0.263672 0.746094 0.283203 0.726562
0 0.574219 0.744141 0.552734 0.738281 0.552734 0.71875 0.566406 0.693359 0.585938 0.693359 0.574219 0.744141 0.574219 0.744141 0.572266 0.734375 0.578125 0.701172 0.560547 0.726562 0.572266 0.734375 0.572266 0.734375
0 0.693359 0.742188 0.710938 0.716797 0.75 0.697266 0.767578 0.734375 0.742188 0.767578 0.742188 0.767578 0.699219 0.763672 0.693359 0.742188 0.701172 0.75 0.736328 0.757812 0.736328 0.757812 0.759766 0.726562 0.746094 0.712891 0.722656 0.720703 0.701172 0.75
0 0.818359 0.792969 0.818359 0.75 0.833984 0.71875 0.871094 0.701172 0.914062 0.708984 0.923828 0.726562 0.919922 0.789062 0.851562 0.818359 0.851562 0.818359 0.828125 0.814453 0.818359 0.792969 0.826172 0.789062 0.849609 0.808594 0.849609 0.808594 0.916016 0.777344 0.90625 0.716797 0.878906 0.708984 0.837891 0.730469 0.826172 0.789062
0 0.03125 0.732422 0.0566406 0.746094 0.046875 0.771484 0.046875 0.771484 0.0273438 0.771484 0.0175781 0.757812 0.03125 0.732422 0.0390625 0.740234 0.0292969 0.757812 0.0410156 0.761719 0.0410156 0.761719 0.0390625 0.740234
0 0.585938 0.826172 0.572266 0.820312 0.572266 0.789062 0.582031 0.814453 0.587891 0.800781 0.574219 0.767578 0.585938 0.767578 0.595703 0.789062 0.585938 0.826172
0 0.634766 0.855469 0.630859 0.792969 0.640625 0.783203 0.660156 0.787109 0.673828 0.8125 0.664062 0.876953 0.664062 0.876953 0.634766 0.855469 0.642578 0.851562 0.662109 0.863281 0.662109 0.863281 0.666016 0.816406 0.644531 0.791016 0.642578 0.851562
0 0.996094 0.876953 0.982422 0.851562 0.996094 0.794922 0.996094 0.876953
0 0.814453 0.976562 0.822266 0.894531 0.851562 0.861328 0.875 0.853516 0.917969 0.865234 0.931641 0.898438 0.923828 0.941406 0.878906 0.982422 0.878906 0.982422 0.814453 0.976562 0.822266 0.96875 0.873047 0.972656 0.873047 0.972656 0.912109 0.941406 0.919922 0.914062 0.902344 0.880859 0.867188 0.865234 0.830078 0.902344 0.822266 0.96875
0 0.798828 0.898438 0.798828 0.945312 0.785156 0.958984 0.785156 0.958984 0.742188 0.955078 0.724609 0.9375 0.734375 0.880859 0.773438 0.880859 0.798828 0.898438 0.791016 0.902344 0.742188 0.888672 0.732422 0.929688 0.75 0.947266 0.783203 0.949219 0.783203 0.949219 0.791016 0.902344
0 0.642578 0.945312 0.648438 0.892578 0.673828 0.921875 0.664062 0.966797 0.664062 0.966797 0.642578 0.945312 0.650391 0.9375 0.662109 0.953125 0.662109 0.953125 0.666016 0.929688 0.652344 0.904297 0.650391 0.9375
0 0.964844 0.998047 0.951172 0.980469 0.951172 0.9375 0.96875 0.908203 0.996094 0.916016 0.998047 0.929688 0.984375 0.919922 0.962891 0.929688 0.964844 0.998047
0 0.279297 0.964844 0.279297 0.941406 0.289062 0.927734 0.316406 0.923828 0.330078 0.929688 0.330078 0.953125 0.308594 0.974609 0.308594 0.974609 0.279297 0.964844 0.287109 0.960938 0.302734 0.964844 0.302734 0.964844 0.320312 0.935547 0.287109 0.945312 0.287109 0.960938
0 0.152344 0.974609 0.123047 0.960938 0.132812 0.927734 0.169922 0.9375 0.169922 0.960938 0.152344 0.974609 0.152344 0.974609 0.154297 0.960938 0.162109 0.949219 0.148438 0.935547 0.134766 0.953125 0.154297 0.960938 0.154297 0.960938
0 0.714844 0.998047 0.693359 0.992188 0.707031 0.986328 0.714844 0.998047
0 0.171875 0.998047 0.0078125 0.00390625
