0 0.0117188 0.0878906 0 0.0820312 0 0.0625 0.0332031 0.0390625 0.0507812 0 0.078125 0 0.0566406 0.0507812 0.0117188 0.0878906
0 0.339844 0.111328 0.292969 0.103516 0.267578 0.0859375 0.248047 0.03125 0.253906 0 0.279297 0 0.271484 0.015625 0.283203 0.0625 0.324219 0.0839844 0.353516 0.0742188 0.349609 0 0.380859 0 0.384766 0.0703125 0.359375 0.107422 0.339844 0.111328
0 0.126953 0.183594 0.130859 0.226562 0.115234 0.28125 0.0625 0.318359 0.0625 0.318359 0.03125 0.318359 0.00195312 0.28125 0 0.128906 0.0234375 0.0996094 0.0742188 0.123047 0.126953 0.183594 0.103516 0.1875 0.0585938 0.146484 0.0273438 0.134766 0.00585938 0.171875 0.00585938 0.199219 0.0371094 0.289062 0.0644531 0.289062 0.0644531 0.289062 0.0957031 0.257812 0.103516 0.1875
0 0.699219 0.423828 0.654297 0.363281 0.664062 0.302734 0.761719 0.263672 0.832031 0.291016 0.865234 0.335938 0.857422 0.378906 0.837891 0.40625 0.773438 0.443359 0.773438 0.443359 0.722656 0.439453 0.699219 0.423828 0.722656 0.408203 0.767578 0.414062 0.767578 0.414062 0.808594 0.400391 0.826172 0.378906 0.837891 0.347656 0.826172 0.320312 0.746094 0.294922 0.691406 0.318359 0.677734 0.339844 0.689453 0.382812 0.722656 0.408203
0 0.617188 0.404297 0.646484 0.421875 0.646484 0.484375 0.621094 0.521484 0.566406 0.556641 0.566406 0.556641 0.488281 0.541016 0.482422 0.472656 0.498047 0.433594 0.527344 0.404297 0.617188 0.404297 0.613281 0.431641 0.574219 0.427734 0.550781 0.447266 0.53125 0.439453 0.517578 0.457031 0.505859 0.507812 0.544922 0.53125 0.544922 0.53125 0.582031 0.521484 0.615234 0.492188 0.623047 0.445312 0.613281 0.431641
0 0.742188 0.482422 0.8125 0.505859 0.826172 0.535156 0.814453 0.601562 0.789062 0.634766 0.75 0.654297 0.75 0.654297 0.695312 0.642578 0.662109 0.570312 0.669922 0.542969 0.742188 0.482422 0.75 0.509766 0.712891 0.539062 0.708984 0.558594 0.705078 0.601562 0.732422 0.617188 0.732422 0.617188 0.761719 0.607422 0.783203 0.570312 0.775391 0.527344 0.75 0.509766
0 0.0644531 0.648438 0.0644531 0.578125 0.0898438 0.513672 0.152344 0.517578 0.181641 0.542969 0.181641 0.632812 0.140625 0.689453 0.140625 0.689453 0.09375 0.677734 0.0644531 0.648438 0.0917969 0.644531 0.134766 0.660156 0.134766 0.660156 0.154297 0.636719 0.162109 0.570312 0.144531 0.544922 0.121094 0.541016 0.0917969 0.574219 0.0917969 0.644531
0 0.361328 0.59375 0.359375 0.572266 0.433594 0.568359 0.445312 0.583984 0.488281 0.595703 0.509766 0.621094 0.509766 0.652344 0.486328 0.679688 0.433594 0.705078 0.433594 0.705078 0.349609 0.660156 0.345703 0.609375 0.361328 0.59375 0.382812 0.599609 0.369141 0.640625 0.410156 0.669922 0.439453 0.675781 0.439453 0.675781 0.457031 0.673828 0.486328 0.628906 0.445312 0.607422 0.382812 0.599609
0 0.00390625 0.712891 0.00390625 0.673828 0.046875 0.677734 0.0878906 0.710938 0.0839844 0.757812 0.0585938 0.791016 0.0585938 0.791016 0 0.785156 0 0.751953 0.0078125 0.763672 0.046875 0.763672 0.0644531 0.734375 0.0390625 0.701172 0.015625 0.697266 0.00390625 0.712891 0 0.712891 0 0.728516 0 0.728516 0 0.712891
0 0.230469 0.689453 0.296875 0.689453 0.349609 0.738281 0.357422 0.765625 0.341797 0.828125 0.292969 0.837891 0.292969 0.837891 0.230469 0.826172 0.205078 0.792969 0.193359 0.742188 0.230469 0.689453 0.242188 0.712891 0.228516 0.746094 0.240234 0.792969 0.265625 0.814453 0.283203 0.8125 0.283203 0.8125 0.3125 0.810547 0.330078 0.792969 0.322266 0.742188 0.296875 0.716797 0.242188 0.712891
0 0.00195312 0.736328 0.00390625 0.00390625
0 0.00195312 0.748047 0.00390625 0.00390625
0 0.521484 0.886719 0.488281 0.916016 0.488281 0.916016 0.441406 0.912109 0.396484 0.875 0.404297 0.8125 0.457031 0.775391 0.511719 0.783203 0.537109 0.816406 0.521484 0.886719 0.501953 0.871094 0.513672 0.832031 0.501953 0.808594 0.484375 0.802734 0.4375 0.814453 0.423828 0.835938 0.431641 0.875 0.474609 0.890625 0.474609 0.890625 0.501953 0.871094
0 0.617188 0.998047 0.589844 0.994141 0.580078 0.980469 0.587891 0.96875 0.570312 0.958984 0.53125 0.970703 0.515625 0.998047 0.486328 0.996094 0.519531 0.943359 0.574219 0.935547 0.626953 0.96875 0.617188 0.998047
0 0.328125 0.998047 0.205078 0.996094 0.21875 0.978516 0.273438 0.966797 0.324219 0.986328 0.328125 0.998047
