0 0.0429688 0.0214844 0.0234375 0.0214844 0.00585938 0 0.0195312 0 0.03125 0.0136719 0.0683594 0 0.0429688 0.0214844
0 0.144531 0.0371094 0.119141 0.0273438 0.119141 0 0.140625 0.0253906 0.175781 0 0.144531 0.0371094
0 0.390625 0.0292969 0.320312 0.0253906 0.294922 0 0.328125 0.0175781 0.394531 0.0175781 0.417969 0 0.419922 0.0078125 0.390625 0.0292969
0 0.535156 0.0644531 0.490234 0.0507812 0.484375 0 0.498047 0.0429688 0.519531 0.0566406 0.544922 0.0351562 0.537109 0 0.552734 0.00390625 0.552734 0.0390625 0.535156 0.0644531
0 0.636719 0.00976562 0.595703 0 0.658203 0 0.636719 0.00976562
0 0.710938 0.0488281 0.673828 0.03125 0.666016 0.015625 0.677734 0 0.693359 0 0.681641 0.0234375 0.707031 0.0410156 0.753906 0 0.751953 0.0195312 0.710938 0.0488281
0 0.882812 0.0449219 0.835938 0.0410156 0.791016 0 0.808594 0 0.84375 0.0332031 0.875 0.0371094 0.892578 0.0234375 0.888672 0 0.898438 0 0.904297 0.0234375 0.882812 0.0449219
0 0.605469 0.0722656 0.587891 0.0507812 0.621094 0.0253906 0.644531 0.0292969 0.650391 0.0585938 0.632812 0.0722656 0.632812 0.0722656 0.605469 0.0722656 0.613281 0.0644531 0.626953 0.0625 0.626953 0.0625 0.642578 0.0507812 0.636719 0.0371094 0.603516 0.0507812 0.613281 0.0644531
0 0.462891 0.0976562 0.429688 0.154297 0.429688 0.154297 0.408203 0.152344 0.396484 0.0859375 0.433594 0.0527344 0.449219 0.0527344 0.462891 0.0664062 0.462891 0.0976562 0.455078 0.0898438 0.449219 0.0683594 0.416016 0.0976562 0.423828 0.144531 0.423828 0.144531 0.455078 0.0898438
0 0.359375 0.0605469 0.380859 0.0820312 0.376953 0.136719 0.351562 0.166016 0.351562 0.166016 0.271484 0.160156 0.271484 0.105469 0.300781 0.0644531 0.359375 0.0605469 0.351562 0.0683594 0.316406 0.0683594 0.291016 0.0859375 0.275391 0.144531 0.289062 0.158203 0.345703 0.15625 0.345703 0.15625 0.369141 0.128906 0.373047 0.0898438 0.351562 0.0683594
0 0.671875 0.0605469 0.734375 0.0761719 0.740234 0.113281 0.707031 0.134766 0.707031 0.134766 0.636719 0.119141 0.630859 0.0898438 0.671875 0.0605469 0.675781 0.0683594 0.638672 0.0976562 0.683594 0.126953 0.701172 0.125 0.701172 0.125 0.732422 0.105469 0.732422 0.0898438 0.707031 0.0722656 0.675781 0.0683594
0 0.119141 0.109375 0.123047 0.167969 0.078125 0.208984 0.078125 0.208984 0.0332031 0.171875 0.0214844 0.113281 0.0585938 0.0722656 0.09375 0.0683594 0.119141 0.109375 0.111328 0.113281 0.0859375 0.0761719 0.0703125 0.0761719 0.0371094 0.109375 0.0332031 0.132812 0.0449219 0.171875 0.0761719 0.199219 0.0761719 0.199219 0.115234 0.164062 0.111328 0.113281
0 0.595703 0.125 0.546875 0.162109 0.546875 0.162109 0.519531 0.158203 0.490234 0.128906 0.494141 0.101562 0.523438 0.0800781 0.5625 0.0878906 0.595703 0.113281 0.595703 0.125 0.587891 0.121094 0.53125 0.0878906 0.501953 0.109375 0.501953 0.128906 0.541016 0.152344 0.541016 0.152344 0.587891 0.121094
0 0.199219 0.0917969 0.230469 0.0917969 0.251953 0.117188 0.251953 0.15625 0.230469 0.185547 0.230469 0.185547 0.214844 0.185547 0.193359 0.152344 0.189453 0.101562 0.199219 0.0917969 0.203125 0.0996094 0.205078 0.152344 0.21875 0.166016 0.236328 0.164062 0.236328 0.164062 0.236328 0.109375 0.203125 0.0996094
0 0.71875 0.232422 0.689453 0.195312 0.697266 0.164062 0.722656 0.146484 0.794922 0.164062 0.791016 0.207031 0.742188 0.232422 0.742188 0.232422 0.71875 0.232422 0.722656 0.224609 0.736328 0.222656 0.736328 0.222656 0.783203 0.199219 0.78125 0.166016 0.730469 0.154297 0.705078 0.171875 0.705078 0.203125 0.722656 0.224609
0 0.357422 0.183594 0.386719 0.162109 0.433594 0.173828 0.447266 0.207031 0.417969 0.228516 0.417969 0.228516 0.371094 0.224609 0.357422 0.183594 0.365234 0.191406 0.382812 0.216797 0.412109 0.21875 0.412109 0.21875 0.439453 0.195312 0.40625 0.169922 0.365234 0.191406
0 0.875 0.177734 0.888672 0.1875 0.888672 0.234375 0.876953 0.269531 0.851562 0.291016 0.851562 0.291016 0.830078 0.285156 0.818359 0.238281 0.849609 0.191406 0.875 0.177734 0.871094 0.185547 0.826172 0.246094 0.849609 0.28125 0.849609 0.28125 0.880859 0.226562 0.880859 0.191406 0.871094 0.185547
0 0.5 0.275391 0.462891 0.273438 0.466797 0.214844 0.507812 0.189453 0.574219 0.189453 0.580078 0.226562 0.5 0.275391 0.5 0.275391 0.498047 0.265625 0.566406 0.228516 0.572266 0.203125 0.507812 0.201172 0.474609 0.25 0.480469 0.267578 0.498047 0.265625 0.498047 0.265625
0 0.326172 0.234375 0.322266 0.269531 0.261719 0.310547 0.261719 0.310547 0.189453 0.273438 0.189453 0.257812 0.238281 0.205078 0.277344 0.205078 0.3125 0.216797 0.326172 0.234375 0.318359 0.238281 0.304688 0.224609 0.246094 0.212891 0.197266 0.265625 0.263672 0.296875 0.263672 0.296875 0.314453 0.261719 0.318359 0.238281
0 0.980469 0.201172 0.998047 0.214844 0.998047 0.292969 0.980469 0.330078 0.980469 0.330078 0.945312 0.326172 0.919922 0.28125 0.923828 0.234375 0.945312 0.201172 0.980469 0.201172 0.976562 0.208984 0.957031 0.208984 0.931641 0.25 0.931641 0.285156 0.957031 0.322266 0.974609 0.320312 0.974609 0.320312 0.994141 0.269531 0.994141 0.230469 0.976562 0.208984
0 0.136719 0.267578 0.119141 0.261719 0.125 0.232422 0.132812 0.259766 0.150391 0.238281 0.140625 0.224609 0.119141 0.226562 0.132812 0.212891 0.158203 0.226562 0.136719 0.267578
0 0.681641 0.335938 0.701172 0.292969 0.734375 0.271484 0.751953 0.28125 0.755859 0.335938 0.710938 0.376953 0.710938 0.376953 0.689453 0.367188 0.681641 0.335938 0.689453 0.339844 0.708984 0.367188 0.708984 0.367188 0.744141 0.339844 0.738281 0.283203 0.722656 0.287109 0.693359 0.328125 0.689453 0.339844
0 0.90625 0.404297 0.886719 0.404297 0.833984 0.359375 0.833984 0.335938 0.855469 0.310547 0.898438 0.302734 0.931641 0.332031 0.935547 0.367188 0.90625 0.404297 0.90625 0.404297 0.900391 0.394531 0.919922 0.371094 0.916016 0.339844 0.882812 0.310547 0.861328 0.328125 0.857422 0.367188 0.900391 0.394531 0.900391 0.394531
0 0 0.380859 0 0.310547 0.00976562 0.324219 0 0.380859
0 0.466797 0.375 0.480469 0.310547 0.501953 0.316406 0.521484 0.359375 0.507812 0.400391 0.507812 0.400391 0.488281 0.400391 0.466797 0.375 0.474609 0.371094 0.501953 0.390625 0.501953 0.390625 0.513672 0.367188 0.488281 0.318359 0.474609 0.371094
0 0.277344 0.466797 0.255859 0.429688 0.263672 0.382812 0.289062 0.345703 0.3125 0.345703 0.345703 0.382812 0.341797 0.4375 0.320312 0.474609 0.320312 0.474609 0.277344 0.466797 0.285156 0.458984 0.314453 0.464844 0.314453 0.464844 0.333984 0.429688 0.337891 0.390625 0.296875 0.353516 0.263672 0.421875 0.285156 0.458984
0 0.388672 0.398438 0.398438 0.369141 0.441406 0.345703 0.466797 0.386719 0.466797 0.429688 0.433594 0.455078 0.433594 0.455078 0.404297 0.445312 0.388672 0.398438 0.396484 0.40625 0.408203 0.433594 0.427734 0.445312 0.427734 0.445312 0.451172 0.417969 0.441406 0.357422 0.408203 0.375 0.396484 0.40625
0 0.996094 0.408203 0.970703 0.394531 0.996094 0.341797 0.998047 0.359375 0.978516 0.382812 0.996094 0.408203
0 0.792969 0.369141 0.826172 0.382812 0.837891 0.417969 0.832031 0.447266 0.832031 0.447266 0.787109 0.429688 0.783203 0.382812 0.792969 0.369141 0.800781 0.376953 0.791016 0.414062 0.808594 0.435547 0.826172 0.4375 0.826172 0.4375 0.822266 0.398438 0.800781 0.376953
0 0.166016 0.398438 0.158203 0.453125 0.132812 0.490234 0.132812 0.490234 0.09375 0.490234 0.0605469 0.464844 0.0683594 0.40625 0.0898438 0.376953 0.144531 0.373047 0.166016 0.398438 0.158203 0.402344 0.136719 0.380859 0.109375 0.380859 0.0839844 0.394531 0.0683594 0.457031 0.0820312 0.474609 0.126953 0.480469 0.126953 0.480469 0.150391 0.449219 0.158203 0.402344
0 0.705078 0.417969 0.726562 0.388672 0.753906 0.380859 0.767578 0.425781 0.742188 0.478516 0.742188 0.478516 0.724609 0.476562 0.705078 0.417969 0.712891 0.425781 0.736328 0.46875 0.736328 0.46875 0.759766 0.417969 0.742188 0.400391 0.712891 0.425781
0 0.556641 0.425781 0.570312 0.408203 0.640625 0.392578 0.638672 0.464844 0.589844 0.513672 0.589844 0.513672 0.576172 0.511719 0.552734 0.460938 0.556641 0.425781 0.566406 0.431641 0.560547 0.445312 0.580078 0.496094 0.591797 0.5 0.591797 0.5 0.634766 0.445312 0.621094 0.408203 0.566406 0.431641
0 0.898438 0.537109 0.865234 0.496094 0.865234 0.457031 0.882812 0.419922 0.945312 0.435547 0.974609 0.46875 0.966797 0.507812 0.929688 0.548828 0.929688 0.548828 0.898438 0.537109 0.90625 0.529297 0.927734 0.535156 0.927734 0.535156 0.951172 0.460938 0.9375 0.443359 0.886719 0.431641 0.873047 0.488281 0.90625 0.529297
0 0.789062 0.462891 0.833984 0.46875 0.837891 0.523438 0.828125 0.537109 0.828125 0.537109 0.787109 0.527344 0.779297 0.480469 0.789062 0.462891 0.796875 0.470703 0.791016 0.511719 0.804688 0.529297 0.822266 0.527344 0.822266 0.527344 0.830078 0.480469 0.796875 0.470703
0 0.0644531 0.496094 0.0644531 0.523438 0.0390625 0.541016 0.0390625 0.541016 0 0.519531 0 0.484375 0.0117188 0.474609 0.0429688 0.478516 0.0644531 0.496094 0.0566406 0.5 0.0273438 0.490234 0.00585938 0.511719 0.0332031 0.53125 0.0332031 0.53125 0.0566406 0.515625 0.0566406 0.5
0 0.244141 0.578125 0.205078 0.519531 0.210938 0.498047 0.296875 0.478516 0.353516 0.53125 0.353516 0.550781 0.328125 0.580078 0.285156 0.595703 0.285156 0.595703 0.261719 0.595703 0.244141 0.578125 0.251953 0.570312 0.279297 0.585938 0.279297 0.585938 0.316406 0.576172 0.310547 0.5625 0.345703 0.542969 0.289062 0.486328 0.212891 0.511719 0.251953 0.570312
0 0.435547 0.5 0.435547 0.535156 0.417969 0.556641 0.417969 0.556641 0.394531 0.556641 0.376953 0.535156 0.373047 0.503906 0.390625 0.474609 0.417969 0.478516 0.435547 0.5 0.427734 0.503906 0.398438 0.482422 0.380859 0.519531 0.402344 0.548828 0.412109 0.546875 0.412109 0.546875 0.427734 0.527344 0.427734 0.503906
0 0.996094 0.529297 0.996094 0.505859 0.996094 0.529297
0 0.53125 0.537109 0.552734 0.582031 0.548828 0.617188 0.519531 0.634766 0.519531 0.634766 0.480469 0.619141 0.462891 0.585938 0.462891 0.566406 0.503906 0.537109 0.53125 0.537109 0.53125 0.548828 0.511719 0.548828 0.494141 0.558594 0.486328 0.589844 0.507812 0.619141 0.529297 0.621094 0.529297 0.621094 0.544922 0.601562 0.541016 0.566406 0.53125 0.548828
0 0.0722656 0.597656 0.101562 0.560547 0.164062 0.572266 0.189453 0.601562 0.177734 0.636719 0.128906 0.673828 0.128906 0.673828 0.0976562 0.669922 0.0722656 0.648438 0.0722656 0.597656 0.0839844 0.597656 0.0957031 0.640625 0.138672 0.648438 0.138672 0.648438 0.162109 0.621094 0.166016 0.589844 0.140625 0.576172 0.0976562 0.580078 0.0839844 0.597656
0 0.0078125 0.693359 0 0.679688 0.0292969 0.632812 0 0.601562 0 0.580078 0.0449219 0.625 0.0371094 0.660156 0.0078125 0.693359
0 0.822266 0.648438 0.816406 0.580078 0.84375 0.580078 0.869141 0.601562 0.873047 0.636719 0.855469 0.666016 0.855469 0.666016 0.822266 0.648438 0.830078 0.644531 0.849609 0.65625 0.849609 0.65625 0.865234 0.632812 0.861328 0.605469 0.824219 0.587891 0.830078 0.644531
0 0.904297 0.632812 0.904297 0.605469 0.929688 0.576172 0.953125 0.576172 0.978516 0.617188 0.978516 0.636719 0.949219 0.677734 0.949219 0.677734 0.923828 0.667969 0.904297 0.632812 0.912109 0.625 0.943359 0.667969 0.943359 0.667969 0.962891 0.617188 0.933594 0.587891 0.912109 0.625
0 0.3125 0.634766 0.351562 0.642578 0.384766 0.695312 0.380859 0.730469 0.355469 0.751953 0.355469 0.751953 0.28125 0.740234 0.259766 0.71875 0.244141 0.667969 0.3125 0.634766 0.316406 0.642578 0.3125 0.654297 0.263672 0.675781 0.267578 0.703125 0.292969 0.728516 0.361328 0.738281 0.361328 0.738281 0.376953 0.703125 0.34375 0.650391 0.316406 0.642578
0 0.826172 0.6875 0.84375 0.673828 0.882812 0.673828 0.884766 0.6875 0.855469 0.708984 0.855469 0.708984 0.828125 0.705078 0.826172 0.6875 0.833984 0.691406 0.853516 0.699219 0.853516 0.699219 0.873047 0.683594 0.833984 0.691406
0 0.996094 0.744141 0.974609 0.714844 0.974609 0.691406 0.996094 0.669922 0.996094 0.744141
0 0.00976562 0.730469 0.0390625 0.681641 0.0625 0.681641 0.0800781 0.695312 0.0800781 0.714844 0.0390625 0.771484 0.0390625 0.771484 0.0136719 0.761719 0.00976562 0.730469 0.0175781 0.734375 0.0175781 0.75 0.0410156 0.757812 0.0410156 0.757812 0.0722656 0.707031 0.0546875 0.689453 0.0371094 0.695312 0.0175781 0.734375
0 0.195312 0.806641 0.158203 0.765625 0.171875 0.701172 0.226562 0.705078 0.244141 0.734375 0.240234 0.792969 0.222656 0.810547 0.222656 0.810547 0.195312 0.806641 0.199219 0.798828 0.216797 0.800781 0.216797 0.800781 0.232422 0.785156 0.236328 0.738281 0.21875 0.712891 0.179688 0.708984 0.166016 0.757812 0.199219 0.798828
0 0.568359 0.722656 0.589844 0.693359 0.619141 0.695312 0.638672 0.746094 0.638672 0.773438 0.613281 0.810547 0.613281 0.810547 0.568359 0.78125 0.568359 0.722656 0.576172 0.726562 0.576172 0.773438 0.611328 0.796875 0.611328 0.796875 0.630859 0.75 0.611328 0.703125 0.59375 0.701172 0.576172 0.726562
0 0.900391 0.773438 0.900391 0.734375 0.929688 0.705078 0.966797 0.746094 0.966797 0.78125 0.945312 0.806641 0.945312 0.806641 0.925781 0.806641 0.900391 0.773438 0.908203 0.765625 0.939453 0.796875 0.939453 0.796875 0.958984 0.765625 0.929688 0.716797 0.908203 0.742188 0.908203 0.765625
0 0.0722656 0.75 0.101562 0.720703 0.128906 0.720703 0.130859 0.75 0.109375 0.779297 0.109375 0.779297 0.0820312 0.779297 0.0722656 0.75 0.0800781 0.757812 0.0820312 0.767578 0.103516 0.769531 0.103516 0.769531 0.121094 0.728516 0.0800781 0.757812
0 0.777344 0.939453 0.738281 0.927734 0.689453 0.882812 0.697266 0.808594 0.730469 0.748047 0.785156 0.779297 0.810547 0.828125 0.806641 0.894531 0.777344 0.939453 0.777344 0.939453 0.775391 0.929688 0.802734 0.875 0.798828 0.816406 0.769531 0.779297 0.734375 0.767578 0.708984 0.804688 0.697266 0.875 0.734375 0.912109 0.775391 0.929688 0.775391 0.929688
0 0.00390625 0.873047 0.0136719 0.816406 0 0.789062 0 0.763672 0.00976562 0.765625 0.0292969 0.824219 0.0292969 0.84375 0.00390625 0.873047
0 0.273438 0.833984 0.248047 0.828125 0.248047 0.800781 0.285156 0.779297 0.291016 0.808594 0.273438 0.833984 0.273438 0.833984 0.271484 0.824219 0.28125 0.791016 0.255859 0.808594 0.255859 0.820312 0.271484 0.824219 0.271484 0.824219
0 0.341797 0.867188 0.341797 0.828125 0.367188 0.787109 0.408203 0.828125 0.408203 0.890625 0.390625 0.908203 0.390625 0.908203 0.371094 0.908203 0.341797 0.867188 0.349609 0.863281 0.365234 0.890625 0.384766 0.898438 0.384766 0.898438 0.404297 0.859375 0.392578 0.820312 0.371094 0.802734 0.349609 0.832031 0.349609 0.863281
0 0.564453 0.871094 0.556641 0.917969 0.53125 0.951172 0.53125 0.951172 0.488281 0.943359 0.455078 0.886719 0.455078 0.832031 0.492188 0.787109 0.548828 0.832031 0.564453 0.871094 0.556641 0.875 0.544922 0.84375 0.5 0.794922 0.466797 0.871094 0.486328 0.925781 0.525391 0.941406 0.525391 0.941406 0.548828 0.910156 0.556641 0.875
0 0.917969 0.822266 0.939453 0.839844 0.931641 0.886719 0.902344 0.912109 0.902344 0.912109 0.857422 0.890625 0.857422 0.855469 0.882812 0.822266 0.917969 0.822266 0.914062 0.830078 0.886719 0.837891 0.865234 0.863281 0.865234 0.882812 0.900391 0.902344 0.900391 0.902344 0.931641 0.859375 0.914062 0.830078
0 0.996094 0.908203 0.958984 0.863281 0.988281 0.826172 0.998047 0.832031 0.970703 0.867188 0.996094 0.908203
0 0.181641 0.910156 0.203125 0.849609 0.232422 0.867188 0.226562 0.939453 0.226562 0.939453 0.203125 0.935547 0.181641 0.910156 0.189453 0.90625 0.220703 0.929688 0.220703 0.929688 0.228516 0.886719 0.207031 0.861328 0.189453 0.90625
0 0.0371094 0.9375 0.0429688 0.865234 0.117188 0.873047 0.146484 0.902344 0.150391 0.957031 0.128906 0.998047 0.128906 0.998047 0.0527344 0.988281 0.0371094 0.9375 0.0449219 0.933594 0.0605469 0.980469 0.115234 0.992188 0.115234 0.992188 0.142578 0.953125 0.134766 0.902344 0.109375 0.880859 0.0546875 0.873047 0.0449219 0.933594
0 0.335938 0.962891 0.316406 0.962891 0.271484 0.933594 0.269531 0.873047 0.308594 0.869141 0.330078 0.882812 0.349609 0.929688 0.349609 0.953125 0.335938 0.962891 0.335938 0.962891 0.333984 0.953125 0.341797 0.9375 0.330078 0.910156 0.285156 0.892578 0.279297 0.925781 0.333984 0.953125 0.333984 0.953125
0 0.679688 0.978516 0.613281 0.958984 0.587891 0.929688 0.587891 0.898438 0.628906 0.880859 0.667969 0.912109 0.693359 0.953125 0.679688 0.978516 0.679688 0.978516 0.677734 0.964844 0.669922 0.933594 0.640625 0.908203 0.613281 0.900391 0.599609 0.914062 0.640625 0.958984 0.677734 0.964844 0.677734 0.964844
0 0.476562 0.998047 0.466797 0.996094 0.458984 0.945312 0.421875 0.912109 0.404297 0.933594 0.412109 0.996094 0.400391 0.996094 0.396484 0.929688 0.414062 0.900391 0.466797 0.9375 0.476562 0.998047
0 0.0078125 0.998047 0 0.996094 0 0.919922 0.0136719 0.929688 0.0078125 0.998047
0 0.246094 0.998047 0.226562 0.974609 0.177734 0.996094 0.203125 0.966797 0.222656 0.962891 0.248047 0.984375 0.246094 0.998047
0 0.332031 0.998047 0.292969 0.974609 0.273438 0.998047 0.267578 0.976562 0.308594 0.966797 0.332031 0.998047
0 0.988281 0.998047 0.962891 0.996094 0.996094 0.974609 0.988281 0.998047
0 0.601562 0.998047 0.521484 0.996094 0.59375 0.986328 0.601562 0.998047
0 0.769531 0.998047 0.705078 0.992188 0.734375 0.982422 0.769531 0.998047
