0 0.445312 0.0449219 0.414062 0.0371094 0.388672 0.00390625 0.417969 0 0.425781 0.0136719 0.445312 0.0175781 0.460938 0.00585938 0.464844 0.0136719 0.46875 0 0.501953 0.00390625 0.472656 0.0371094 0.445312 0.0449219
0 0.996094 0.185547 0.96875 0.177734 0.943359 0.152344 0.931641 0.105469 0.943359 0.0742188 0.988281 0.0410156 0.998047 0.046875 0.998047 0.0859375 0.976562 0.0800781 0.958984 0.105469 0.966797 0.140625 0.998047 0.160156 0.996094 0.185547
0 0.404297 0.277344 0.419922 0.167969 0.488281 0.138672 0.535156 0.142578 0.591797 0.203125 0.595703 0.265625 0.576172 0.308594 0.507812 0.361328 0.507812 0.361328 0.445312 0.345703 0.416016 0.3125 0.404297 0.277344 0.427734 0.265625 0.449219 0.314453 0.46875 0.330078 0.509766 0.332031 0.509766 0.332031 0.541016 0.308594 0.568359 0.265625 0.564453 0.203125 0.535156 0.169922 0.519531 0.185547 0.503906 0.166016 0.460938 0.169922 0.443359 0.183594 0.427734 0.265625
0 0.285156 0.337891 0.25 0.337891 0.212891 0.316406 0.205078 0.230469 0.234375 0.158203 0.316406 0.173828 0.353516 0.222656 0.337891 0.308594 0.285156 0.337891 0.285156 0.337891 0.287109 0.308594 0.304688 0.306641 0.326172 0.273438 0.326172 0.234375 0.322266 0.210938 0.277344 0.185547 0.244141 0.195312 0.232422 0.269531 0.242188 0.306641 0.287109 0.308594 0.287109 0.308594
0 0.652344 0.173828 0.691406 0.173828 0.724609 0.191406 0.732422 0.238281 0.724609 0.261719 0.695312 0.279297 0.695312 0.279297 0.667969 0.275391 0.638672 0.230469 0.638672 0.1875 0.652344 0.173828 0.667969 0.197266 0.662109 0.210938 0.677734 0.242188 0.697266 0.25 0.697266 0.25 0.701172 0.210938 0.667969 0.197266
0 0.804688 0.314453 0.767578 0.285156 0.767578 0.230469 0.796875 0.185547 0.84375 0.177734 0.869141 0.203125 0.880859 0.292969 0.876953 0.3125 0.859375 0.318359 0.859375 0.318359 0.804688 0.314453 0.8125 0.291016 0.853516 0.292969 0.853516 0.292969 0.849609 0.21875 0.828125 0.201172 0.798828 0.21875 0.791016 0.273438 0.8125 0.291016
0 0.996094 0.462891 0.933594 0.455078 0.892578 0.398438 0.900391 0.335938 0.960938 0.279297 0.998047 0.285156 0.998047 0.34375 0.976562 0.302734 0.945312 0.333984 0.927734 0.335938 0.916016 0.382812 0.923828 0.410156 0.949219 0.431641 0.976562 0.431641 0.996094 0.408203 0.996094 0.462891
0 0.685547 0.433594 0.681641 0.375 0.699219 0.349609 0.71875 0.337891 0.765625 0.341797 0.837891 0.402344 0.830078 0.445312 0.808594 0.474609 0.808594 0.474609 0.734375 0.462891 0.685547 0.433594 0.710938 0.423828 0.802734 0.445312 0.802734 0.445312 0.810547 0.414062 0.804688 0.419922 0.761719 0.369141 0.742188 0.361328 0.712891 0.375 0.710938 0.423828
0 0.175781 0.494141 0.113281 0.490234 0.0722656 0.460938 0.0644531 0.371094 0.078125 0.353516 0.0957031 0.363281 0.0917969 0.433594 0.109375 0.458984 0.1875 0.466797 0.205078 0.453125 0.205078 0.433594 0.15625 0.384766 0.107422 0.371094 0.109375 0.349609 0.171875 0.361328 0.224609 0.414062 0.228516 0.460938 0.175781 0.494141
0 0.998047 0.355469 0.00390625 0.0078125
0 0.0683594 0.361328 0.00390625 0.00390625
0 0.529297 0.496094 0.521484 0.460938 0.544922 0.398438 0.59375 0.369141 0.650391 0.390625 0.654297 0.449219 0.634766 0.519531 0.578125 0.552734 0.578125 0.552734 0.539062 0.544922 0.517578 0.5 0.529297 0.496094 0.548828 0.515625 0.595703 0.519531 0.595703 0.519531 0.619141 0.492188 0.626953 0.417969 0.621094 0.400391 0.589844 0.396484 0.556641 0.425781 0.548828 0.515625
0 0.826172 0.550781 0.833984 0.582031 0.822266 0.632812 0.765625 0.662109 0.765625 0.662109 0.730469 0.658203 0.697266 0.628906 0.685547 0.59375 0.689453 0.539062 0.738281 0.494141 0.78125 0.498047 0.826172 0.550781 0.802734 0.5625 0.769531 0.525391 0.730469 0.533203 0.708984 0.558594 0.712891 0.605469 0.738281 0.630859 0.763672 0.632812 0.763672 0.632812 0.806641 0.609375 0.802734 0.5625
0 0.511719 0.818359 0.457031 0.810547 0.396484 0.722656 0.400391 0.652344 0.460938 0.568359 0.509766 0.582031 0.548828 0.625 0.580078 0.695312 0.568359 0.769531 0.542969 0.802734 0.511719 0.818359 0.511719 0.818359 0.505859 0.792969 0.537109 0.773438 0.552734 0.734375 0.552734 0.691406 0.529297 0.644531 0.472656 0.591797 0.427734 0.648438 0.419922 0.707031 0.466797 0.785156 0.505859 0.792969 0.505859 0.792969
0 0.689453 0.777344 0.71875 0.701172 0.789062 0.716797 0.837891 0.761719 0.849609 0.84375 0.828125 0.892578 0.828125 0.892578 0.765625 0.884766 0.701172 0.816406 0.689453 0.777344 0.712891 0.777344 0.716797 0.792969 0.773438 0.857422 0.814453 0.867188 0.814453 0.867188 0.818359 0.777344 0.769531 0.736328 0.734375 0.728516 0.712891 0.777344
0 0.996094 0.884766 0.962891 0.867188 0.931641 0.808594 0.935547 0.769531 0.992188 0.732422 0.998047 0.785156 0.984375 0.798828 0.964844 0.794922 0.962891 0.808594 0.998047 0.859375 0.996094 0.884766
0 0.845703 0.771484 0.00390625 0.00390625
0 0.207031 0.998047 0.177734 0.996094 0.201172 0.929688 0.197266 0.855469 0.152344 0.814453 0.107422 0.863281 0.115234 0.957031 0.134766 0.996094 0.109375 0.998047 0.0957031 0.980469 0.0800781 0.921875 0.0839844 0.851562 0.132812 0.791016 0.160156 0.791016 0.195312 0.810547 0.228516 0.863281 0.228516 0.9375 0.207031 0.998047
0 0.810547 0.865234 0.00390625 0.00390625
0 0.996094 0.998047 0.974609 0.957031 0.945312 0.943359 0.90625 0.958984 0.878906 0.998047 0.859375 0.998047 0.857422 0.984375 0.890625 0.935547 0.941406 0.916016 0.984375 0.927734 0.998047 0.945312 0.996094 0.998047
