0 0 0.0214844 0.0195312 0 0.0449219 0 0.0390625 0.0136719 0 0.0214844
0 0.210938 0.0292969 0.189453 0.0273438 0.1875 0 0.199219 0.0214844 0.236328 0 0.232422 0.0195312 0.210938 0.0292969
0 0.316406 0.0214844 0.289062 0.0175781 0.271484 0 0.308594 0.0136719 0.353516 0 0.339844 0.0175781 0.316406 0.0214844
0 0.414062 0.0800781 0.376953 0.078125 0.373047 0.03125 0.398438 0 0.410156 0 0.376953 0.0585938 0.386719 0.0722656 0.425781 0.0683594 0.451172 0 0.460938 0 0.462891 0.0351562 0.447266 0.0703125 0.414062 0.0800781
0 0.515625 0.0410156 0.494141 0.03125 0.480469 0 0.507812 0.0292969 0.552734 0 0.552734 0.015625 0.515625 0.0410156
0 0.59375 0.00976562 0.564453 0 0.601562 0 0.59375 0.00976562
0 0.675781 0.0761719 0.644531 0.0761719 0.630859 0.0585938 0.626953 0.015625 0.636719 0 0.650391 0 0.634766 0.0390625 0.652344 0.0683594 0.685547 0.0546875 0.693359 0.015625 0.681641 0 0.697266 0 0.697266 0.0546875 0.675781 0.0761719
0 0.792969 0.0410156 0.765625 0.0371094 0.740234 0 0.78125 0.0332031 0.845703 0 0.792969 0.0410156
0 0.925781 0.0917969 0.904297 0.0625 0.904297 0.0351562 0.933594 0.00976562 0.953125 0.00976562 0.978516 0.046875 0.978516 0.078125 0.953125 0.0957031 0.953125 0.0957031 0.925781 0.0917969 0.933594 0.0839844 0.958984 0.0820312 0.958984 0.0820312 0.962891 0.0429688 0.941406 0.0214844 0.919922 0.0390625 0.919922 0.0703125 0.933594 0.0839844
0 0.240234 0.0742188 0.261719 0.0371094 0.304688 0.0292969 0.337891 0.0429688 0.361328 0.101562 0.353516 0.132812 0.332031 0.146484 0.332031 0.146484 0.28125 0.146484 0.248047 0.132812 0.240234 0.0742188 0.248047 0.0820312 0.251953 0.121094 0.265625 0.134766 0.326172 0.136719 0.326172 0.136719 0.349609 0.117188 0.341797 0.0742188 0.320312 0.0449219 0.296875 0.0371094 0.269531 0.0449219 0.248047 0.0820312
0 0.167969 0.0410156 0.185547 0.0507812 0.185547 0.0703125 0.15625 0.103516 0.15625 0.103516 0.130859 0.09375 0.126953 0.0664062 0.167969 0.0410156 0.164062 0.0488281 0.134766 0.0742188 0.154297 0.0898438 0.154297 0.0898438 0.177734 0.0625 0.164062 0.0488281
0 0.0390625 0.0449219 0.0859375 0.0488281 0.0957031 0.0820312 0.0507812 0.111328 0.0507812 0.111328 0.0078125 0.103516 0.00195312 0.0664062 0.0390625 0.0449219 0.0429688 0.0527344 0.00585938 0.078125 0.015625 0.0957031 0.0449219 0.101562 0.0449219 0.101562 0.0878906 0.0742188 0.078125 0.0566406 0.0429688 0.0527344
0 0.78125 0.134766 0.755859 0.132812 0.751953 0.0859375 0.769531 0.0605469 0.808594 0.0527344 0.833984 0.0742188 0.833984 0.09375 0.78125 0.134766 0.78125 0.134766 0.779297 0.125 0.826172 0.0859375 0.8125 0.0644531 0.771484 0.0742188 0.759766 0.109375 0.779297 0.125 0.779297 0.125
0 0.435547 0.230469 0.408203 0.167969 0.460938 0.0878906 0.498047 0.121094 0.513672 0.183594 0.492188 0.216797 0.453125 0.240234 0.453125 0.240234 0.435547 0.230469 0.443359 0.222656 0.455078 0.226562 0.455078 0.226562 0.480469 0.212891 0.505859 0.175781 0.476562 0.111328 0.451172 0.121094 0.423828 0.167969 0.443359 0.222656
0 0.537109 0.128906 0.535156 0.0878906 0.578125 0.0839844 0.599609 0.0976562 0.599609 0.136719 0.585938 0.146484 0.585938 0.146484 0.558594 0.146484 0.537109 0.128906 0.544922 0.121094 0.580078 0.136719 0.580078 0.136719 0.591797 0.128906 0.591797 0.105469 0.570312 0.0917969 0.542969 0.0957031 0.544922 0.121094
0 0.0996094 0.125 0.113281 0.111328 0.140625 0.111328 0.142578 0.136719 0.125 0.154297 0.125 0.154297 0.0996094 0.148438 0.0996094 0.125 0.107422 0.128906 0.119141 0.144531 0.119141 0.144531 0.134766 0.132812 0.132812 0.119141 0.107422 0.128906
0 0.892578 0.144531 0.953125 0.111328 0.966797 0.125 0.970703 0.164062 0.9375 0.208984 0.9375 0.208984 0.900391 0.183594 0.892578 0.144531 0.900391 0.152344 0.904297 0.171875 0.935547 0.195312 0.935547 0.195312 0.962891 0.15625 0.949219 0.123047 0.900391 0.152344
0 0.150391 0.132812 0.171875 0.115234 0.207031 0.119141 0.220703 0.144531 0.203125 0.166016 0.203125 0.166016 0.15625 0.162109 0.150391 0.132812 0.158203 0.136719 0.167969 0.158203 0.197266 0.15625 0.197266 0.15625 0.207031 0.142578 0.171875 0.126953 0.158203 0.136719
0 0.0078125 0.220703 0 0.21875 0.00976562 0.183594 0 0.126953 0.0292969 0.15625 0.0078125 0.220703
0 0.310547 0.164062 0.367188 0.142578 0.380859 0.175781 0.335938 0.212891 0.335938 0.212891 0.314453 0.203125 0.310547 0.164062 0.318359 0.171875 0.318359 0.191406 0.341797 0.199219 0.341797 0.199219 0.365234 0.179688 0.355469 0.158203 0.318359 0.171875
0 0.615234 0.199219 0.615234 0.15625 0.628906 0.138672 0.648438 0.142578 0.669922 0.171875 0.673828 0.222656 0.664062 0.232422 0.664062 0.232422 0.615234 0.199219 0.623047 0.191406 0.662109 0.21875 0.662109 0.21875 0.662109 0.179688 0.632812 0.150391 0.623047 0.191406
0 0.869141 0.21875 0.820312 0.294922 0.820312 0.294922 0.804688 0.294922 0.783203 0.273438 0.740234 0.207031 0.753906 0.169922 0.8125 0.138672 0.869141 0.191406 0.869141 0.21875 0.861328 0.214844 0.861328 0.199219 0.820312 0.150391 0.748047 0.191406 0.775391 0.246094 0.814453 0.285156 0.814453 0.285156 0.861328 0.214844
0 0.101562 0.189453 0.138672 0.214844 0.150391 0.269531 0.132812 0.294922 0.132812 0.294922 0.0664062 0.283203 0.0488281 0.265625 0.0292969 0.230469 0.0390625 0.185547 0.0585938 0.177734 0.101562 0.189453 0.0976562 0.197266 0.0507812 0.197266 0.0371094 0.222656 0.0605469 0.265625 0.126953 0.285156 0.126953 0.285156 0.142578 0.261719 0.130859 0.222656 0.0976562 0.197266
0 0.253906 0.185547 0.287109 0.203125 0.283203 0.25 0.265625 0.267578 0.265625 0.267578 0.230469 0.263672 0.216797 0.238281 0.228516 0.199219 0.253906 0.185547 0.257812 0.193359 0.228516 0.21875 0.232422 0.242188 0.251953 0.253906 0.251953 0.253906 0.279297 0.21875 0.257812 0.193359
0 0.982422 0.289062 0.960938 0.322266 0.960938 0.322266 0.933594 0.322266 0.908203 0.300781 0.916016 0.25 0.941406 0.212891 0.960938 0.212891 0.982422 0.25 0.982422 0.289062 0.974609 0.28125 0.957031 0.228516 0.919922 0.28125 0.925781 0.306641 0.955078 0.3125 0.955078 0.3125 0.974609 0.28125
0 0.365234 0.285156 0.324219 0.322266 0.324219 0.322266 0.291016 0.316406 0.291016 0.269531 0.347656 0.232422 0.365234 0.253906 0.365234 0.285156 0.357422 0.28125 0.357422 0.261719 0.339844 0.244141 0.308594 0.263672 0.294922 0.289062 0.298828 0.308594 0.318359 0.3125 0.318359 0.3125 0.357422 0.28125
0 0.576172 0.261719 0.572266 0.300781 0.550781 0.322266 0.550781 0.322266 0.509766 0.300781 0.509766 0.261719 0.53125 0.236328 0.558594 0.240234 0.576172 0.261719 0.568359 0.265625 0.539062 0.244141 0.517578 0.269531 0.517578 0.292969 0.544922 0.3125 0.544922 0.3125 0.564453 0.296875 0.568359 0.265625
0 0.478516 0.289062 0.46875 0.357422 0.46875 0.357422 0.410156 0.345703 0.396484 0.332031 0.382812 0.255859 0.40625 0.244141 0.478516 0.289062 0.470703 0.296875 0.417969 0.263672 0.408203 0.28125 0.416016 0.320312 0.462891 0.347656 0.462891 0.347656 0.470703 0.296875
0 0.724609 0.34375 0.667969 0.388672 0.667969 0.388672 0.646484 0.382812 0.630859 0.308594 0.671875 0.267578 0.695312 0.267578 0.724609 0.308594 0.724609 0.34375 0.716797 0.339844 0.712891 0.304688 0.6875 0.275391 0.638672 0.316406 0.662109 0.378906 0.662109 0.378906 0.716797 0.339844
0 0.810547 0.351562 0.832031 0.318359 0.859375 0.310547 0.888672 0.335938 0.892578 0.355469 0.847656 0.419922 0.847656 0.419922 0.822266 0.417969 0.810547 0.351562 0.818359 0.359375 0.826172 0.402344 0.841797 0.410156 0.841797 0.410156 0.884766 0.347656 0.859375 0.322266 0.839844 0.326172 0.818359 0.359375
0 0.21875 0.322266 0.261719 0.318359 0.279297 0.335938 0.275391 0.375 0.25 0.392578 0.25 0.392578 0.210938 0.392578 0.197266 0.378906 0.197266 0.339844 0.21875 0.322266 0.222656 0.330078 0.205078 0.347656 0.210938 0.380859 0.244141 0.382812 0.244141 0.382812 0.271484 0.359375 0.257812 0.326172 0.222656 0.330078
0 0.0878906 0.371094 0.0917969 0.34375 0.109375 0.330078 0.132812 0.333984 0.158203 0.363281 0.154297 0.390625 0.132812 0.404297 0.132812 0.404297 0.109375 0.400391 0.0878906 0.371094 0.0957031 0.363281 0.126953 0.394531 0.126953 0.394531 0.146484 0.382812 0.146484 0.363281 0.125 0.341797 0.109375 0.341797 0.0957031 0.363281
0 0.515625 0.427734 0.462891 0.417969 0.458984 0.382812 0.472656 0.369141 0.519531 0.361328 0.544922 0.378906 0.541016 0.40625 0.515625 0.427734 0.515625 0.427734 0.513672 0.417969 0.533203 0.398438 0.53125 0.376953 0.503906 0.369141 0.466797 0.390625 0.480469 0.419922 0.513672 0.417969 0.513672 0.417969
0 0.585938 0.373047 0.628906 0.384766 0.642578 0.402344 0.638672 0.441406 0.601562 0.458984 0.601562 0.458984 0.5625 0.455078 0.544922 0.4375 0.548828 0.402344 0.585938 0.373047 0.589844 0.380859 0.556641 0.410156 0.552734 0.429688 0.570312 0.447266 0.595703 0.449219 0.595703 0.449219 0.621094 0.443359 0.634766 0.410156 0.589844 0.380859
0 0.0664062 0.427734 0.0273438 0.427734 0.0214844 0.394531 0.046875 0.380859 0.0742188 0.384766 0.0800781 0.414062 0.0664062 0.427734 0.0664062 0.427734 0.0644531 0.417969 0.0722656 0.398438 0.0546875 0.388672 0.0292969 0.410156 0.0351562 0.419922 0.0644531 0.417969 0.0644531 0.417969
0 0.763672 0.429688 0.763672 0.496094 0.726562 0.533203 0.726562 0.533203 0.685547 0.53125 0.681641 0.4375 0.71875 0.400391 0.738281 0.400391 0.763672 0.429688 0.755859 0.433594 0.734375 0.412109 0.689453 0.445312 0.693359 0.523438 0.720703 0.523438 0.720703 0.523438 0.755859 0.488281 0.755859 0.433594
0 0.142578 0.445312 0.164062 0.416016 0.240234 0.445312 0.255859 0.484375 0.255859 0.542969 0.238281 0.556641 0.238281 0.556641 0.195312 0.556641 0.154297 0.527344 0.142578 0.445312 0.150391 0.449219 0.158203 0.511719 0.207031 0.533203 0.214844 0.548828 0.232422 0.546875 0.232422 0.546875 0.248047 0.535156 0.236328 0.464844 0.214844 0.443359 0.167969 0.427734 0.150391 0.449219
0 0.367188 0.568359 0.322266 0.542969 0.298828 0.5 0.320312 0.455078 0.326172 0.527344 0.355469 0.556641 0.376953 0.542969 0.376953 0.492188 0.351562 0.458984 0.326172 0.453125 0.332031 0.443359 0.355469 0.443359 0.396484 0.480469 0.396484 0.535156 0.367188 0.568359
0 0.548828 0.558594 0.564453 0.511719 0.613281 0.462891 0.646484 0.492188 0.654297 0.535156 0.650391 0.570312 0.605469 0.615234 0.605469 0.615234 0.574219 0.615234 0.548828 0.558594 0.556641 0.5625 0.574219 0.599609 0.599609 0.605469 0.599609 0.605469 0.642578 0.5625 0.646484 0.515625 0.621094 0.478516 0.572266 0.519531 0.556641 0.5625
0 0.429688 0.580078 0.408203 0.566406 0.419922 0.507812 0.453125 0.478516 0.523438 0.474609 0.521484 0.542969 0.496094 0.572266 0.46875 0.580078 0.46875 0.580078 0.429688 0.580078 0.433594 0.572266 0.462891 0.570312 0.462891 0.570312 0.488281 0.564453 0.517578 0.53125 0.519531 0.482422 0.457031 0.486328 0.427734 0.515625 0.416016 0.558594 0.433594 0.572266
0 0.119141 0.554688 0.119141 0.597656 0.0859375 0.642578 0.0351562 0.662109 0.0351562 0.662109 0.0136719 0.65625 0 0.554688 0.0664062 0.505859 0.101562 0.513672 0.0957031 0.523438 0.119141 0.554688 0.111328 0.558594 0.0859375 0.529297 0.03125 0.541016 0.00195312 0.570312 0.0214844 0.648438 0.0332031 0.648438 0.0332031 0.648438 0.0859375 0.623047 0.111328 0.589844 0.111328 0.558594
0 0.964844 0.623047 0.939453 0.621094 0.927734 0.550781 0.996094 0.525391 0.996094 0.537109 0.972656 0.537109 0.935547 0.566406 0.949219 0.615234 0.998047 0.597656 0.964844 0.623047
0 0.169922 0.640625 0.177734 0.59375 0.195312 0.580078 0.238281 0.595703 0.255859 0.617188 0.251953 0.65625 0.230469 0.669922 0.230469 0.669922 0.169922 0.640625 0.177734 0.632812 0.214844 0.658203 0.236328 0.65625 0.236328 0.65625 0.244141 0.617188 0.195312 0.591797 0.177734 0.632812
0 0.335938 0.591797 0.361328 0.609375 0.357422 0.628906 0.324219 0.658203 0.324219 0.658203 0.292969 0.658203 0.271484 0.644531 0.275391 0.617188 0.308594 0.591797 0.335938 0.591797 0.328125 0.599609 0.304688 0.603516 0.279297 0.632812 0.289062 0.646484 0.318359 0.648438 0.318359 0.648438 0.349609 0.621094 0.328125 0.599609
0 0.429688 0.666016 0.380859 0.652344 0.380859 0.625 0.402344 0.599609 0.453125 0.599609 0.474609 0.613281 0.474609 0.632812 0.429688 0.666016 0.429688 0.666016 0.427734 0.65625 0.466797 0.625 0.457031 0.611328 0.421875 0.603516 0.396484 0.617188 0.388672 0.644531 0.427734 0.65625 0.427734 0.65625
0 0.832031 0.693359 0.783203 0.683594 0.783203 0.652344 0.808594 0.626953 0.859375 0.630859 0.876953 0.648438 0.871094 0.669922 0.832031 0.693359 0.832031 0.693359 0.826172 0.683594 0.865234 0.660156 0.859375 0.642578 0.828125 0.634766 0.794922 0.652344 0.794922 0.679688 0.826172 0.683594 0.826172 0.683594
0 0.554688 0.630859 0.597656 0.634766 0.630859 0.671875 0.638672 0.699219 0.638672 0.710938 0.617188 0.720703 0.617188 0.720703 0.566406 0.712891 0.525391 0.667969 0.525391 0.644531 0.554688 0.630859 0.558594 0.638672 0.533203 0.652344 0.574219 0.705078 0.615234 0.710938 0.615234 0.710938 0.630859 0.703125 0.623047 0.679688 0.589844 0.642578 0.558594 0.638672
0 0.921875 0.708984 0.912109 0.699219 0.921875 0.654297 0.953125 0.650391 0.986328 0.667969 0.964844 0.708984 0.964844 0.708984 0.921875 0.708984 0.929688 0.701172 0.958984 0.699219 0.958984 0.699219 0.978516 0.675781 0.96875 0.666016 0.941406 0.658203 0.923828 0.667969 0.919922 0.691406 0.929688 0.701172
0 0.427734 0.710938 0.429688 0.673828 0.476562 0.669922 0.486328 0.679688 0.472656 0.720703 0.472656 0.720703 0.427734 0.710938 0.435547 0.703125 0.466797 0.710938 0.466797 0.710938 0.478516 0.6875 0.445312 0.677734 0.435547 0.703125
0 0.730469 0.775391 0.699219 0.775391 0.662109 0.75 0.667969 0.673828 0.714844 0.669922 0.767578 0.695312 0.763672 0.753906 0.730469 0.775391 0.730469 0.775391 0.728516 0.765625 0.751953 0.753906 0.759766 0.703125 0.726562 0.681641 0.675781 0.681641 0.666016 0.738281 0.707031 0.767578 0.728516 0.765625 0.728516 0.765625
0 0.0761719 0.703125 0.0761719 0.734375 0.0683594 0.753906 0.0429688 0.767578 0.0429688 0.767578 0.0175781 0.746094 0.0136719 0.699219 0.0507812 0.677734 0.0761719 0.703125 0.0683594 0.710938 0.0429688 0.689453 0.0214844 0.71875 0.0332031 0.753906 0.0527344 0.753906 0.0527344 0.753906 0.0683594 0.710938
0 0.208984 0.714844 0.208984 0.753906 0.1875 0.791016 0.148438 0.802734 0.148438 0.802734 0.101562 0.798828 0.0878906 0.785156 0.0878906 0.746094 0.109375 0.685547 0.171875 0.677734 0.208984 0.714844 0.201172 0.71875 0.164062 0.685547 0.128906 0.689453 0.103516 0.738281 0.0996094 0.785156 0.142578 0.792969 0.142578 0.792969 0.201172 0.746094 0.201172 0.71875
0 0.289062 0.833984 0.259766 0.792969 0.251953 0.734375 0.289062 0.701172 0.332031 0.705078 0.365234 0.738281 0.365234 0.785156 0.332031 0.841797 0.332031 0.841797 0.289062 0.833984 0.296875 0.826172 0.326172 0.832031 0.326172 0.832031 0.353516 0.789062 0.357422 0.746094 0.332031 0.716797 0.296875 0.708984 0.263672 0.738281 0.267578 0.785156 0.296875 0.826172
0 0.875 0.791016 0.835938 0.783203 0.830078 0.753906 0.859375 0.724609 0.890625 0.720703 0.908203 0.734375 0.908203 0.757812 0.875 0.791016 0.875 0.791016 0.873047 0.78125 0.900391 0.75 0.882812 0.728516 0.837891 0.761719 0.84375 0.775391 0.873047 0.78125 0.873047 0.78125
0 0.53125 0.732422 0.544922 0.789062 0.503906 0.833984 0.503906 0.833984 0.466797 0.792969 0.462891 0.769531 0.488281 0.744141 0.53125 0.732422 0.527344 0.740234 0.488281 0.755859 0.470703 0.777344 0.492188 0.810547 0.509766 0.808594 0.509766 0.808594 0.537109 0.78125 0.527344 0.740234
0 0.644531 0.767578 0.683594 0.779297 0.720703 0.824219 0.712891 0.878906 0.683594 0.923828 0.683594 0.923828 0.660156 0.919922 0.595703 0.839844 0.607422 0.796875 0.644531 0.767578 0.648438 0.775391 0.619141 0.800781 0.623047 0.835938 0.642578 0.886719 0.677734 0.914062 0.677734 0.914062 0.708984 0.863281 0.712891 0.828125 0.675781 0.787109 0.648438 0.775391
0 0.783203 0.867188 0.791016 0.8125 0.8125 0.787109 0.845703 0.808594 0.845703 0.851562 0.824219 0.873047 0.824219 0.873047 0.783203 0.867188 0.791016 0.859375 0.818359 0.863281 0.818359 0.863281 0.837891 0.839844 0.8125 0.802734 0.791016 0.859375
0 0.0234375 0.853516 0 0.853516 0 0.84375 0.03125 0.841797 0.0605469 0.816406 0 0.818359 0 0.808594 0.0664062 0.806641 0.0644531 0.832031 0.0234375 0.853516
0 0.558594 0.845703 0.53125 0.845703 0.525391 0.828125 0.558594 0.810547 0.568359 0.820312 0.558594 0.845703 0.558594 0.845703 0.552734 0.835938 0.554688 0.822266 0.537109 0.832031 0.552734 0.835938 0.552734 0.835938
0 0.458984 0.875 0.439453 0.90625 0.390625 0.927734 0.390625 0.927734 0.337891 0.90625 0.333984 0.871094 0.345703 0.855469 0.382812 0.830078 0.457031 0.841797 0.458984 0.875 0.451172 0.871094 0.449219 0.849609 0.398438 0.837891 0.349609 0.867188 0.345703 0.898438 0.384766 0.917969 0.384766 0.917969 0.435547 0.894531 0.451172 0.871094
0 0.25 0.966797 0.224609 0.945312 0.208984 0.886719 0.222656 0.849609 0.28125 0.853516 0.314453 0.871094 0.326172 0.953125 0.308594 0.970703 0.308594 0.970703 0.25 0.966797 0.257812 0.958984 0.302734 0.960938 0.302734 0.960938 0.318359 0.945312 0.314453 0.898438 0.261719 0.861328 0.238281 0.861328 0.220703 0.894531 0.232422 0.9375 0.257812 0.958984
0 0.929688 0.927734 0.904297 0.910156 0.90625 0.869141 0.945312 0.861328 0.966797 0.875 0.974609 0.90625 0.960938 0.927734 0.960938 0.927734 0.929688 0.927734 0.9375 0.919922 0.955078 0.917969 0.955078 0.917969 0.962891 0.886719 0.921875 0.869141 0.912109 0.902344 0.9375 0.919922
0 0.109375 0.998047 0.0957031 0.996094 0.115234 0.964844 0.115234 0.925781 0.078125 0.876953 0.0507812 0.884766 0.0371094 0.914062 0.0371094 0.96875 0.0605469 0.996094 0.046875 0.998047 0.0292969 0.976562 0.0292969 0.90625 0.0507812 0.869141 0.0859375 0.869141 0.115234 0.898438 0.126953 0.953125 0.109375 0.998047
0 0.517578 0.945312 0.521484 0.914062 0.546875 0.884766 0.585938 0.888672 0.603516 0.902344 0.599609 0.941406 0.5625 0.958984 0.5625 0.958984 0.517578 0.945312 0.525391 0.941406 0.580078 0.945312 0.580078 0.945312 0.595703 0.910156 0.578125 0.896484 0.546875 0.896484 0.525391 0.941406
0 0.785156 0.978516 0.734375 0.970703 0.705078 0.941406 0.701172 0.917969 0.734375 0.900391 0.712891 0.933594 0.742188 0.962891 0.777344 0.970703 0.794922 0.957031 0.794922 0.9375 0.761719 0.904297 0.736328 0.898438 0.742188 0.888672 0.769531 0.896484 0.802734 0.929688 0.802734 0.964844 0.785156 0.978516
0 0.203125 0.998047 0.152344 0.931641 0.142578 0.964844 0.177734 0.996094 0.138672 0.980469 0.140625 0.923828 0.160156 0.923828 0.189453 0.953125 0.203125 0.998047
0 0.914062 0.998047 0.888672 0.996094 0.919922 0.980469 0.890625 0.947266 0.865234 0.96875 0.880859 0.996094 0.867188 0.998047 0.857422 0.984375 0.861328 0.953125 0.878906 0.939453 0.910156 0.947266 0.927734 0.96875 0.927734 0.988281 0.914062 0.998047
0 0.667969 0.998047 0.654297 0.996094 0.673828 0.976562 0.660156 0.955078 0.634766 0.960938 0.623047 0.980469 0.632812 0.998047 0.615234 0.992188 0.632812 0.947266 0.673828 0.953125 0.681641 0.984375 0.667969 0.998047
0 0.382812 0.998047 0.359375 0.978516 0.318359 0.996094 0.339844 0.974609 0.367188 0.970703 0.382812 0.998047
0 0.556641 0.980469 0.585938 0.998047 0.585938 0.998047 0.556641 0.980469 0.554688 0.986328 0.554688 0.998047 0.554688 0.998047 0.533203 0.996094 0.554688 0.986328
