0 0.136719 0.0878906 0.0976562 0.0878906 0.0429688 0.0605469 0.0214844 0 0.0507812 0 0.0644531 0.0429688 0.117188 0.0644531 0.142578 0.046875 0.138672 0 0.167969 0 0.169922 0.0546875 0.136719 0.0878906
0 0.773438 0 0.791016 0.0351562 0.771484 0.101562 0.738281 0.134766 0.691406 0.146484 0.691406 0.146484 0.652344 0.142578 0.634766 0.117188 0.658203 0.0390625 0.710938 0 0.773438 0 0.753906 0.0136719 0.707031 0.0292969 0.677734 0.0585938 0.658203 0.105469 0.685547 0.121094 0.685547 0.121094 0.738281 0.0996094 0.759766 0.0703125 0.763672 0.03125 0.753906 0.0136719
0 0.875 0.0957031 0.847656 0.0917969 0.830078 0.0742188 0.84375 0 0.865234 0 0.857422 0.0625 0.867188 0.0683594 0.888672 0.0585938 0.884766 0.0429688 0.90625 0.0253906 0.949219 0.0136719 0.949219 0 0.998047 0 0.964844 0.0644531 0.875 0.0957031
0 0.896484 0.0917969 0.00390625 0.00390625
0 0.4375 0.0996094 0.484375 0.107422 0.509766 0.136719 0.498047 0.195312 0.476562 0.224609 0.425781 0.240234 0.425781 0.240234 0.382812 0.240234 0.369141 0.226562 0.369141 0.160156 0.398438 0.115234 0.4375 0.0996094 0.441406 0.126953 0.404297 0.148438 0.388672 0.183594 0.392578 0.210938 0.423828 0.210938 0.423828 0.210938 0.470703 0.1875 0.476562 0.134766 0.441406 0.126953
0 0.748047 0.214844 0.755859 0.1875 0.744141 0.171875 0.753906 0.138672 0.8125 0.138672 0.849609 0.15625 0.880859 0.207031 0.873047 0.257812 0.859375 0.263672 0.859375 0.263672 0.800781 0.263672 0.759766 0.238281 0.748047 0.214844 0.775391 0.210938 0.796875 0.232422 0.841797 0.238281 0.841797 0.238281 0.853516 0.234375 0.845703 0.191406 0.816406 0.166016 0.78125 0.162109 0.775391 0.210938
0 0.996094 0.310547 0.966797 0.277344 0.970703 0.210938 0.996094 0.158203 0.996094 0.310547
0 0.675781 0.287109 0.691406 0.283203 0.708984 0.304688 0.693359 0.394531 0.648438 0.412109 0.648438 0.412109 0.609375 0.408203 0.548828 0.363281 0.556641 0.355469 0.541016 0.300781 0.589844 0.248047 0.617188 0.271484 0.644531 0.267578 0.675781 0.287109 0.658203 0.308594 0.589844 0.291016 0.572266 0.324219 0.609375 0.361328 0.642578 0.375 0.642578 0.375 0.666016 0.355469 0.658203 0.308594
0 0.996094 0.447266 0.962891 0.414062 0.966797 0.371094 0.996094 0.333984 0.998047 0.378906 0.986328 0.394531 0.998047 0.414062 0.996094 0.447266
0 0.373047 0.464844 0.384766 0.394531 0.408203 0.351562 0.425781 0.341797 0.447266 0.347656 0.455078 0.375 0.486328 0.398438 0.537109 0.472656 0.529297 0.515625 0.441406 0.568359 0.441406 0.568359 0.392578 0.53125 0.373047 0.464844 0.396484 0.46875 0.416016 0.523438 0.447266 0.539062 0.447266 0.539062 0.496094 0.509766 0.509766 0.476562 0.462891 0.410156 0.421875 0.380859 0.400391 0.417969 0.396484 0.46875
0 0.556641 0.373047 0.00390625 0.00390625
0 0.826172 0.519531 0.826172 0.460938 0.855469 0.416016 0.921875 0.423828 0.951172 0.460938 0.955078 0.503906 0.943359 0.53125 0.894531 0.552734 0.894531 0.552734 0.851562 0.548828 0.826172 0.519531 0.849609 0.519531 0.900391 0.523438 0.900391 0.523438 0.927734 0.507812 0.927734 0.476562 0.894531 0.462891 0.894531 0.447266 0.867188 0.443359 0.853516 0.464844 0.849609 0.519531
0 0.826172 0.710938 0.814453 0.6875 0.822266 0.648438 0.804688 0.599609 0.886719 0.599609 0.935547 0.625 0.955078 0.679688 0.943359 0.714844 0.910156 0.744141 0.910156 0.744141 0.875 0.744141 0.826172 0.710938 0.845703 0.699219 0.875 0.716797 0.904297 0.714844 0.904297 0.714844 0.927734 0.691406 0.927734 0.664062 0.890625 0.626953 0.84375 0.623047 0.845703 0.699219
0 0.392578 0.691406 0.433594 0.626953 0.476562 0.623047 0.5 0.638672 0.503906 0.630859 0.544922 0.667969 0.560547 0.699219 0.560547 0.75 0.541016 0.792969 0.519531 0.810547 0.519531 0.810547 0.453125 0.806641 0.429688 0.787109 0.410156 0.787109 0.388672 0.761719 0.392578 0.691406 0.419922 0.691406 0.423828 0.734375 0.449219 0.767578 0.498047 0.777344 0.498047 0.777344 0.525391 0.746094 0.529297 0.707031 0.46875 0.650391 0.449219 0.650391 0.419922 0.691406
0 0.767578 0.792969 0.707031 0.837891 0.707031 0.837891 0.664062 0.822266 0.611328 0.742188 0.615234 0.710938 0.646484 0.675781 0.691406 0.658203 0.761719 0.689453 0.787109 0.730469 0.767578 0.792969 0.748047 0.777344 0.755859 0.738281 0.71875 0.697266 0.679688 0.689453 0.646484 0.714844 0.642578 0.742188 0.671875 0.791016 0.712891 0.804688 0.712891 0.804688 0.748047 0.777344
0 0 0.884766 0 0.847656 0.0175781 0.820312 0 0.78125 0 0.732422 0.0136719 0.765625 0.0449219 0.792969 0.0371094 0.832031 0 0.884766
0 0.935547 0.792969 0.935547 0.859375 0.917969 0.880859 0.886719 0.892578 0.886719 0.892578 0.857422 0.875 0.822266 0.816406 0.814453 0.792969 0.832031 0.763672 0.886719 0.759766 0.935547 0.792969 0.904297 0.800781 0.875 0.791016 0.861328 0.820312 0.900391 0.835938 0.900391 0.835938 0.912109 0.824219 0.904297 0.800781
0 0.914062 0.998047 0.886719 0.998047 0.835938 0.947266 0.792969 0.998047 0.767578 0.992188 0.828125 0.919922 0.855469 0.923828 0.919922 0.988281 0.914062 0.998047
