0 0.0898438 0.0175781 0.0527344 0 0.111328 0 0.0898438 0.0175781
0 0.119141 0.00195312 0.00390625 0.00390625
0 0.248047 0.0820312 0.265625 0.00976562 0.332031 0.00195312 0.384766 0.0664062 0.380859 0.109375 0.328125 0.130859 0.328125 0.130859 0.296875 0.130859 0.248047 0.0820312 0.271484 0.0742188 0.292969 0.0957031 0.337891 0.101562 0.337891 0.101562 0.365234 0.0859375 0.353516 0.0664062 0.316406 0.0332031 0.285156 0.0332031 0.271484 0.0742188
0 0.425781 0.0136719 0.384766 0 0.447266 0 0.425781 0.0136719
0 0.521484 0.148438 0.521484 0.0507812 0.539062 0.00195312 0.609375 0.0214844 0.626953 0.046875 0.634766 0.175781 0.601562 0.212891 0.601562 0.212891 0.546875 0.197266 0.521484 0.148438 0.548828 0.148438 0.570312 0.181641 0.603516 0.183594 0.603516 0.183594 0.611328 0.101562 0.599609 0.0507812 0.554688 0.0332031 0.548828 0.148438
0 0.710938 0.0878906 0.669922 0.0664062 0.673828 0.0546875 0.654297 0.0351562 0.654297 0 0.685547 0 0.677734 0.015625 0.697266 0.0585938 0.710938 0.0605469 0.75 0 0.777344 0 0.755859 0.0507812 0.710938 0.0878906
0 0.992188 0.103516 0.955078 0.0664062 0.953125 0 0.982422 0.0078125 0.970703 0.015625 0.974609 0.046875 0.998047 0.0742188 0.992188 0.103516
0 0.0507812 0.130859 0 0.121094 0 0.0722656 0.00585938 0.09375 0.0234375 0.103516 0.0566406 0.09375 0.03125 0.0488281 0.0078125 0.0449219 0 0.0546875 0 0.0214844 0.046875 0.0214844 0.0800781 0.0703125 0.0839844 0.09375 0.0507812 0.130859
0 0.00195312 0.0683594 0.00390625 0.00390625
0 0.634766 0.0800781 0.00390625 0.00390625
0 0.826172 0.183594 0.830078 0.226562 0.814453 0.28125 0.761719 0.318359 0.761719 0.318359 0.730469 0.318359 0.705078 0.296875 0.697266 0.230469 0.681641 0.210938 0.677734 0.167969 0.705078 0.109375 0.722656 0.0996094 0.773438 0.123047 0.826172 0.183594 0.802734 0.1875 0.757812 0.146484 0.726562 0.134766 0.705078 0.171875 0.705078 0.199219 0.736328 0.289062 0.763672 0.289062 0.763672 0.289062 0.794922 0.257812 0.802734 0.1875
0 0.125 0.142578 0.181641 0.203125 0.173828 0.246094 0.140625 0.263672 0.140625 0.263672 0.078125 0.244141 0.0527344 0.210938 0.0605469 0.167969 0.0898438 0.142578 0.125 0.142578 0.113281 0.166016 0.09375 0.169922 0.0800781 0.214844 0.146484 0.234375 0.146484 0.234375 0.158203 0.222656 0.138672 0.199219 0.146484 0.195312 0.113281 0.166016
0 0.166016 0.259766 0.00390625 0.00390625
0 0.248047 0.320312 0.289062 0.287109 0.335938 0.302734 0.357422 0.339844 0.337891 0.382812 0.304688 0.412109 0.304688 0.412109 0.273438 0.408203 0.244141 0.363281 0.248047 0.320312 0.271484 0.332031 0.279297 0.375 0.298828 0.382812 0.298828 0.382812 0.330078 0.332031 0.300781 0.314453 0.271484 0.332031
0 0.201172 0.363281 0.197266 0.417969 0.144531 0.470703 0.144531 0.470703 0.117188 0.470703 0.0742188 0.447266 0.0605469 0.417969 0.0644531 0.367188 0.117188 0.306641 0.167969 0.314453 0.201172 0.363281 0.173828 0.363281 0.148438 0.337891 0.121094 0.333984 0.0878906 0.382812 0.0878906 0.410156 0.113281 0.439453 0.138672 0.441406 0.138672 0.441406 0.177734 0.398438 0.173828 0.363281
0 0.158203 0.310547 0.00390625 0.00390625
0 0.337891 0.488281 0.345703 0.410156 0.375 0.373047 0.4375 0.388672 0.455078 0.414062 0.458984 0.488281 0.441406 0.509766 0.40625 0.517578 0.40625 0.517578 0.363281 0.513672 0.337891 0.488281 0.361328 0.480469 0.423828 0.488281 0.423828 0.488281 0.431641 0.429688 0.386719 0.396484 0.373047 0.414062 0.361328 0.480469
0 0.611328 0.460938 0.599609 0.5 0.554688 0.533203 0.554688 0.533203 0.494141 0.519531 0.490234 0.457031 0.507812 0.419922 0.566406 0.396484 0.595703 0.40625 0.591797 0.417969 0.623047 0.460938 0.611328 0.460938 0.587891 0.46875 0.585938 0.443359 0.541016 0.445312 0.529297 0.496094 0.556641 0.503906 0.556641 0.503906 0.587891 0.46875
0 0 0.548828 0 0.515625 0.0253906 0.484375 0 0.476562 0 0.453125 0.0234375 0.451172 0.0527344 0.46875 0.0566406 0.488281 0 0.548828
0 0.0820312 0.623047 0.0527344 0.582031 0.0761719 0.515625 0.144531 0.490234 0.195312 0.509766 0.216797 0.550781 0.175781 0.607422 0.121094 0.630859 0.121094 0.630859 0.0820312 0.623047 0.0976562 0.607422 0.115234 0.605469 0.115234 0.605469 0.179688 0.572266 0.189453 0.542969 0.136719 0.517578 0.101562 0.537109 0.0917969 0.589844 0.0976562 0.607422
0 0.763672 0.648438 0.763672 0.578125 0.789062 0.513672 0.851562 0.517578 0.880859 0.542969 0.880859 0.632812 0.839844 0.689453 0.839844 0.689453 0.792969 0.677734 0.763672 0.648438 0.791016 0.644531 0.833984 0.660156 0.833984 0.660156 0.853516 0.636719 0.861328 0.570312 0.84375 0.544922 0.820312 0.541016 0.791016 0.574219 0.791016 0.644531
0 0.568359 0.537109 0.00390625 0.00390625
0 0.490234 0.589844 0.509766 0.632812 0.488281 0.662109 0.453125 0.677734 0.453125 0.677734 0.417969 0.673828 0.392578 0.621094 0.396484 0.582031 0.441406 0.548828 0.480469 0.552734 0.505859 0.574219 0.490234 0.589844 0.478516 0.609375 0.457031 0.576172 0.425781 0.583984 0.416016 0.605469 0.427734 0.648438 0.439453 0.652344 0.439453 0.652344 0.464844 0.638672 0.46875 0.646484 0.478516 0.632812 0.478516 0.609375
0 0.181641 0.722656 0.189453 0.675781 0.222656 0.638672 0.285156 0.646484 0.298828 0.722656 0.28125 0.748047 0.253906 0.744141 0.238281 0.759766 0.238281 0.759766 0.199219 0.748047 0.181641 0.722656 0.205078 0.714844 0.232422 0.730469 0.232422 0.730469 0.240234 0.695312 0.230469 0.673828 0.205078 0.714844
0 0.673828 0.714844 0.691406 0.677734 0.734375 0.673828 0.783203 0.703125 0.783203 0.757812 0.757812 0.791016 0.757812 0.791016 0.703125 0.791016 0.673828 0.769531 0.673828 0.714844 0.697266 0.710938 0.697266 0.75 0.707031 0.763672 0.732422 0.765625 0.732422 0.765625 0.753906 0.759766 0.763672 0.734375 0.738281 0.701172 0.714844 0.697266 0.697266 0.710938
0 0.992188 0.837891 0.929688 0.826172 0.904297 0.792969 0.892578 0.742188 0.929688 0.689453 0.998047 0.691406 0.992188 0.720703 0.941406 0.712891 0.927734 0.746094 0.953125 0.806641 0.998047 0.808594 0.992188 0.837891
0 0.177734 0.726562 0.00390625 0.0078125
0 0.240234 0.882812 0.210938 0.919922 0.148438 0.951172 0.148438 0.951172 0.105469 0.947266 0.0761719 0.929688 0.0644531 0.832031 0.0976562 0.798828 0.167969 0.763672 0.201172 0.773438 0.197266 0.785156 0.236328 0.84375 0.240234 0.882812 0.216797 0.875 0.205078 0.839844 0.167969 0.794922 0.0917969 0.84375 0.0996094 0.914062 0.134766 0.925781 0.134766 0.925781 0.175781 0.912109 0.216797 0.875
0 0.322266 0.941406 0.322266 0.84375 0.34375 0.814453 0.375 0.798828 0.417969 0.798828 0.525391 0.890625 0.529297 0.914062 0.509766 0.953125 0.449219 0.994141 0.449219 0.994141 0.34375 0.974609 0.322266 0.941406 0.345703 0.933594 0.375 0.958984 0.378906 0.951172 0.431641 0.964844 0.431641 0.964844 0.46875 0.955078 0.505859 0.90625 0.429688 0.833984 0.371094 0.830078 0.345703 0.859375 0.345703 0.933594
0 0.240234 0.896484 0.00390625 0.00390625
0 0.078125 0.998047 0.0234375 0.998047 0.00585938 0.972656 0.0175781 0.960938 0 0.957031 0 0.933594 0.03125 0.931641 0.0625 0.955078 0.078125 0.998047
0 0.261719 0.998047 0.238281 0.998047 0.222656 0.982422 0.195312 0.998047 0.162109 0.992188 0.199219 0.958984 0.234375 0.955078 0.261719 0.998047
0 0.996094 0.998047 0.904297 0.996094 0.917969 0.978516 0.972656 0.966797 0.998047 0.980469 0.996094 0.998047
