0 0.0429688 0.0605469 0 0.0527344 0 0.0429688 0.0429688 0.0488281 0.0644531 0.0273438 0.0371094 0 0.0507812 0 0.0722656 0.015625 0.0722656 0.0351562 0.0429688 0.0605469
0 0.179688 0.0449219 0.128906 0.0410156 0.115234 0.0273438 0.119141 0 0.144531 0.0371094 0.191406 0.0292969 0.228516 0 0.210938 0.0292969 0.179688 0.0449219
0 0.417969 0.0566406 0.378906 0.0566406 0.357422 0.03125 0.357422 0.0078125 0.375 0 0.365234 0.015625 0.373047 0.0351562 0.386719 0.0488281 0.410156 0.0488281 0.416016 0.0234375 0.396484 0 0.421875 0 0.431641 0.015625 0.417969 0.0566406
0 0.621094 0.0957031 0.548828 0.0546875 0.544922 0.0195312 0.558594 0.00195312 0.607422 0 0.566406 0.0175781 0.552734 0.0429688 0.613281 0.0878906 0.677734 0.0664062 0.673828 0.0429688 0.621094 0 0.652344 0 0.681641 0.03125 0.685547 0.0742188 0.621094 0.0957031
0 0.875 0.0722656 0.824219 0.0722656 0.789062 0.0566406 0.779297 0.0429688 0.787109 0.00390625 0.798828 0 0.787109 0.03125 0.796875 0.0488281 0.828125 0.0644531 0.871094 0.0644531 0.892578 0.0546875 0.925781 0 0.916016 0.0390625 0.875 0.0722656
0 0.322266 0.0820312 0.318359 0.125 0.296875 0.154297 0.296875 0.154297 0.28125 0.154297 0.244141 0.117188 0.255859 0.0742188 0.28125 0.0449219 0.322266 0.0820312 0.314453 0.0898438 0.28125 0.0605469 0.255859 0.113281 0.291016 0.144531 0.291016 0.144531 0.314453 0.0898438
0 0.128906 0.0566406 0.160156 0.0566406 0.208984 0.0898438 0.220703 0.128906 0.167969 0.162109 0.167969 0.162109 0.117188 0.162109 0.0996094 0.148438 0.09375 0.0761719 0.128906 0.0566406 0.136719 0.0644531 0.103516 0.0859375 0.103516 0.128906 0.113281 0.150391 0.162109 0.152344 0.162109 0.152344 0.212891 0.121094 0.183594 0.0800781 0.136719 0.0644531
0 0.681641 0.199219 0.693359 0.113281 0.730469 0.0839844 0.800781 0.0839844 0.798828 0.175781 0.777344 0.201172 0.710938 0.220703 0.710938 0.220703 0.695312 0.220703 0.681641 0.199219 0.689453 0.195312 0.710938 0.208984 0.740234 0.207031 0.740234 0.207031 0.769531 0.193359 0.794922 0.160156 0.792969 0.0917969 0.734375 0.0917969 0.701172 0.121094 0.689453 0.195312
0 0.351562 0.228516 0.330078 0.1875 0.333984 0.117188 0.355469 0.0996094 0.388672 0.105469 0.408203 0.160156 0.404297 0.1875 0.375 0.228516 0.375 0.228516 0.351562 0.228516 0.359375 0.220703 0.369141 0.21875 0.369141 0.21875 0.400391 0.167969 0.375 0.107422 0.355469 0.111328 0.341797 0.140625 0.341797 0.191406 0.359375 0.220703
0 0.925781 0.103516 0.935547 0.121094 0.927734 0.171875 0.898438 0.205078 0.871094 0.212891 0.871094 0.212891 0.84375 0.208984 0.833984 0.195312 0.841797 0.132812 0.863281 0.107422 0.925781 0.103516 0.917969 0.111328 0.890625 0.107422 0.853516 0.128906 0.845703 0.195312 0.865234 0.203125 0.865234 0.203125 0.886719 0.201172 0.916016 0.171875 0.927734 0.128906 0.917969 0.111328
0 0.998047 0.117188 0.988281 0.158203 0.988281 0.158203 0.958984 0.148438 0.960938 0.115234 0.998047 0.117188 0.988281 0.123047 0.962891 0.128906 0.972656 0.146484 0.990234 0.144531 0.990234 0.144531 0.988281 0.123047
0 0.589844 0.240234 0.556641 0.210938 0.554688 0.119141 0.605469 0.119141 0.646484 0.148438 0.650391 0.21875 0.640625 0.240234 0.640625 0.240234 0.589844 0.240234 0.597656 0.232422 0.634766 0.230469 0.634766 0.230469 0.638672 0.15625 0.597656 0.126953 0.566406 0.130859 0.560547 0.199219 0.597656 0.232422
0 0.236328 0.199219 0.224609 0.175781 0.234375 0.138672 0.253906 0.138672 0.275391 0.160156 0.279297 0.199219 0.269531 0.208984 0.269531 0.208984 0.236328 0.199219 0.244141 0.191406 0.263672 0.199219 0.263672 0.199219 0.267578 0.167969 0.242188 0.146484 0.232422 0.167969 0.244141 0.191406
0 0.935547 0.21875 0.953125 0.193359 0.976562 0.185547 0.994141 0.230469 0.96875 0.267578 0.96875 0.267578 0.943359 0.257812 0.935547 0.21875 0.943359 0.222656 0.951172 0.25 0.970703 0.253906 0.970703 0.253906 0.982422 0.234375 0.972656 0.197266 0.943359 0.222656
0 0.292969 0.259766 0.275391 0.246094 0.28125 0.208984 0.296875 0.205078 0.333984 0.234375 0.333984 0.253906 0.320312 0.259766 0.320312 0.259766 0.292969 0.259766 0.296875 0.251953 0.314453 0.25 0.314453 0.25 0.326172 0.242188 0.289062 0.216797 0.283203 0.238281 0.296875 0.251953
0 0.263672 0.234375 0.263672 0.261719 0.25 0.279297 0.25 0.279297 0.230469 0.279297 0.220703 0.265625 0.220703 0.234375 0.234375 0.216797 0.263672 0.234375 0.255859 0.238281 0.238281 0.228516 0.228516 0.253906 0.244141 0.269531 0.244141 0.269531 0.255859 0.238281
0 0.808594 0.220703 0.855469 0.224609 0.861328 0.25 0.828125 0.275391 0.828125 0.275391 0.789062 0.271484 0.779297 0.238281 0.808594 0.220703 0.8125 0.228516 0.787109 0.246094 0.789062 0.259766 0.822266 0.265625 0.822266 0.265625 0.853516 0.242188 0.847656 0.232422 0.8125 0.228516
0 0.0917969 0.320312 0.0390625 0.357422 0.0390625 0.357422 0.00976562 0.3125 0.00585938 0.28125 0.0429688 0.232422 0.0917969 0.257812 0.103516 0.292969 0.0917969 0.320312 0.0839844 0.3125 0.0917969 0.277344 0.0664062 0.248047 0.0429688 0.244141 0.0136719 0.292969 0.0371094 0.34375 0.0488281 0.34375 0.0488281 0.34375 0.0839844 0.3125
0 0.679688 0.373047 0.626953 0.359375 0.607422 0.324219 0.611328 0.289062 0.65625 0.259766 0.746094 0.271484 0.759766 0.300781 0.744141 0.332031 0.679688 0.373047 0.679688 0.373047 0.677734 0.363281 0.71875 0.341797 0.744141 0.3125 0.751953 0.292969 0.734375 0.275391 0.664062 0.267578 0.615234 0.300781 0.632812 0.349609 0.677734 0.363281 0.677734 0.363281
0 0.333984 0.3125 0.304688 0.361328 0.304688 0.361328 0.267578 0.351562 0.255859 0.296875 0.28125 0.275391 0.324219 0.271484 0.333984 0.277344 0.333984 0.3125 0.326172 0.308594 0.316406 0.279297 0.267578 0.296875 0.271484 0.339844 0.298828 0.351562 0.298828 0.351562 0.326172 0.308594
0 0.367188 0.271484 0.398438 0.275391 0.423828 0.300781 0.416016 0.328125 0.394531 0.337891 0.394531 0.337891 0.353516 0.316406 0.353516 0.285156 0.367188 0.271484 0.371094 0.279297 0.361328 0.308594 0.392578 0.328125 0.392578 0.328125 0.416016 0.304688 0.371094 0.279297
0 0.863281 0.357422 0.845703 0.339844 0.837891 0.3125 0.855469 0.279297 0.904297 0.304688 0.908203 0.347656 0.894531 0.357422 0.894531 0.357422 0.863281 0.357422 0.871094 0.349609 0.888672 0.347656 0.888672 0.347656 0.900391 0.320312 0.863281 0.287109 0.849609 0.324219 0.871094 0.349609
0 0.566406 0.431641 0.498047 0.398438 0.478516 0.347656 0.492188 0.314453 0.53125 0.314453 0.564453 0.34375 0.566406 0.431641 0.566406 0.431641 0.560547 0.421875 0.564453 0.394531 0.537109 0.335938 0.519531 0.322266 0.496094 0.330078 0.501953 0.386719 0.560547 0.421875 0.560547 0.421875
0 0.142578 0.375 0.164062 0.349609 0.191406 0.349609 0.205078 0.363281 0.208984 0.417969 0.175781 0.443359 0.175781 0.443359 0.150391 0.433594 0.142578 0.375 0.150391 0.378906 0.150391 0.40625 0.169922 0.433594 0.169922 0.433594 0.201172 0.414062 0.197266 0.371094 0.183594 0.357422 0.150391 0.378906
0 0.941406 0.501953 0.914062 0.498047 0.884766 0.453125 0.888672 0.421875 0.925781 0.369141 0.957031 0.373047 0.990234 0.421875 0.986328 0.460938 0.941406 0.501953 0.941406 0.501953 0.935547 0.492188 0.982422 0.441406 0.978516 0.410156 0.941406 0.376953 0.919922 0.390625 0.892578 0.441406 0.916016 0.484375 0.935547 0.492188 0.935547 0.492188
0 0.386719 0.474609 0.355469 0.470703 0.314453 0.429688 0.324219 0.376953 0.367188 0.376953 0.404297 0.414062 0.408203 0.453125 0.386719 0.474609 0.386719 0.474609 0.384766 0.464844 0.400391 0.445312 0.392578 0.414062 0.359375 0.384766 0.332031 0.384766 0.322266 0.394531 0.326172 0.429688 0.355469 0.458984 0.384766 0.464844 0.384766 0.464844
0 0.529297 0.457031 0.533203 0.476562 0.515625 0.501953 0.515625 0.501953 0.464844 0.498047 0.439453 0.480469 0.416016 0.433594 0.429688 0.388672 0.496094 0.423828 0.529297 0.457031 0.521484 0.460938 0.433594 0.400391 0.423828 0.417969 0.447266 0.472656 0.472656 0.490234 0.509766 0.492188 0.509766 0.492188 0.521484 0.484375 0.521484 0.460938
0 0.0292969 0.476562 0.0703125 0.423828 0.113281 0.416016 0.123047 0.425781 0.123047 0.480469 0.0742188 0.541016 0.0742188 0.541016 0.0429688 0.541016 0.0292969 0.527344 0.0292969 0.476562 0.0371094 0.480469 0.0371094 0.519531 0.0507812 0.533203 0.0683594 0.53125 0.0683594 0.53125 0.111328 0.484375 0.115234 0.433594 0.105469 0.423828 0.078125 0.431641 0.0371094 0.480469
0 0.234375 0.517578 0.212891 0.484375 0.212891 0.449219 0.25 0.419922 0.279297 0.4375 0.291016 0.464844 0.291016 0.5 0.269531 0.521484 0.269531 0.521484 0.234375 0.517578 0.242188 0.509766 0.263672 0.511719 0.263672 0.511719 0.279297 0.5 0.283203 0.472656 0.271484 0.445312 0.246094 0.431641 0.224609 0.449219 0.220703 0.476562 0.242188 0.509766
0 0.675781 0.501953 0.609375 0.490234 0.583984 0.449219 0.609375 0.423828 0.664062 0.431641 0.685547 0.460938 0.675781 0.501953 0.675781 0.501953 0.673828 0.492188 0.677734 0.46875 0.65625 0.439453 0.617188 0.431641 0.603516 0.441406 0.599609 0.460938 0.621094 0.486328 0.673828 0.492188 0.673828 0.492188
0 0.746094 0.478516 0.736328 0.445312 0.765625 0.427734 0.792969 0.431641 0.802734 0.464844 0.785156 0.478516 0.785156 0.478516 0.746094 0.478516 0.75 0.470703 0.783203 0.46875 0.783203 0.46875 0.794922 0.457031 0.785156 0.439453 0.744141 0.449219 0.75 0.470703
0 0 0.509766 0 0.466797 0.00976562 0.492188 0 0.509766
0 0.773438 0.572266 0.746094 0.572266 0.712891 0.546875 0.714844 0.505859 0.75 0.498047 0.783203 0.519531 0.791016 0.546875 0.773438 0.572266 0.773438 0.572266 0.767578 0.5625 0.779297 0.53125 0.753906 0.509766 0.726562 0.509766 0.724609 0.546875 0.767578 0.5625 0.767578 0.5625
0 0.115234 0.554688 0.148438 0.517578 0.203125 0.525391 0.193359 0.582031 0.15625 0.611328 0.15625 0.611328 0.119141 0.601562 0.115234 0.554688 0.130859 0.5625 0.132812 0.583984 0.158203 0.585938 0.158203 0.585938 0.181641 0.558594 0.175781 0.537109 0.144531 0.541016 0.130859 0.5625
0 0.552734 0.550781 0.558594 0.529297 0.609375 0.525391 0.630859 0.539062 0.646484 0.597656 0.628906 0.611328 0.628906 0.611328 0.589844 0.611328 0.572266 0.597656 0.552734 0.550781 0.560547 0.546875 0.580078 0.589844 0.597656 0.603516 0.623047 0.601562 0.623047 0.601562 0.638672 0.589844 0.623047 0.546875 0.605469 0.533203 0.570312 0.533203 0.560547 0.546875
0 0.361328 0.582031 0.361328 0.550781 0.382812 0.533203 0.40625 0.533203 0.423828 0.554688 0.427734 0.582031 0.40625 0.599609 0.40625 0.599609 0.361328 0.582031 0.369141 0.574219 0.400391 0.589844 0.400391 0.589844 0.416016 0.582031 0.416016 0.5625 0.390625 0.541016 0.369141 0.574219
0 0.945312 0.529297 0.982422 0.550781 0.994141 0.609375 0.990234 0.628906 0.96875 0.642578 0.96875 0.642578 0.921875 0.638672 0.900391 0.617188 0.884766 0.566406 0.910156 0.533203 0.945312 0.529297 0.941406 0.537109 0.917969 0.541016 0.896484 0.589844 0.929688 0.630859 0.962891 0.632812 0.962891 0.632812 0.986328 0.605469 0.978516 0.566406 0.941406 0.537109
0 0.867188 0.630859 0.830078 0.621094 0.824219 0.564453 0.84375 0.568359 0.869141 0.597656 0.867188 0.630859 0.867188 0.630859 0.861328 0.621094 0.857422 0.597656 0.832031 0.580078 0.833984 0.609375 0.861328 0.621094 0.861328 0.621094
0 0.03125 0.666016 0.00585938 0.65625 0 0.617188 0.0273438 0.654297 0.0605469 0.605469 0.0507812 0.587891 0.0234375 0.580078 0 0.611328 0 0.589844 0.015625 0.572266 0.046875 0.572266 0.0683594 0.601562 0.0605469 0.632812 0.03125 0.666016
0 0.6875 0.751953 0.669922 0.75 0.642578 0.664062 0.675781 0.615234 0.734375 0.599609 0.755859 0.707031 0.6875 0.751953 0.6875 0.751953 0.685547 0.742188 0.748047 0.699219 0.736328 0.640625 0.710938 0.619141 0.654297 0.667969 0.658203 0.703125 0.685547 0.742188 0.685547 0.742188
0 0.376953 0.675781 0.34375 0.716797 0.34375 0.716797 0.298828 0.699219 0.298828 0.652344 0.339844 0.626953 0.363281 0.626953 0.376953 0.675781 0.369141 0.671875 0.355469 0.634766 0.306641 0.660156 0.306641 0.691406 0.337891 0.707031 0.337891 0.707031 0.369141 0.671875
0 0.417969 0.642578 0.484375 0.638672 0.517578 0.660156 0.521484 0.707031 0.488281 0.732422 0.488281 0.732422 0.433594 0.732422 0.408203 0.714844 0.404297 0.679688 0.417969 0.642578 0.425781 0.646484 0.416016 0.707031 0.441406 0.724609 0.482422 0.722656 0.482422 0.722656 0.513672 0.699219 0.513672 0.671875 0.476562 0.646484 0.425781 0.646484
0 0.279297 0.6875 0.25 0.724609 0.25 0.724609 0.222656 0.724609 0.193359 0.679688 0.21875 0.646484 0.257812 0.638672 0.279297 0.664062 0.279297 0.6875 0.271484 0.683594 0.253906 0.650391 0.212891 0.6875 0.222656 0.712891 0.244141 0.714844 0.244141 0.714844 0.271484 0.683594
0 0.125 0.650391 0.146484 0.679688 0.146484 0.726562 0.121094 0.759766 0.121094 0.759766 0.0742188 0.751953 0.0488281 0.710938 0.0488281 0.6875 0.0820312 0.650391 0.125 0.650391 0.121094 0.658203 0.0820312 0.673828 0.0683594 0.699219 0.0683594 0.730469 0.0976562 0.751953 0.115234 0.75 0.115234 0.75 0.138672 0.71875 0.138672 0.6875 0.121094 0.658203
0 0.996094 0.767578 0.943359 0.757812 0.939453 0.691406 0.964844 0.662109 0.992188 0.669922 0.998047 0.6875 0.972656 0.673828 0.951172 0.730469 0.964844 0.755859 0.996094 0.755859 0.996094 0.767578
0 0.839844 0.822266 0.794922 0.765625 0.802734 0.722656 0.84375 0.681641 0.855469 0.681641 0.908203 0.746094 0.908203 0.777344 0.875 0.826172 0.875 0.826172 0.839844 0.822266 0.847656 0.814453 0.869141 0.816406 0.869141 0.816406 0.900391 0.753906 0.84375 0.693359 0.810547 0.730469 0.802734 0.757812 0.847656 0.814453
0 0.00390625 0.763672 0 0.724609 0.00976562 0.738281 0.00390625 0.763672
0 0.207031 0.818359 0.179688 0.814453 0.158203 0.792969 0.150391 0.746094 0.160156 0.732422 0.169922 0.734375 0.158203 0.753906 0.162109 0.777344 0.195312 0.810547 0.208984 0.800781 0.208984 0.765625 0.195312 0.744141 0.173828 0.738281 0.212891 0.746094 0.220703 0.792969 0.207031 0.818359
0 0.294922 0.8125 0.300781 0.751953 0.324219 0.751953 0.349609 0.78125 0.335938 0.826172 0.335938 0.826172 0.294922 0.8125 0.302734 0.804688 0.330078 0.816406 0.330078 0.816406 0.341797 0.789062 0.324219 0.763672 0.308594 0.763672 0.302734 0.804688
0 0.511719 0.845703 0.496094 0.845703 0.470703 0.816406 0.466797 0.792969 0.488281 0.755859 0.511719 0.759766 0.537109 0.796875 0.529297 0.832031 0.511719 0.845703 0.511719 0.845703 0.509766 0.835938 0.525391 0.816406 0.525391 0.792969 0.496094 0.763672 0.478516 0.804688 0.490234 0.828125 0.509766 0.835938 0.509766 0.835938
0 0.658203 0.804688 0.636719 0.822266 0.636719 0.822266 0.59375 0.814453 0.568359 0.789062 0.572266 0.761719 0.625 0.759766 0.652344 0.771484 0.658203 0.804688 0.650391 0.796875 0.640625 0.775391 0.597656 0.767578 0.580078 0.785156 0.605469 0.810547 0.630859 0.8125 0.630859 0.8125 0.650391 0.796875
0 0.388672 0.839844 0.402344 0.787109 0.421875 0.787109 0.435547 0.804688 0.433594 0.845703 0.433594 0.845703 0.388672 0.839844 0.396484 0.832031 0.427734 0.835938 0.427734 0.835938 0.431641 0.820312 0.410156 0.794922 0.396484 0.832031
0 0 0.861328 0 0.806641 0 0.861328
0 0.287109 0.835938 0.291016 0.871094 0.28125 0.880859 0.28125 0.880859 0.259766 0.878906 0.232422 0.832031 0.238281 0.814453 0.287109 0.835938 0.279297 0.84375 0.246094 0.826172 0.255859 0.855469 0.275391 0.871094 0.275391 0.871094 0.279297 0.84375
0 0.332031 0.845703 0.371094 0.853516 0.392578 0.882812 0.390625 0.919922 0.390625 0.919922 0.332031 0.904297 0.314453 0.875 0.318359 0.855469 0.332031 0.845703 0.335938 0.853516 0.322266 0.867188 0.34375 0.900391 0.384766 0.910156 0.384766 0.910156 0.384766 0.886719 0.359375 0.857422 0.335938 0.853516
0 0.699219 0.841797 0.714844 0.841797 0.740234 0.878906 0.726562 0.943359 0.726562 0.943359 0.691406 0.923828 0.673828 0.894531 0.673828 0.871094 0.699219 0.841797 0.703125 0.849609 0.697266 0.890625 0.724609 0.933594 0.724609 0.933594 0.732422 0.886719 0.703125 0.849609
0 0.996094 0.978516 0.949219 0.966797 0.927734 0.941406 0.931641 0.894531 0.957031 0.861328 0.980469 0.857422 0.998047 0.871094 0.960938 0.869141 0.935547 0.910156 0.935547 0.933594 0.960938 0.962891 0.996094 0.978516
0 0.515625 0.970703 0.482422 0.925781 0.478516 0.898438 0.496094 0.884766 0.558594 0.888672 0.583984 0.933594 0.582031 0.962891 0.53125 0.974609 0.53125 0.974609 0.515625 0.970703 0.519531 0.962891 0.533203 0.960938 0.533203 0.960938 0.564453 0.941406 0.564453 0.925781 0.527344 0.900391 0.496094 0.904297 0.490234 0.917969 0.501953 0.941406 0.519531 0.962891
