0 0.0546875 0.0449219 0.0078125 0.0253906 0 0 0.0195312 0 0.0351562 0.0136719 0.111328 0 0.0546875 0.0449219
0 0.587891 0.0214844 0.00390625 0.00390625
0 0.505859 0.132812 0.505859 0.0898438 0.539062 0.0449219 0.609375 0.0214844 0.648438 0.0332031 0.685547 0.0898438 0.673828 0.15625 0.642578 0.210938 0.601562 0.228516 0.601562 0.228516 0.541016 0.203125 0.505859 0.132812 0.529297 0.121094 0.564453 0.1875 0.607422 0.199219 0.607422 0.199219 0.650391 0.144531 0.658203 0.0976562 0.628906 0.0527344 0.597656 0.0488281 0.537109 0.078125 0.529297 0.121094
0 0.257812 0.0683594 0.289062 0.0371094 0.355469 0.0410156 0.390625 0.0566406 0.419922 0.0898438 0.427734 0.125 0.419922 0.152344 0.386719 0.189453 0.386719 0.189453 0.316406 0.185547 0.277344 0.162109 0.244141 0.09375 0.251953 0.0625 0.257812 0.0683594 0.271484 0.0820312 0.283203 0.128906 0.320312 0.158203 0.376953 0.160156 0.376953 0.160156 0.396484 0.144531 0.400391 0.121094 0.378906 0.0800781 0.34375 0.0644531 0.304688 0.0644531 0.271484 0.0820312
0 0.996094 0.193359 0.9375 0.169922 0.919922 0.136719 0.935547 0.0898438 0.992188 0.0527344 0.998047 0.078125 0.947266 0.117188 0.947266 0.140625 0.998047 0.167969 0.996094 0.193359
0 0.191406 0.193359 0.261719 0.201172 0.294922 0.234375 0.283203 0.292969 0.230469 0.349609 0.191406 0.365234 0.191406 0.365234 0.123047 0.320312 0.126953 0.265625 0.191406 0.193359 0.191406 0.220703 0.146484 0.289062 0.15625 0.318359 0.205078 0.335938 0.205078 0.335938 0.263672 0.273438 0.267578 0.242188 0.246094 0.224609 0.191406 0.220703
0 0 0.353516 0 0.255859 0.0214844 0.269531 0.0214844 0.316406 0 0.353516
0 0.560547 0.339844 0.564453 0.292969 0.582031 0.271484 0.609375 0.271484 0.681641 0.347656 0.693359 0.390625 0.681641 0.421875 0.65625 0.435547 0.65625 0.435547 0.59375 0.427734 0.556641 0.394531 0.552734 0.335938 0.560547 0.339844 0.580078 0.324219 0.583984 0.390625 0.630859 0.410156 0.630859 0.410156 0.65625 0.408203 0.666016 0.382812 0.646484 0.339844 0.59375 0.298828 0.580078 0.324219
0 0.121094 0.501953 0.0800781 0.476562 0.0917969 0.40625 0.132812 0.376953 0.15625 0.388672 0.207031 0.388672 0.240234 0.429688 0.236328 0.457031 0.164062 0.505859 0.164062 0.505859 0.121094 0.501953 0.121094 0.474609 0.169922 0.476562 0.169922 0.476562 0.203125 0.458984 0.212891 0.433594 0.1875 0.408203 0.125 0.416016 0.107422 0.460938 0.121094 0.474609
0 0.619141 0.53125 0.585938 0.556641 0.53125 0.568359 0.53125 0.568359 0.501953 0.5625 0.501953 0.515625 0.539062 0.490234 0.542969 0.474609 0.597656 0.451172 0.630859 0.492188 0.619141 0.53125 0.59375 0.521484 0.599609 0.492188 0.570312 0.490234 0.521484 0.535156 0.541016 0.539062 0.541016 0.539062 0.59375 0.521484
0 0.0351562 0.576172 0 0.576172 0 0.550781 0.0585938 0.544922 0.0644531 0.535156 0.0371094 0.515625 0.0390625 0.505859 0 0.503906 0 0.484375 0.015625 0.470703 0.0429688 0.478516 0.0917969 0.523438 0.078125 0.560547 0.0351562 0.576172
0 0.00195312 0.478516 0.00390625 0.00390625
0 0.384766 0.617188 0.376953 0.5625 0.398438 0.525391 0.457031 0.505859 0.474609 0.519531 0.466797 0.585938 0.451172 0.617188 0.421875 0.634766 0.421875 0.634766 0.384766 0.617188 0.404297 0.597656 0.419922 0.605469 0.419922 0.605469 0.447266 0.566406 0.445312 0.537109 0.404297 0.558594 0.404297 0.597656
0 0.0117188 0.787109 0 0.78125 0 0.761719 0.0332031 0.738281 0.0605469 0.664062 0.0429688 0.634766 0.0195312 0.634766 0 0.654297 0 0.625 0.0117188 0.607422 0.0429688 0.607422 0.0761719 0.636719 0.0800781 0.699219 0.0566406 0.75 0.0117188 0.787109
0 0.251953 0.75 0.255859 0.675781 0.300781 0.634766 0.355469 0.666016 0.380859 0.699219 0.384766 0.769531 0.359375 0.806641 0.339844 0.810547 0.339844 0.810547 0.277344 0.794922 0.251953 0.75 0.275391 0.746094 0.300781 0.775391 0.326172 0.78125 0.326172 0.78125 0.353516 0.773438 0.357422 0.722656 0.34375 0.689453 0.304688 0.669922 0.279297 0.6875 0.275391 0.746094
0 0.123047 0.867188 0.130859 0.925781 0.115234 0.980469 0.09375 0.998047 0.09375 0.998047 0.00585938 0.996094 0 0.828125 0.0117188 0.802734 0.0351562 0.798828 0.0625 0.814453 0.123047 0.867188 0.103516 0.886719 0.0585938 0.845703 0.0273438 0.833984 0.00585938 0.871094 0.00585938 0.898438 0.0371094 0.988281 0.0644531 0.988281 0.0644531 0.988281 0.0957031 0.957031 0.103516 0.886719
0 0.832031 0.998047 0.681641 0.996094 0.773438 0.962891 0.832031 0.998047
