0 0.136719 0.0410156 0.0742188 0.0214844 0.0527344 0 0.0976562 0 0.136719 0.0136719 0.152344 0 0.185547 0 0.136719 0.0410156
0 0.150391 0.0410156 0.00390625 0.00390625
0 0.00195312 0.470703 0.00390625 0.00390625
0 0 0.609375 0.0195312 0.580078 0.0546875 0.572266 0.0878906 0.597656 0.103516 0.652344 0.0859375 0.681641 0.0390625 0.708984 0.0390625 0.708984 0 0.679688 0 0.609375 0.0214844 0.617188 0.0175781 0.65625 0.0410156 0.679688 0.0410156 0.679688 0.0683594 0.664062 0.0800781 0.636719 0.0546875 0.603516 0.0351562 0.599609 0.0214844 0.617188
0 0 0.763672 0 0.697266 0.0136719 0.714844 0 0.763672
0 0.0214844 0.708984 0.00390625 0.00390625
0 0.234375 0.716797 0.275391 0.789062 0.259766 0.839844 0.203125 0.880859 0.203125 0.880859 0.152344 0.873047 0.126953 0.820312 0.130859 0.761719 0.167969 0.712891 0.191406 0.705078 0.234375 0.716797 0.214844 0.736328 0.189453 0.742188 0.154297 0.777344 0.150391 0.800781 0.171875 0.849609 0.201172 0.851562 0.201172 0.851562 0.228516 0.835938 0.248047 0.800781 0.214844 0.736328
0 0.998047 0.708984 0.00390625 0.00390625
0 0.996094 0.744141 0.992188 0.712891 0.996094 0.744141
0 0.998047 0.751953 0.00390625 0.00390625
0 0.484375 0.791016 0.527344 0.822266 0.537109 0.84375 0.537109 0.890625 0.484375 0.931641 0.484375 0.931641 0.433594 0.923828 0.400391 0.886719 0.404297 0.8125 0.441406 0.787109 0.484375 0.791016 0.476562 0.814453 0.429688 0.826172 0.431641 0.886719 0.460938 0.904297 0.486328 0.902344 0.486328 0.902344 0.513672 0.875 0.501953 0.835938 0.476562 0.814453
0 0.996094 0.947266 0.949219 0.923828 0.931641 0.894531 0.951172 0.824219 0.996094 0.794922 0.998047 0.835938 0.966797 0.851562 0.958984 0.882812 0.998047 0.917969 0.996094 0.947266
0 0.767578 0.898438 0.759766 0.855469 0.800781 0.814453 0.859375 0.810547 0.880859 0.839844 0.873047 0.878906 0.84375 0.912109 0.820312 0.919922 0.820312 0.919922 0.789062 0.916016 0.767578 0.898438 0.787109 0.886719 0.814453 0.890625 0.814453 0.890625 0.849609 0.863281 0.847656 0.833984 0.791016 0.847656 0.787109 0.886719
0 0.0078125 0.888672 0 0.886719 0 0.818359 0.0292969 0.84375 0.0292969 0.871094 0.0078125 0.888672
0 0.826172 0.845703 0.00390625 0.00390625
0 0.691406 0.869141 0.728516 0.886719 0.724609 0.933594 0.703125 0.947266 0.703125 0.947266 0.654297 0.917969 0.65625 0.876953 0.691406 0.869141 0.683594 0.892578 0.677734 0.898438 0.697266 0.914062 0.697266 0.914062 0.683594 0.892578
0 0.166016 0.9375 0.173828 0.976562 0.15625 0.998047 0.15625 0.998047 0.117188 0.990234 0.0917969 0.964844 0.0878906 0.90625 0.105469 0.880859 0.125 0.884766 0.166016 0.9375 0.142578 0.945312 0.117188 0.923828 0.119141 0.964844 0.146484 0.96875 0.146484 0.96875 0.142578 0.945312
0 0.015625 0.998047 0 0.996094 0 0.935547 0.0214844 0.953125 0.0253906 0.984375 0.015625 0.998047
0 0.667969 0.998047 0.642578 0.992188 0.650391 0.976562 0.636719 0.962891 0.611328 0.964844 0.607422 0.988281 0.617188 0.994141 0.578125 0.998047 0.587891 0.941406 0.640625 0.935547 0.671875 0.951172 0.667969 0.998047
0 0.371094 0.998047 0.34375 0.998047 0.296875 0.974609 0.246094 0.978516 0.238281 0.998047 0.197266 0.996094 0.201172 0.976562 0.226562 0.958984 0.320312 0.951172 0.34375 0.958984 0.371094 0.998047
0 0.492188 0.998047 0.464844 0.998047 0.460938 0.982422 0.4375 0.974609 0.425781 0.974609 0.414062 0.998047 0.394531 0.998047 0.388672 0.972656 0.417969 0.947266 0.457031 0.951172 0.482422 0.96875 0.492188 0.998047
0 0.126953 0.962891 0.00390625 0.00390625
0 0.945312 0.998047 0.830078 0.996094 0.878906 0.970703 0.90625 0.970703 0.945312 0.998047
0 0.0878906 0.998047 0.00390625 0.00390625
