0 0.128906 0.00585938 0.0996094 0 0.138672 0 0.128906 0.00585938
0 0.359375 0.0957031 0.318359 0.0664062 0.326172 0 0.353516 0 0.341797 0.0507812 0.375 0.0683594 0.419922 0.03125 0.423828 0.0078125 0.408203 0 0.445312 0 0.447266 0.03125 0.431641 0.0625 0.398438 0.0878906 0.359375 0.0957031
0 0.886719 0.0292969 0.84375 0.0253906 0.822266 0 0.919922 0 0.886719 0.0292969
0 0.287109 0.152344 0.287109 0.171875 0.253906 0.212891 0.203125 0.228516 0.203125 0.228516 0.121094 0.220703 0.0996094 0.183594 0.0996094 0.140625 0.136719 0.0917969 0.195312 0.0605469 0.21875 0.0605469 0.222656 0.0878906 0.300781 0.111328 0.306641 0.144531 0.287109 0.152344 0.263672 0.152344 0.242188 0.123047 0.179688 0.115234 0.167969 0.103516 0.130859 0.132812 0.132812 0.189453 0.164062 0.201172 0.220703 0.199219 0.220703 0.199219 0.263672 0.152344
0 0.806641 0.183594 0.785156 0.212891 0.746094 0.232422 0.746094 0.232422 0.714844 0.220703 0.701172 0.1875 0.712891 0.0976562 0.746094 0.0683594 0.78125 0.0761719 0.818359 0.109375 0.806641 0.183594 0.787109 0.164062 0.791016 0.125 0.785156 0.111328 0.746094 0.0996094 0.728516 0.136719 0.728516 0.195312 0.751953 0.199219 0.751953 0.199219 0.787109 0.164062
0 0.894531 0.177734 0.886719 0.185547 0.861328 0.167969 0.861328 0.113281 0.882812 0.0878906 0.917969 0.0957031 0.951172 0.125 0.955078 0.164062 0.933594 0.189453 0.933594 0.189453 0.894531 0.177734 0.904297 0.152344 0.931641 0.144531 0.917969 0.126953 0.894531 0.123047 0.892578 0.144531 0.904297 0.152344 0.904297 0.152344
0 0 0.197266 0 0.154297 0.00976562 0.164062 0 0.197266
0 0.00195312 0.208984 0.00390625 0.00390625
0 0.818359 0.3125 0.792969 0.345703 0.757812 0.361328 0.757812 0.361328 0.710938 0.341797 0.689453 0.304688 0.712891 0.265625 0.753906 0.236328 0.8125 0.236328 0.822266 0.25 0.818359 0.3125 0.791016 0.316406 0.792969 0.263672 0.761719 0.263672 0.720703 0.296875 0.734375 0.326172 0.763672 0.332031 0.763672 0.332031 0.791016 0.316406
0 0.974609 0.261719 0.970703 0.296875 0.914062 0.322266 0.914062 0.322266 0.859375 0.318359 0.849609 0.308594 0.853516 0.273438 0.898438 0.236328 0.953125 0.240234 0.974609 0.261719 0.947266 0.269531 0.933594 0.263672 0.892578 0.28125 0.919922 0.292969 0.919922 0.292969 0.941406 0.287109 0.947266 0.269531
0 0.529297 0.398438 0.515625 0.431641 0.457031 0.451172 0.457031 0.451172 0.423828 0.4375 0.423828 0.375 0.462891 0.308594 0.503906 0.291016 0.537109 0.328125 0.529297 0.398438 0.501953 0.398438 0.513672 0.351562 0.496094 0.322266 0.455078 0.363281 0.462891 0.367188 0.443359 0.398438 0.455078 0.421875 0.455078 0.421875 0.492188 0.416016 0.501953 0.398438
0 0.9375 0.513672 0.871094 0.505859 0.845703 0.480469 0.837891 0.421875 0.849609 0.375 0.871094 0.345703 0.998047 0.355469 0.996094 0.388672 0.890625 0.380859 0.861328 0.421875 0.869141 0.464844 0.90625 0.486328 0.998047 0.464844 0.992188 0.494141 0.9375 0.513672
0 0.261719 0.560547 0.224609 0.546875 0.205078 0.5 0.207031 0.380859 0.222656 0.373047 0.300781 0.388672 0.369141 0.46875 0.376953 0.5 0.365234 0.53125 0.316406 0.572266 0.316406 0.572266 0.265625 0.572266 0.261719 0.560547 0.277344 0.544922 0.306641 0.542969 0.306641 0.542969 0.326172 0.492188 0.318359 0.457031 0.230469 0.408203 0.236328 0.515625 0.277344 0.544922
0 0.158203 0.484375 0.154297 0.550781 0.128906 0.572266 0.0898438 0.580078 0.0898438 0.580078 0.0332031 0.554688 0.0292969 0.476562 0.0546875 0.447266 0.132812 0.447266 0.158203 0.484375 0.134766 0.492188 0.121094 0.474609 0.0605469 0.476562 0.0527344 0.539062 0.0878906 0.554688 0.0878906 0.554688 0.126953 0.542969 0.134766 0.492188
0 0.361328 0.458984 0.00390625 0.00390625
0 0.458984 0.519531 0.503906 0.490234 0.632812 0.498047 0.650391 0.539062 0.583984 0.664062 0.492188 0.697266 0.492188 0.697266 0.464844 0.693359 0.447266 0.675781 0.458984 0.519531 0.478516 0.539062 0.486328 0.59375 0.474609 0.664062 0.498047 0.667969 0.498047 0.667969 0.507812 0.638672 0.572266 0.609375 0.564453 0.597656 0.595703 0.546875 0.585938 0.533203 0.546875 0.533203 0.511719 0.517578 0.478516 0.539062
0 0.927734 0.517578 0.00390625 0.00390625
0 0.378906 0.591797 0.408203 0.636719 0.396484 0.6875 0.355469 0.736328 0.308594 0.748047 0.308594 0.748047 0.277344 0.748047 0.255859 0.730469 0.259766 0.671875 0.275391 0.640625 0.328125 0.595703 0.378906 0.591797 0.371094 0.615234 0.324219 0.630859 0.294922 0.660156 0.275391 0.707031 0.302734 0.722656 0.302734 0.722656 0.355469 0.701172 0.376953 0.671875 0.380859 0.632812 0.371094 0.615234
0 0.619141 0.667969 0.619141 0.644531 0.640625 0.615234 0.707031 0.587891 0.75 0.607422 0.779297 0.652344 0.75 0.701172 0.746094 0.693359 0.714844 0.712891 0.714844 0.712891 0.644531 0.705078 0.619141 0.667969 0.642578 0.664062 0.667969 0.689453 0.708984 0.6875 0.708984 0.6875 0.748047 0.667969 0.751953 0.652344 0.730469 0.626953 0.683594 0.623047 0.646484 0.648438 0.642578 0.664062
0 0.996094 0.802734 0.960938 0.798828 0.919922 0.753906 0.923828 0.730469 0.996094 0.650391 0.998047 0.6875 0.951172 0.742188 0.957031 0.759766 0.998047 0.78125 0.996094 0.802734
0 0.685547 0.685547 0.00390625 0.00390625
0 0.775391 0.681641 0.00390625 0.00390625
0 0.513672 0.693359 0.00390625 0.00390625
0 0 0.738281 0.015625 0.716797 0.0546875 0.701172 0.101562 0.708984 0.126953 0.738281 0.115234 0.796875 0.09375 0.826172 0.0429688 0.841797 0.0429688 0.841797 0 0.839844 0 0.738281 0.0214844 0.75 0.00585938 0.785156 0.00976562 0.8125 0.0410156 0.8125 0.0410156 0.8125 0.0878906 0.789062 0.09375 0.736328 0.0585938 0.728516 0.0214844 0.75
0 0.365234 0.816406 0.373047 0.789062 0.361328 0.773438 0.371094 0.740234 0.429688 0.740234 0.466797 0.757812 0.498047 0.808594 0.490234 0.859375 0.476562 0.865234 0.476562 0.865234 0.417969 0.865234 0.376953 0.839844 0.365234 0.816406 0.392578 0.8125 0.414062 0.833984 0.458984 0.839844 0.458984 0.839844 0.470703 0.835938 0.462891 0.792969 0.433594 0.767578 0.398438 0.763672 0.392578 0.8125
0 0.689453 0.808594 0.689453 0.878906 0.660156 0.912109 0.660156 0.912109 0.613281 0.912109 0.583984 0.878906 0.587891 0.8125 0.613281 0.759766 0.664062 0.775391 0.689453 0.808594 0.666016 0.820312 0.632812 0.791016 0.615234 0.8125 0.611328 0.871094 0.617188 0.884766 0.650391 0.886719 0.650391 0.886719 0.666016 0.863281 0.666016 0.820312
0 0.814453 0.882812 0.851562 0.845703 0.886719 0.833984 0.931641 0.871094 0.935547 0.90625 0.912109 0.984375 0.871094 0.994141 0.871094 0.994141 0.816406 0.974609 0.798828 0.921875 0.814453 0.882812 0.830078 0.902344 0.826172 0.945312 0.839844 0.958984 0.880859 0.964844 0.880859 0.964844 0.908203 0.929688 0.908203 0.90625 0.904297 0.878906 0.878906 0.861328 0.830078 0.902344
0 0.996094 0.994141 0.970703 0.972656 0.951172 0.914062 0.966797 0.855469 0.992188 0.833984 0.998047 0.867188 0.986328 0.875 0.982422 0.910156 0.996094 0.994141
0 0.234375 0.873047 0.261719 0.869141 0.318359 0.894531 0.326172 0.9375 0.308594 0.998047 0.308594 0.998047 0.203125 0.998047 0.166016 0.964844 0.173828 0.957031 0.158203 0.902344 0.207031 0.849609 0.234375 0.873047 0.207031 0.892578 0.189453 0.925781 0.226562 0.962891 0.259766 0.976562 0.259766 0.976562 0.283203 0.957031 0.275391 0.910156 0.207031 0.892578
0 0.707031 0.998047 0.671875 0.998047 0.621094 0.962891 0.601562 0.998047 0.582031 0.998047 0.580078 0.988281 0.597656 0.947266 0.644531 0.931641 0.650391 0.953125 0.671875 0.958984 0.707031 0.998047
0 0.0976562 0.998047 0.0625 0.998047 0.0390625 0.982422 0.03125 0.998047 0.00195312 0.996094 0.03125 0.947266 0.0585938 0.943359 0.0722656 0.976562 0.0976562 0.998047
0 0.816406 0.998047 0.746094 0.998047 0.744141 0.984375 0.757812 0.958984 0.816406 0.998047
0 0.173828 0.974609 0.00390625 0.00390625
