0 0.0195312 0.0371094 0 0.0371094 0 0.0234375 0.0644531 0 0.0507812 0.0253906 0.0195312 0.0371094
0 0.121094 0.0136719 0.0898438 0.0136719 0.0839844 0 0.132812 0 0.121094 0.0136719
0 0.207031 0.0566406 0.162109 0.046875 0.154297 0.0273438 0.167969 0 0.197266 0 0.177734 0.0195312 0.179688 0.0371094 0.212891 0.015625 0.203125 0 0.236328 0 0.207031 0.0566406
0 0.341797 0.00195312 0.00390625 0.00390625
0 0.509766 0.0625 0.5 0.0800781 0.480469 0.0839844 0.480469 0.0839844 0.435547 0.0585938 0.419922 0.03125 0.421875 0.00195312 0.488281 0 0.505859 0.0078125 0.509766 0.0625 0.486328 0.0585938 0.490234 0.0273438 0.449219 0.00976562 0.455078 0.0429688 0.486328 0.0585938 0.486328 0.0585938
0 0.582031 0.0253906 0.546875 0.0175781 0.533203 0 0.615234 0 0.582031 0.0253906
0 0.683594 0.00585938 0.697266 0.0234375 0.675781 0.0605469 0.675781 0.0605469 0.638672 0.0507812 0.634766 0.015625 0.644531 0.00195312 0.683594 0.00585938 0.671875 0.0253906 0.658203 0.0273438 0.669922 0.0351562 0.669922 0.0351562 0.671875 0.0253906
0 0.8125 0 0.837891 0.0195312 0.833984 0.0507812 0.816406 0.0605469 0.816406 0.0605469 0.763672 0.0351562 0.761719 0 0.8125 0 0.796875 0.00976562 0.779297 0.015625 0.785156 0.0292969 0.814453 0.03125 0.814453 0.03125 0.796875 0.00976562
0 0.921875 0.0371094 0.873047 0.00390625 0.898438 0 0.914062 0.0136719 0.933594 0 0.957031 0 0.951172 0.0195312 0.921875 0.0371094
0 0.228516 0.046875 0.253906 0.0175781 0.277344 0.0175781 0.291016 0.0507812 0.261719 0.0917969 0.261719 0.0917969 0.244141 0.0859375 0.228516 0.046875 0.251953 0.0546875 0.263672 0.0546875 0.263672 0.0546875 0.261719 0.0449219 0.251953 0.0546875
0 0.34375 0.115234 0.306641 0.109375 0.298828 0.0585938 0.335938 0.0253906 0.375 0.0253906 0.384766 0.0585938 0.34375 0.115234 0.34375 0.115234 0.337891 0.09375 0.361328 0.0585938 0.347656 0.0449219 0.322266 0.0625 0.318359 0.0859375 0.337891 0.09375 0.337891 0.09375
0 0.753906 0.0878906 0.722656 0.0800781 0.712891 0.0625 0.75 0.0371094 0.771484 0.0742188 0.753906 0.0878906
0 0.537109 0.148438 0.525391 0.125 0.533203 0.0664062 0.546875 0.0566406 0.59375 0.0605469 0.638672 0.0898438 0.646484 0.117188 0.630859 0.128906 0.630859 0.160156 0.609375 0.173828 0.609375 0.173828 0.550781 0.166016 0.537109 0.148438 0.556641 0.136719 0.570312 0.150391 0.607422 0.148438 0.607422 0.148438 0.611328 0.113281 0.566406 0.0839844 0.556641 0.09375 0.556641 0.136719
0 0.00390625 0.130859 0 0.113281 0.0136719 0.0898438 0 0.0820312 0 0.0644531 0.0292969 0.078125 0.0253906 0.105469 0.00390625 0.130859
0 0.0722656 0.171875 0.0761719 0.121094 0.117188 0.0761719 0.150391 0.09375 0.169922 0.140625 0.150391 0.195312 0.132812 0.208984 0.132812 0.208984 0.09375 0.201172 0.0722656 0.171875 0.0878906 0.171875 0.0976562 0.185547 0.126953 0.191406 0.126953 0.191406 0.150391 0.140625 0.138672 0.109375 0.113281 0.0957031 0.0917969 0.132812 0.0878906 0.171875
0 0.396484 0.136719 0.396484 0.0976562 0.40625 0.0917969 0.4375 0.0878906 0.474609 0.113281 0.470703 0.140625 0.4375 0.166016 0.4375 0.166016 0.396484 0.136719 0.416016 0.128906 0.435547 0.136719 0.435547 0.136719 0.447266 0.117188 0.421875 0.111328 0.416016 0.128906
0 0.691406 0.181641 0.669922 0.152344 0.6875 0.107422 0.726562 0.107422 0.744141 0.125 0.71875 0.181641 0.71875 0.181641 0.691406 0.181641 0.701172 0.160156 0.720703 0.132812 0.710938 0.126953 0.693359 0.140625 0.701172 0.160156 0.701172 0.160156
0 0.800781 0.0996094 0.818359 0.132812 0.789062 0.166016 0.789062 0.166016 0.761719 0.162109 0.751953 0.144531 0.769531 0.103516 0.800781 0.0996094 0.792969 0.119141 0.779297 0.128906 0.779297 0.140625 0.791016 0.140625 0.791016 0.140625 0.792969 0.119141
0 0.189453 0.207031 0.177734 0.191406 0.177734 0.152344 0.21875 0.123047 0.253906 0.119141 0.267578 0.140625 0.226562 0.216797 0.226562 0.216797 0.189453 0.207031 0.207031 0.193359 0.220703 0.191406 0.220703 0.191406 0.240234 0.15625 0.234375 0.142578 0.197266 0.171875 0.207031 0.193359
0 0.365234 0.203125 0.328125 0.224609 0.328125 0.224609 0.279297 0.199219 0.287109 0.144531 0.308594 0.130859 0.351562 0.138672 0.376953 0.164062 0.365234 0.203125 0.349609 0.1875 0.353516 0.167969 0.3125 0.154297 0.298828 0.1875 0.322266 0.199219 0.322266 0.199219 0.349609 0.1875
0 0.962891 0.191406 0.966797 0.207031 0.951172 0.234375 0.902344 0.259766 0.902344 0.259766 0.84375 0.224609 0.826172 0.195312 0.822266 0.171875 0.84375 0.146484 0.894531 0.150391 0.90625 0.162109 0.914062 0.154297 0.962891 0.191406 0.947266 0.203125 0.935547 0.1875 0.851562 0.169922 0.853516 0.199219 0.886719 0.232422 0.912109 0.234375 0.912109 0.234375 0.947266 0.203125
0 0.488281 0.244141 0.470703 0.222656 0.466797 0.210938 0.488281 0.177734 0.535156 0.169922 0.572266 0.1875 0.576172 0.207031 0.560547 0.242188 0.53125 0.259766 0.53125 0.259766 0.488281 0.244141 0.503906 0.228516 0.537109 0.230469 0.537109 0.230469 0.552734 0.207031 0.546875 0.197266 0.498047 0.203125 0.503906 0.228516
0 0.427734 0.226562 0.394531 0.240234 0.394531 0.240234 0.376953 0.226562 0.380859 0.199219 0.40625 0.181641 0.433594 0.185547 0.427734 0.226562 0.412109 0.210938 0.404297 0.214844 0.404297 0.214844 0.412109 0.210938
0 0.767578 0.304688 0.734375 0.337891 0.734375 0.337891 0.710938 0.333984 0.677734 0.289062 0.681641 0.226562 0.699219 0.212891 0.726562 0.212891 0.771484 0.257812 0.767578 0.304688 0.744141 0.304688 0.751953 0.277344 0.734375 0.244141 0.710938 0.236328 0.701172 0.242188 0.701172 0.277344 0.728516 0.3125 0.728516 0.3125 0.744141 0.304688
0 0.130859 0.224609 0.00390625 0.00390625
0 0.125 0.294922 0.111328 0.304688 0.115234 0.242188 0.136719 0.220703 0.175781 0.228516 0.205078 0.269531 0.183594 0.326172 0.183594 0.326172 0.140625 0.322266 0.125 0.294922 0.138672 0.292969 0.148438 0.306641 0.169922 0.308594 0.169922 0.308594 0.185547 0.296875 0.185547 0.261719 0.160156 0.240234 0.136719 0.240234 0.138672 0.292969
0 0.396484 0.25 0.441406 0.240234 0.46875 0.251953 0.474609 0.292969 0.460938 0.306641 0.460938 0.306641 0.402344 0.287109 0.396484 0.25 0.419922 0.265625 0.412109 0.261719 0.423828 0.265625 0.451172 0.28125 0.451172 0.28125 0.449219 0.267578 0.423828 0.265625 0.412109 0.261719 0.419922 0.265625 0.419922 0.265625
0 0.326172 0.3125 0.285156 0.337891 0.285156 0.337891 0.236328 0.316406 0.224609 0.300781 0.230469 0.271484 0.265625 0.263672 0.330078 0.289062 0.326172 0.3125 0.302734 0.304688 0.296875 0.294922 0.248047 0.289062 0.261719 0.310547 0.291016 0.3125 0.291016 0.3125 0.302734 0.304688
0 0.53125 0.275391 0.572266 0.292969 0.560547 0.351562 0.535156 0.365234 0.535156 0.365234 0.517578 0.351562 0.505859 0.316406 0.513672 0.285156 0.53125 0.275391 0.539062 0.298828 0.529297 0.328125 0.541016 0.335938 0.541016 0.335938 0.552734 0.3125 0.539062 0.298828
0 0.607422 0.324219 0.617188 0.283203 0.644531 0.279297 0.666016 0.292969 0.669922 0.328125 0.652344 0.357422 0.652344 0.357422 0.628906 0.357422 0.607422 0.324219 0.626953 0.316406 0.646484 0.335938 0.646484 0.335938 0.646484 0.308594 0.632812 0.302734 0.626953 0.316406
0 0.390625 0.427734 0.357422 0.394531 0.371094 0.306641 0.429688 0.302734 0.455078 0.316406 0.455078 0.386719 0.421875 0.427734 0.421875 0.427734 0.390625 0.427734 0.390625 0.412109 0.416016 0.410156 0.416016 0.410156 0.439453 0.386719 0.443359 0.34375 0.433594 0.322266 0.398438 0.318359 0.380859 0.328125 0.373047 0.386719 0.390625 0.412109
0 0.876953 0.351562 0.894531 0.310547 0.933594 0.302734 0.947266 0.328125 0.939453 0.355469 0.910156 0.384766 0.910156 0.384766 0.880859 0.378906 0.876953 0.351562 0.896484 0.359375 0.908203 0.359375 0.908203 0.359375 0.921875 0.326172 0.900391 0.34375 0.896484 0.359375
0 0.130859 0.394531 0.119141 0.457031 0.0859375 0.490234 0.0859375 0.490234 0.0507812 0.482422 0.0214844 0.429688 0.0214844 0.390625 0.0585938 0.337891 0.121094 0.361328 0.130859 0.394531 0.115234 0.390625 0.109375 0.373047 0.0664062 0.353516 0.0410156 0.386719 0.0371094 0.414062 0.0722656 0.472656 0.0722656 0.472656 0.0898438 0.470703 0.103516 0.449219 0.115234 0.390625
0 0.179688 0.345703 0.234375 0.349609 0.248047 0.363281 0.248047 0.402344 0.203125 0.419922 0.203125 0.419922 0.154297 0.382812 0.162109 0.355469 0.179688 0.345703 0.179688 0.361328 0.169922 0.371094 0.199219 0.400391 0.224609 0.398438 0.224609 0.398438 0.230469 0.369141 0.179688 0.361328
0 0.802734 0.40625 0.78125 0.439453 0.75 0.455078 0.75 0.455078 0.708984 0.441406 0.705078 0.398438 0.738281 0.357422 0.785156 0.357422 0.802734 0.375 0.802734 0.40625 0.783203 0.402344 0.769531 0.376953 0.746094 0.380859 0.724609 0.40625 0.734375 0.431641 0.751953 0.429688 0.751953 0.429688 0.783203 0.402344
0 0.304688 0.466797 0.269531 0.451172 0.255859 0.429688 0.263672 0.382812 0.28125 0.361328 0.316406 0.376953 0.337891 0.410156 0.333984 0.449219 0.304688 0.466797 0.304688 0.466797 0.310547 0.453125 0.314453 0.402344 0.292969 0.384766 0.275391 0.402344 0.275391 0.433594 0.310547 0.453125 0.310547 0.453125
0 0.544922 0.410156 0.566406 0.373047 0.605469 0.361328 0.638672 0.398438 0.619141 0.433594 0.585938 0.451172 0.585938 0.451172 0.554688 0.435547 0.544922 0.410156 0.564453 0.40625 0.582031 0.423828 0.599609 0.421875 0.599609 0.421875 0.615234 0.394531 0.585938 0.384766 0.564453 0.40625
0 0.462891 0.417969 0.480469 0.396484 0.507812 0.388672 0.529297 0.398438 0.537109 0.425781 0.503906 0.462891 0.503906 0.462891 0.466797 0.441406 0.462891 0.417969 0.482422 0.425781 0.505859 0.429688 0.505859 0.429688 0.507812 0.416016 0.482422 0.425781
0 0.925781 0.478516 0.900391 0.445312 0.892578 0.421875 0.90625 0.404297 0.945312 0.400391 0.986328 0.421875 0.998047 0.472656 0.96875 0.498047 0.96875 0.498047 0.925781 0.478516 0.945312 0.466797 0.970703 0.46875 0.970703 0.46875 0.964844 0.431641 0.929688 0.423828 0.919922 0.433594 0.945312 0.466797
0 0.142578 0.488281 0.150391 0.445312 0.167969 0.427734 0.214844 0.431641 0.248047 0.460938 0.207031 0.517578 0.207031 0.517578 0.160156 0.513672 0.142578 0.488281 0.158203 0.488281 0.205078 0.5 0.205078 0.5 0.228516 0.460938 0.171875 0.443359 0.158203 0.488281
0 0.402344 0.541016 0.376953 0.523438 0.369141 0.488281 0.390625 0.451172 0.425781 0.447266 0.451172 0.472656 0.427734 0.527344 0.402344 0.541016 0.402344 0.541016 0.408203 0.523438 0.427734 0.492188 0.410156 0.466797 0.392578 0.476562 0.392578 0.511719 0.408203 0.523438 0.408203 0.523438
0 0.763672 0.455078 0.00390625 0.00390625
0 0.75 0.560547 0.720703 0.523438 0.724609 0.5 0.773438 0.458984 0.835938 0.490234 0.841797 0.515625 0.832031 0.552734 0.789062 0.568359 0.789062 0.568359 0.75 0.560547 0.761719 0.541016 0.798828 0.542969 0.798828 0.542969 0.818359 0.515625 0.800781 0.490234 0.777344 0.482422 0.748047 0.507812 0.748047 0.523438 0.761719 0.541016
0 0.890625 0.458984 0.916016 0.472656 0.931641 0.503906 0.931641 0.527344 0.894531 0.560547 0.894531 0.560547 0.865234 0.53125 0.869141 0.472656 0.890625 0.458984 0.890625 0.478516 0.888672 0.527344 0.900391 0.53125 0.900391 0.53125 0.912109 0.503906 0.890625 0.478516
0 0.015625 0.552734 0 0.550781 0 0.53125 0.0253906 0.523438 0.0253906 0.507812 0 0.488281 0.00390625 0.474609 0.0410156 0.515625 0.015625 0.552734
0 0.529297 0.539062 0.554688 0.490234 0.589844 0.486328 0.595703 0.539062 0.558594 0.580078 0.558594 0.580078 0.541016 0.574219 0.529297 0.539062 0.544922 0.542969 0.544922 0.554688 0.560547 0.558594 0.560547 0.558594 0.583984 0.527344 0.578125 0.501953 0.560547 0.507812 0.544922 0.542969
0 0.623047 0.519531 0.644531 0.494141 0.693359 0.507812 0.693359 0.558594 0.664062 0.591797 0.664062 0.591797 0.636719 0.587891 0.626953 0.570312 0.623047 0.519531 0.638672 0.527344 0.638672 0.554688 0.662109 0.574219 0.662109 0.574219 0.681641 0.53125 0.671875 0.513672 0.652344 0.509766 0.638672 0.527344
0 0.580078 0.517578 0.00390625 0.00390625
0 0.498047 0.578125 0.480469 0.591797 0.480469 0.591797 0.435547 0.574219 0.423828 0.546875 0.433594 0.533203 0.460938 0.525391 0.46875 0.541016 0.498047 0.550781 0.498047 0.578125 0.482422 0.574219 0.480469 0.556641 0.455078 0.554688 0.464844 0.572266 0.482422 0.574219 0.482422 0.574219
0 0.0996094 0.660156 0.103516 0.578125 0.148438 0.537109 0.199219 0.544922 0.216797 0.5625 0.216797 0.628906 0.191406 0.669922 0.132812 0.689453 0.132812 0.689453 0.0996094 0.660156 0.115234 0.65625 0.126953 0.664062 0.126953 0.664062 0.193359 0.613281 0.195312 0.560547 0.160156 0.556641 0.126953 0.570312 0.111328 0.605469 0.115234 0.65625
0 0.111328 0.564453 0.00390625 0.00390625
0 0.00390625 0.693359 0 0.660156 0.0449219 0.644531 0.0429688 0.626953 0 0.605469 0.0078125 0.587891 0.0488281 0.609375 0.0644531 0.648438 0.0429688 0.677734 0.00390625 0.693359
0 0.427734 0.691406 0.382812 0.716797 0.382812 0.716797 0.34375 0.712891 0.326172 0.695312 0.333984 0.609375 0.375 0.591797 0.414062 0.595703 0.439453 0.640625 0.427734 0.691406 0.412109 0.691406 0.423828 0.628906 0.390625 0.607422 0.357422 0.621094 0.337891 0.683594 0.367188 0.701172 0.396484 0.699219 0.396484 0.699219 0.40625 0.685547 0.412109 0.691406
0 0.302734 0.707031 0.253906 0.740234 0.253906 0.740234 0.216797 0.699219 0.220703 0.671875 0.234375 0.642578 0.28125 0.619141 0.302734 0.640625 0.302734 0.707031 0.291016 0.695312 0.291016 0.65625 0.277344 0.638672 0.259766 0.640625 0.236328 0.679688 0.248047 0.714844 0.267578 0.71875 0.267578 0.71875 0.291016 0.695312
0 0.476562 0.666016 0.507812 0.630859 0.527344 0.630859 0.544922 0.648438 0.552734 0.691406 0.515625 0.751953 0.515625 0.751953 0.488281 0.748047 0.458984 0.710938 0.458984 0.667969 0.46875 0.658203 0.476562 0.666016 0.478516 0.679688 0.478516 0.714844 0.505859 0.734375 0.505859 0.734375 0.537109 0.695312 0.53125 0.654297 0.478516 0.679688
0 0.691406 0.677734 0.724609 0.707031 0.724609 0.726562 0.707031 0.740234 0.707031 0.740234 0.654297 0.707031 0.667969 0.677734 0.691406 0.677734 0.683594 0.685547 0.666016 0.691406 0.691406 0.728516 0.708984 0.726562 0.708984 0.726562 0.716797 0.714844 0.707031 0.701172 0.683594 0.685547
0 0.816406 0.751953 0.78125 0.740234 0.755859 0.710938 0.748047 0.691406 0.761719 0.677734 0.796875 0.677734 0.830078 0.699219 0.833984 0.734375 0.816406 0.751953 0.816406 0.751953 0.814453 0.742188 0.826172 0.726562 0.822266 0.707031 0.800781 0.689453 0.769531 0.685547 0.767578 0.710938 0.814453 0.742188 0.814453 0.742188
0 0.990234 0.734375 0.96875 0.755859 0.96875 0.755859 0.929688 0.755859 0.912109 0.738281 0.925781 0.697266 0.990234 0.703125 0.990234 0.734375 0.982422 0.726562 0.980469 0.708984 0.941406 0.705078 0.923828 0.714844 0.929688 0.744141 0.962891 0.746094 0.962891 0.746094 0.982422 0.726562
0 0.123047 0.796875 0.115234 0.746094 0.140625 0.705078 0.171875 0.705078 0.185547 0.722656 0.185547 0.769531 0.144531 0.810547 0.144531 0.810547 0.123047 0.796875 0.130859 0.792969 0.146484 0.796875 0.146484 0.796875 0.177734 0.761719 0.177734 0.730469 0.164062 0.712891 0.148438 0.712891 0.123047 0.753906 0.130859 0.792969
0 0.078125 0.787109 0.0332031 0.753906 0.0234375 0.724609 0.0703125 0.720703 0.0957031 0.738281 0.0957031 0.765625 0.078125 0.787109 0.078125 0.787109 0.0761719 0.777344 0.0839844 0.738281 0.0351562 0.732422 0.0761719 0.777344 0.0761719 0.777344
0 0.462891 0.746094 0.482422 0.773438 0.482422 0.808594 0.460938 0.826172 0.460938 0.826172 0.410156 0.818359 0.388672 0.800781 0.378906 0.728516 0.4375 0.728516 0.462891 0.746094 0.455078 0.75 0.429688 0.736328 0.386719 0.736328 0.396484 0.792969 0.425781 0.814453 0.458984 0.816406 0.458984 0.816406 0.474609 0.800781 0.474609 0.78125 0.455078 0.75
0 0.615234 0.785156 0.578125 0.822266 0.578125 0.822266 0.552734 0.804688 0.541016 0.777344 0.541016 0.757812 0.574219 0.736328 0.601562 0.740234 0.615234 0.765625 0.615234 0.785156 0.607422 0.777344 0.59375 0.755859 0.570312 0.759766 0.552734 0.78125 0.576172 0.808594 0.576172 0.808594 0.607422 0.777344
0 0.730469 0.732422 0.755859 0.746094 0.746094 0.771484 0.746094 0.771484 0.726562 0.771484 0.716797 0.757812 0.730469 0.732422 0.738281 0.740234 0.728516 0.757812 0.740234 0.761719 0.740234 0.761719 0.738281 0.740234
0 0.240234 0.820312 0.244141 0.78125 0.261719 0.751953 0.292969 0.748047 0.322266 0.777344 0.326172 0.816406 0.300781 0.857422 0.300781 0.857422 0.269531 0.853516 0.240234 0.820312 0.248047 0.816406 0.277344 0.845703 0.298828 0.847656 0.298828 0.847656 0.318359 0.796875 0.269531 0.759766 0.248047 0.816406
0 0.134766 0.835938 0.134766 0.855469 0.117188 0.865234 0.117188 0.865234 0.0996094 0.859375 0.0878906 0.832031 0.0878906 0.8125 0.101562 0.802734 0.117188 0.806641 0.134766 0.835938 0.126953 0.839844 0.105469 0.814453 0.0996094 0.839844 0.109375 0.853516 0.123047 0.851562 0.123047 0.851562 0.126953 0.839844
0 0.509766 0.867188 0.523438 0.837891 0.550781 0.826172 0.591797 0.835938 0.582031 0.865234 0.542969 0.880859 0.542969 0.880859 0.509766 0.867188 0.517578 0.859375 0.544922 0.867188 0.544922 0.867188 0.583984 0.84375 0.558594 0.833984 0.517578 0.859375
0 0.146484 0.910156 0.142578 0.867188 0.164062 0.845703 0.226562 0.837891 0.240234 0.847656 0.236328 0.902344 0.191406 0.923828 0.191406 0.923828 0.164062 0.923828 0.146484 0.910156 0.154297 0.902344 0.185547 0.914062 0.185547 0.914062 0.228516 0.894531 0.226562 0.849609 0.1875 0.849609 0.154297 0.867188 0.154297 0.902344
0 0.0351562 0.943359 0 0.929688 0 0.916016 0.0273438 0.935547 0.0488281 0.902344 0.0390625 0.880859 0.015625 0.876953 0 0.888672 0.0078125 0.869141 0.0429688 0.873047 0.0566406 0.886719 0.0527344 0.921875 0.0351562 0.943359
0 0.447266 0.914062 0.425781 0.931641 0.425781 0.931641 0.402344 0.931641 0.373047 0.90625 0.363281 0.865234 0.443359 0.882812 0.447266 0.914062 0.439453 0.90625 0.429688 0.884766 0.373047 0.882812 0.394531 0.916016 0.419922 0.921875 0.419922 0.921875 0.439453 0.90625
0 0.330078 0.890625 0.322266 0.929688 0.304688 0.939453 0.304688 0.939453 0.265625 0.935547 0.251953 0.921875 0.257812 0.884766 0.316406 0.880859 0.330078 0.890625 0.320312 0.892578 0.259766 0.898438 0.265625 0.923828 0.298828 0.929688 0.298828 0.929688 0.314453 0.921875 0.320312 0.892578
0 0.0800781 0.902344 0.109375 0.892578 0.128906 0.904297 0.128906 0.943359 0.128906 0.943359 0.101562 0.935547 0.0800781 0.902344 0.0878906 0.910156 0.113281 0.931641 0.126953 0.929688 0.126953 0.929688 0.117188 0.908203 0.0878906 0.910156
0 0.0917969 0.945312 0.0820312 0.974609 0.0820312 0.974609 0.0507812 0.970703 0.0371094 0.953125 0.078125 0.927734 0.0917969 0.945312 0.0839844 0.953125 0.0742188 0.939453 0.0488281 0.953125 0.0761719 0.964844 0.0761719 0.964844 0.0839844 0.953125
0 0.851562 0.974609 0.822266 0.960938 0.832031 0.927734 0.869141 0.9375 0.869141 0.960938 0.851562 0.974609 0.851562 0.974609 0.853516 0.960938 0.861328 0.949219 0.847656 0.935547 0.833984 0.953125 0.853516 0.960938 0.853516 0.960938
0 0.996094 0.974609 0.978516 0.964844 0.988281 0.927734 0.998047 0.929688 0.986328 0.945312 0.996094 0.974609
0 0.257812 0.998047 0.248047 0.996094 0.251953 0.976562 0.21875 0.947266 0.212891 0.96875 0.232422 0.996094 0.216797 0.996094 0.205078 0.976562 0.210938 0.935547 0.248047 0.957031 0.263672 0.980469 0.257812 0.998047
0 0.378906 0.998047 0.357422 0.996094 0.376953 0.980469 0.355469 0.951172 0.335938 0.947266 0.310547 0.960938 0.306641 0.980469 0.320312 0.998047 0.302734 0.996094 0.298828 0.964844 0.328125 0.939453 0.359375 0.943359 0.384766 0.972656 0.378906 0.998047
0 0.0234375 0.998047 0.0136719 0.996094 0.0175781 0.972656 0 0.947266 0.0292969 0.976562 0.0234375 0.998047
0 0.175781 0.998047 0.166016 0.996094 0.173828 0.96875 0.15625 0.958984 0.132812 0.958984 0.0878906 0.996094 0.125 0.951172 0.160156 0.951172 0.181641 0.964844 0.175781 0.998047
0 0.425781 0.998047 0.400391 0.996094 0.417969 0.986328 0.425781 0.998047
0 0.871094 0.998047 0.0078125 0.00390625
