0 0.566406 0.150391 0.568359 0.171875 0.542969 0.193359 0.542969 0.193359 0.527344 0.193359 0.498047 0.152344 0.566406 0.150391 0.558594 0.158203 0.517578 0.160156 0.537109 0.183594 0.537109 0.183594 0.558594 0.158203
0 0.666016 0.179688 0.640625 0.205078 0.640625 0.205078 0.611328 0.191406 0.611328 0.164062 0.652344 0.146484 0.666016 0.15625 0.666016 0.179688 0.658203 0.175781 0.644531 0.154297 0.619141 0.171875 0.638672 0.195312 0.638672 0.195312 0.658203 0.175781
0 0.382812 0.259766 0.361328 0.242188 0.367188 0.181641 0.398438 0.169922 0.427734 0.179688 0.429688 0.259766 0.429688 0.259766 0.382812 0.259766 0.390625 0.251953 0.423828 0.25 0.423828 0.25 0.423828 0.199219 0.390625 0.185547 0.369141 0.207031 0.373047 0.238281 0.390625 0.251953
0 0.996094 0.259766 0.982422 0.238281 0.996094 0.177734 0.996094 0.259766
0 0.015625 0.322266 0 0.316406 0.0332031 0.296875 0.0488281 0.25 0.0195312 0.201172 0 0.203125 0.00390625 0.189453 0.0410156 0.207031 0.0566406 0.246094 0.0449219 0.296875 0.015625 0.322266
0 0.326172 0.238281 0.292969 0.330078 0.292969 0.330078 0.265625 0.326172 0.228516 0.273438 0.228516 0.222656 0.257812 0.189453 0.296875 0.197266 0.326172 0.238281 0.318359 0.242188 0.292969 0.212891 0.261719 0.208984 0.236328 0.238281 0.236328 0.265625 0.251953 0.296875 0.287109 0.320312 0.287109 0.320312 0.318359 0.242188
0 0.669922 0.273438 0.673828 0.226562 0.695312 0.201172 0.726562 0.205078 0.744141 0.238281 0.740234 0.28125 0.707031 0.310547 0.707031 0.310547 0.669922 0.273438 0.681641 0.277344 0.705078 0.296875 0.705078 0.296875 0.736328 0.257812 0.728516 0.222656 0.707031 0.208984 0.689453 0.21875 0.677734 0.25 0.681641 0.277344
0 0.523438 0.326172 0.5 0.333984 0.5 0.333984 0.460938 0.333984 0.447266 0.292969 0.472656 0.251953 0.519531 0.232422 0.548828 0.25 0.548828 0.289062 0.523438 0.326172 0.515625 0.318359 0.537109 0.292969 0.53125 0.251953 0.5 0.255859 0.466797 0.28125 0.462891 0.320312 0.494141 0.324219 0.494141 0.324219 0.515625 0.318359
0 0.109375 0.244141 0.132812 0.240234 0.15625 0.248047 0.173828 0.28125 0.142578 0.359375 0.121094 0.369141 0.121094 0.369141 0.0703125 0.365234 0.0644531 0.324219 0.0878906 0.265625 0.109375 0.244141 0.117188 0.251953 0.0878906 0.28125 0.0761719 0.3125 0.0761719 0.355469 0.115234 0.359375 0.115234 0.359375 0.134766 0.351562 0.162109 0.28125 0.136719 0.251953 0.117188 0.251953
0 0.886719 0.251953 0.896484 0.265625 0.888672 0.3125 0.865234 0.347656 0.828125 0.373047 0.828125 0.373047 0.779297 0.363281 0.783203 0.292969 0.800781 0.271484 0.886719 0.251953 0.878906 0.259766 0.794922 0.289062 0.787109 0.351562 0.822266 0.363281 0.822266 0.363281 0.876953 0.316406 0.888672 0.277344 0.878906 0.259766
0 0.941406 0.349609 0.923828 0.328125 0.919922 0.273438 0.929688 0.259766 0.964844 0.263672 0.986328 0.289062 0.990234 0.328125 0.976562 0.349609 0.976562 0.349609 0.941406 0.349609 0.949219 0.341797 0.970703 0.339844 0.970703 0.339844 0.982422 0.304688 0.953125 0.267578 0.9375 0.267578 0.927734 0.3125 0.949219 0.341797
0 0.574219 0.447266 0.511719 0.443359 0.494141 0.398438 0.505859 0.367188 0.550781 0.326172 0.617188 0.314453 0.615234 0.425781 0.574219 0.447266 0.574219 0.447266 0.572266 0.4375 0.607422 0.417969 0.609375 0.322266 0.550781 0.337891 0.509766 0.382812 0.505859 0.421875 0.519531 0.435547 0.572266 0.4375 0.572266 0.4375
0 0.234375 0.322266 0.259766 0.332031 0.253906 0.365234 0.253906 0.365234 0.224609 0.363281 0.234375 0.322266 0.238281 0.330078 0.232422 0.355469 0.248047 0.355469 0.248047 0.355469 0.251953 0.339844 0.238281 0.330078
0 0.337891 0.363281 0.378906 0.330078 0.396484 0.332031 0.439453 0.394531 0.386719 0.474609 0.386719 0.474609 0.333984 0.441406 0.337891 0.363281 0.347656 0.361328 0.341797 0.382812 0.341797 0.433594 0.384766 0.460938 0.384766 0.460938 0.427734 0.402344 0.386719 0.337891 0.347656 0.361328
0 0.0351562 0.439453 0 0.414062 0.03125 0.427734 0.0605469 0.382812 0.03125 0.361328 0 0.373047 0.0117188 0.353516 0.0390625 0.353516 0.0683594 0.375 0.0605469 0.414062 0.0351562 0.439453
0 0.130859 0.410156 0.138672 0.378906 0.164062 0.365234 0.222656 0.373047 0.244141 0.402344 0.244141 0.433594 0.21875 0.451172 0.21875 0.451172 0.15625 0.435547 0.130859 0.410156 0.138672 0.40625 0.164062 0.427734 0.212891 0.441406 0.212891 0.441406 0.236328 0.425781 0.214844 0.380859 0.167969 0.373047 0.142578 0.390625 0.138672 0.40625
0 0.869141 0.4375 0.869141 0.402344 0.898438 0.365234 0.943359 0.410156 0.939453 0.4375 0.910156 0.462891 0.910156 0.462891 0.882812 0.458984 0.869141 0.4375 0.876953 0.429688 0.904297 0.453125 0.904297 0.453125 0.935547 0.417969 0.898438 0.380859 0.876953 0.410156 0.876953 0.429688
0 0.724609 0.460938 0.761719 0.431641 0.789062 0.431641 0.822266 0.472656 0.822266 0.492188 0.769531 0.556641 0.769531 0.556641 0.728516 0.515625 0.724609 0.460938 0.732422 0.46875 0.732422 0.5 0.767578 0.542969 0.767578 0.542969 0.810547 0.488281 0.777344 0.447266 0.753906 0.447266 0.732422 0.46875
0 0.0820312 0.458984 0.128906 0.462891 0.126953 0.523438 0.109375 0.552734 0.0898438 0.556641 0.0898438 0.556641 0.0527344 0.550781 0.0488281 0.492188 0.0820312 0.458984 0.0859375 0.466797 0.0566406 0.5 0.0605469 0.542969 0.0839844 0.546875 0.0839844 0.546875 0.115234 0.527344 0.123047 0.472656 0.113281 0.466797 0.0859375 0.466797
0 0.552734 0.542969 0.548828 0.589844 0.519531 0.623047 0.519531 0.623047 0.492188 0.623047 0.443359 0.5625 0.455078 0.519531 0.492188 0.474609 0.544922 0.515625 0.552734 0.542969 0.544922 0.546875 0.541016 0.527344 0.503906 0.490234 0.466797 0.527344 0.455078 0.5625 0.5 0.615234 0.513672 0.613281 0.513672 0.613281 0.541016 0.582031 0.544922 0.546875
0 0.640625 0.564453 0.605469 0.564453 0.587891 0.550781 0.580078 0.496094 0.59375 0.478516 0.621094 0.478516 0.646484 0.5 0.658203 0.546875 0.640625 0.564453 0.640625 0.564453 0.638672 0.554688 0.650391 0.539062 0.638672 0.507812 0.601562 0.486328 0.587891 0.503906 0.591797 0.539062 0.613281 0.556641 0.638672 0.554688 0.638672 0.554688
0 0.318359 0.578125 0.318359 0.535156 0.34375 0.505859 0.367188 0.505859 0.388672 0.535156 0.384766 0.578125 0.363281 0.623047 0.363281 0.623047 0.347656 0.619141 0.318359 0.578125 0.326172 0.570312 0.361328 0.609375 0.361328 0.609375 0.380859 0.542969 0.351562 0.513672 0.326172 0.542969 0.326172 0.570312
0 0.195312 0.521484 0.253906 0.513672 0.283203 0.535156 0.283203 0.566406 0.242188 0.603516 0.1875 0.611328 0.1875 0.611328 0.177734 0.605469 0.173828 0.5625 0.195312 0.521484 0.199219 0.529297 0.185547 0.554688 0.185547 0.597656 0.224609 0.597656 0.224609 0.597656 0.279297 0.550781 0.246094 0.521484 0.199219 0.529297
0 0 0.560547 0 0.521484 0 0.560547
0 0.902344 0.544922 0.953125 0.541016 0.978516 0.582031 0.941406 0.626953 0.941406 0.626953 0.894531 0.611328 0.865234 0.566406 0.902344 0.544922 0.90625 0.552734 0.876953 0.570312 0.902344 0.603516 0.935547 0.617188 0.935547 0.617188 0.966797 0.582031 0.953125 0.552734 0.90625 0.552734
0 0.0761719 0.660156 0.0761719 0.699219 0.0585938 0.720703 0.0585938 0.720703 0.0273438 0.720703 0 0.6875 0.00195312 0.648438 0.03125 0.607422 0.0761719 0.660156 0.0683594 0.664062 0.0390625 0.626953 0.00585938 0.679688 0.0351562 0.712891 0.0566406 0.710938 0.0566406 0.710938 0.0683594 0.664062
0 0.578125 0.615234 0.587891 0.65625 0.566406 0.673828 0.566406 0.673828 0.548828 0.671875 0.537109 0.640625 0.554688 0.619141 0.578125 0.615234 0.570312 0.623047 0.548828 0.640625 0.560547 0.664062 0.560547 0.664062 0.580078 0.648438 0.570312 0.623047
0 0.736328 0.730469 0.732422 0.675781 0.773438 0.623047 0.792969 0.626953 0.853516 0.679688 0.849609 0.726562 0.816406 0.794922 0.816406 0.794922 0.75 0.755859 0.736328 0.730469 0.744141 0.722656 0.761719 0.751953 0.810547 0.777344 0.810547 0.777344 0.837891 0.730469 0.845703 0.6875 0.777344 0.634766 0.744141 0.671875 0.744141 0.722656
0 0.472656 0.630859 0.494141 0.65625 0.490234 0.679688 0.441406 0.724609 0.441406 0.724609 0.417969 0.724609 0.396484 0.683594 0.421875 0.650391 0.472656 0.630859 0.464844 0.638672 0.408203 0.683594 0.416016 0.710938 0.435547 0.714844 0.435547 0.714844 0.478516 0.683594 0.482422 0.652344 0.464844 0.638672
0 0.640625 0.666016 0.675781 0.666016 0.697266 0.746094 0.679688 0.767578 0.632812 0.787109 0.632812 0.787109 0.613281 0.787109 0.595703 0.769531 0.580078 0.707031 0.640625 0.666016 0.648438 0.673828 0.591797 0.710938 0.611328 0.773438 0.626953 0.777344 0.626953 0.777344 0.679688 0.755859 0.689453 0.738281 0.667969 0.673828 0.648438 0.673828
0 0.177734 0.789062 0.238281 0.740234 0.269531 0.740234 0.314453 0.773438 0.326172 0.8125 0.25 0.853516 0.25 0.853516 0.199219 0.837891 0.177734 0.8125 0.177734 0.789062 0.185547 0.796875 0.210938 0.833984 0.244141 0.84375 0.244141 0.84375 0.318359 0.804688 0.304688 0.779297 0.261719 0.748047 0.226562 0.759766 0.185547 0.796875
0 0.521484 0.785156 0.521484 0.816406 0.496094 0.841797 0.496094 0.841797 0.46875 0.841797 0.443359 0.820312 0.443359 0.78125 0.46875 0.751953 0.503906 0.755859 0.521484 0.785156 0.513672 0.789062 0.492188 0.759766 0.476562 0.759766 0.455078 0.78125 0.451172 0.8125 0.476562 0.833984 0.494141 0.832031 0.494141 0.832031 0.513672 0.8125 0.513672 0.789062
0 0.0644531 0.835938 0.0605469 0.804688 0.0742188 0.779297 0.105469 0.783203 0.126953 0.804688 0.130859 0.851562 0.113281 0.865234 0.113281 0.865234 0.0859375 0.861328 0.0644531 0.835938 0.0722656 0.832031 0.103516 0.851562 0.103516 0.851562 0.115234 0.808594 0.0820312 0.787109 0.0683594 0.808594 0.0722656 0.832031
0 0.996094 0.857422 0.966797 0.847656 0.966797 0.820312 0.992188 0.802734 0.998047 0.816406 0.984375 0.818359 0.974609 0.839844 0.996094 0.845703 0.996094 0.857422
0 0.335938 0.876953 0.318359 0.855469 0.318359 0.832031 0.355469 0.810547 0.402344 0.810547 0.433594 0.826172 0.435547 0.855469 0.398438 0.884766 0.398438 0.884766 0.335938 0.876953 0.34375 0.869141 0.392578 0.875 0.392578 0.875 0.427734 0.847656 0.421875 0.830078 0.363281 0.818359 0.326172 0.839844 0.34375 0.869141
0 0.0585938 0.869141 0.101562 0.873047 0.123047 0.894531 0.111328 0.9375 0.09375 0.951172 0.09375 0.951172 0.046875 0.947266 0.0214844 0.929688 0.0253906 0.902344 0.0585938 0.869141 0.0625 0.876953 0.0292969 0.921875 0.0546875 0.939453 0.0878906 0.941406 0.0878906 0.941406 0.115234 0.902344 0.0859375 0.876953 0.0625 0.876953
0 0.152344 0.865234 0.195312 0.876953 0.228516 0.914062 0.232422 0.96875 0.222656 0.982422 0.222656 0.982422 0.175781 0.970703 0.138672 0.941406 0.138672 0.882812 0.152344 0.865234 0.160156 0.873047 0.146484 0.910156 0.150391 0.941406 0.216797 0.972656 0.216797 0.972656 0.216797 0.914062 0.160156 0.873047
0 0.255859 0.894531 0.273438 0.869141 0.300781 0.869141 0.318359 0.910156 0.285156 0.958984 0.285156 0.958984 0.263672 0.9375 0.255859 0.894531 0.263672 0.902344 0.283203 0.941406 0.283203 0.941406 0.310547 0.902344 0.292969 0.876953 0.273438 0.880859 0.263672 0.902344
0 0.419922 0.925781 0.419922 0.886719 0.457031 0.865234 0.488281 0.873047 0.513672 0.917969 0.509766 0.945312 0.476562 0.962891 0.476562 0.962891 0.445312 0.958984 0.419922 0.925781 0.427734 0.921875 0.453125 0.951172 0.470703 0.953125 0.470703 0.953125 0.496094 0.943359 0.505859 0.921875 0.498047 0.898438 0.464844 0.873047 0.427734 0.894531 0.427734 0.921875
0 0.378906 0.900391 0.412109 0.925781 0.402344 0.966797 0.402344 0.966797 0.386719 0.966797 0.365234 0.945312 0.365234 0.917969 0.378906 0.900391 0.382812 0.908203 0.373047 0.9375 0.400391 0.953125 0.400391 0.953125 0.404297 0.929688 0.382812 0.908203
0 0.304688 0.943359 0.341797 0.945312 0.328125 0.978516 0.328125 0.978516 0.302734 0.964844 0.304688 0.943359 0.310547 0.953125 0.326172 0.964844 0.326172 0.964844 0.328125 0.947266 0.310547 0.953125
0 0 0.974609 0 0.943359 0.00976562 0.953125 0 0.974609
0 0.652344 0.998047 0.636719 0.998047 0.609375 0.955078 0.574219 0.962891 0.550781 0.998047 0.544922 0.980469 0.578125 0.947266 0.609375 0.943359 0.642578 0.960938 0.652344 0.998047
0 0.976562 0.998047 0.921875 0.958984 0.896484 0.964844 0.886719 0.998047 0.876953 0.996094 0.876953 0.972656 0.898438 0.947266 0.921875 0.943359 0.96875 0.966797 0.976562 0.998047
0 0.148438 0.998047 0.121094 0.986328 0.0839844 0.996094 0.0898438 0.978516 0.132812 0.970703 0.148438 0.998047
0 0.355469 0.998047 0.287109 0.996094 0.296875 0.982422 0.335938 0.982422 0.355469 0.998047
0 0.449219 0.998047 0.388672 0.996094 0.449219 0.998047
