0 0.09375 0.0214844 0.0800781 0.0195312 0.0742188 0 0.0898438 0.00976562 0.103516 0 0.09375 0.0214844
0 0.285156 0.0566406 0.261719 0.0566406 0.248047 0.0429688 0.255859 0.00390625 0.271484 0 0.263672 0.0429688 0.28125 0.0488281 0.332031 0 0.322266 0.0273438 0.285156 0.0566406
0 0.414062 0.0253906 0.386719 0.0253906 0.357422 0 0.410156 0.0175781 0.421875 0 0.414062 0.0253906
0 0.664062 0.0449219 0.605469 0.0332031 0.583984 0 0.59375 0 0.613281 0.0253906 0.65625 0.0371094 0.683594 0 0.681641 0.03125 0.664062 0.0449219
0 0.0273438 0.0722656 0 0.0664062 0.0351562 0.0605469 0.0449219 0.0429688 0 0.00976562 0.03125 0.0136719 0.0566406 0.0429688 0.0566406 0.0546875 0.0273438 0.0722656
0 0.996094 0.0996094 0.970703 0.0664062 0.970703 0.0390625 0.992188 0.00976562 0.998047 0.0195312 0.978516 0.0625 0.996094 0.0996094
0 0.337891 0.0664062 0.337891 0.0429688 0.355469 0.0292969 0.375 0.0292969 0.396484 0.0507812 0.392578 0.0703125 0.375 0.0800781 0.375 0.0800781 0.337891 0.0664062 0.345703 0.0625 0.373047 0.0703125 0.373047 0.0703125 0.384766 0.0507812 0.363281 0.0371094 0.345703 0.0625
0 0.490234 0.0507812 0.490234 0.0898438 0.476562 0.0996094 0.476562 0.0996094 0.460938 0.0996094 0.447266 0.0820312 0.460938 0.0332031 0.490234 0.0507812 0.482422 0.0546875 0.464844 0.0449219 0.455078 0.0742188 0.470703 0.0898438 0.470703 0.0898438 0.482422 0.0820312 0.482422 0.0546875
0 0.910156 0.166016 0.882812 0.162109 0.853516 0.113281 0.859375 0.103516 0.894531 0.158203 0.919922 0.144531 0.927734 0.0976562 0.910156 0.0761719 0.886719 0.0683594 0.861328 0.101562 0.886719 0.0566406 0.917969 0.0683594 0.935547 0.0898438 0.931641 0.144531 0.910156 0.166016
0 0.207031 0.115234 0.193359 0.0820312 0.246094 0.0761719 0.259766 0.0976562 0.25 0.115234 0.25 0.115234 0.207031 0.115234 0.214844 0.107422 0.244141 0.105469 0.244141 0.105469 0.230469 0.0878906 0.208984 0.0898438 0.214844 0.107422
0 0.392578 0.121094 0.392578 0.09375 0.417969 0.0761719 0.435547 0.09375 0.425781 0.126953 0.425781 0.126953 0.392578 0.121094 0.400391 0.113281 0.419922 0.117188 0.419922 0.117188 0.427734 0.101562 0.414062 0.0878906 0.400391 0.113281
0 0.796875 0.193359 0.777344 0.193359 0.759766 0.167969 0.759766 0.128906 0.785156 0.107422 0.814453 0.125 0.814453 0.171875 0.796875 0.193359 0.796875 0.193359 0.794922 0.183594 0.806641 0.132812 0.78125 0.119141 0.767578 0.160156 0.785156 0.185547 0.794922 0.183594 0.794922 0.183594
0 0.0371094 0.136719 0.0859375 0.123047 0.0957031 0.140625 0.0820312 0.158203 0.0820312 0.158203 0.046875 0.158203 0.0371094 0.136719 0.0449219 0.140625 0.0761719 0.148438 0.0761719 0.148438 0.0839844 0.136719 0.0703125 0.130859 0.0449219 0.140625
0 0.996094 0.212891 0.982422 0.195312 0.996094 0.158203 0.996094 0.212891
0 0.353516 0.234375 0.359375 0.201172 0.378906 0.189453 0.423828 0.199219 0.443359 0.234375 0.443359 0.257812 0.425781 0.275391 0.425781 0.275391 0.373047 0.269531 0.353516 0.234375 0.361328 0.230469 0.376953 0.257812 0.419922 0.265625 0.419922 0.265625 0.435547 0.25 0.419922 0.210938 0.394531 0.197266 0.371094 0.205078 0.361328 0.230469
0 0.144531 0.248047 0.115234 0.238281 0.109375 0.197266 0.132812 0.197266 0.154297 0.214844 0.158203 0.234375 0.144531 0.248047 0.144531 0.248047 0.142578 0.238281 0.146484 0.222656 0.117188 0.205078 0.123047 0.230469 0.142578 0.238281 0.142578 0.238281
0 0.9375 0.208984 0.958984 0.238281 0.958984 0.273438 0.914062 0.318359 0.914062 0.318359 0.884766 0.308594 0.873047 0.261719 0.886719 0.228516 0.9375 0.208984 0.929688 0.216797 0.884766 0.257812 0.888672 0.292969 0.908203 0.308594 0.908203 0.308594 0.951172 0.265625 0.947266 0.234375 0.929688 0.216797
0 0.0859375 0.279297 0.0644531 0.273438 0.0546875 0.224609 0.0917969 0.234375 0.0859375 0.279297 0.0859375 0.279297 0.0800781 0.269531 0.0878906 0.25 0.0664062 0.232422 0.0800781 0.269531 0.0800781 0.269531
0 0.259766 0.300781 0.269531 0.232422 0.289062 0.232422 0.306641 0.25 0.306641 0.304688 0.289062 0.314453 0.289062 0.314453 0.269531 0.314453 0.259766 0.300781 0.267578 0.296875 0.283203 0.304688 0.283203 0.304688 0.298828 0.296875 0.298828 0.253906 0.28125 0.240234 0.267578 0.296875
0 0.154297 0.320312 0.171875 0.259766 0.199219 0.271484 0.216797 0.300781 0.216797 0.320312 0.183594 0.357422 0.183594 0.357422 0.162109 0.351562 0.154297 0.320312 0.162109 0.316406 0.177734 0.347656 0.177734 0.347656 0.193359 0.328125 0.193359 0.289062 0.175781 0.279297 0.162109 0.316406
0 0.767578 0.324219 0.75 0.349609 0.726562 0.357422 0.675781 0.353516 0.677734 0.402344 0.664062 0.419922 0.664062 0.419922 0.599609 0.386719 0.580078 0.339844 0.583984 0.277344 0.59375 0.263672 0.617188 0.267578 0.671875 0.333984 0.685547 0.277344 0.714844 0.259766 0.742188 0.259766 0.763672 0.289062 0.767578 0.324219 0.759766 0.316406 0.726562 0.267578 0.693359 0.296875 0.685547 0.335938 0.6875 0.349609 0.669922 0.367188 0.654297 0.316406 0.632812 0.294922 0.601562 0.294922 0.587891 0.335938 0.607422 0.378906 0.662109 0.40625 0.662109 0.40625 0.669922 0.367188 0.6875 0.349609 0.720703 0.347656 0.720703 0.347656 0.742188 0.341797 0.759766 0.316406
0 0.996094 0.365234 0.974609 0.296875 0.996094 0.259766 0.986328 0.289062 0.996094 0.365234
0 0.839844 0.443359 0.814453 0.410156 0.806641 0.355469 0.824219 0.318359 0.898438 0.322266 0.916016 0.347656 0.916016 0.410156 0.878906 0.443359 0.878906 0.443359 0.839844 0.443359 0.847656 0.435547 0.873047 0.433594 0.873047 0.433594 0.908203 0.402344 0.908203 0.355469 0.890625 0.330078 0.847656 0.326172 0.818359 0.355469 0.818359 0.390625 0.847656 0.435547
0 0.333984 0.363281 0.339844 0.330078 0.378906 0.326172 0.388672 0.335938 0.384766 0.363281 0.371094 0.373047 0.371094 0.373047 0.333984 0.363281 0.341797 0.355469 0.365234 0.363281 0.365234 0.363281 0.376953 0.339844 0.347656 0.337891 0.341797 0.355469
0 0.279297 0.375 0.28125 0.341797 0.296875 0.341797 0.310547 0.359375 0.300781 0.380859 0.300781 0.380859 0.279297 0.375 0.287109 0.367188 0.298828 0.367188 0.298828 0.367188 0.289062 0.349609 0.287109 0.367188
0 0.5625 0.419922 0.521484 0.414062 0.527344 0.361328 0.550781 0.353516 0.591797 0.386719 0.591797 0.410156 0.5625 0.419922 0.5625 0.419922 0.560547 0.410156 0.578125 0.408203 0.583984 0.394531 0.542969 0.369141 0.529297 0.40625 0.560547 0.410156 0.560547 0.410156
0 0.189453 0.390625 0.207031 0.357422 0.224609 0.363281 0.214844 0.400391 0.214844 0.400391 0.189453 0.390625 0.197266 0.382812 0.208984 0.390625 0.208984 0.390625 0.214844 0.369141 0.197266 0.382812
0 0.246094 0.392578 0.267578 0.398438 0.257812 0.423828 0.257812 0.423828 0.228516 0.421875 0.246094 0.392578 0.253906 0.400391 0.251953 0.414062 0.251953 0.414062 0.253906 0.400391
0 0.697266 0.464844 0.722656 0.443359 0.78125 0.439453 0.826172 0.472656 0.826172 0.492188 0.792969 0.525391 0.792969 0.525391 0.730469 0.521484 0.697266 0.492188 0.697266 0.464844 0.705078 0.472656 0.714844 0.494141 0.753906 0.513672 0.775391 0.511719 0.775391 0.511719 0.800781 0.505859 0.818359 0.480469 0.757812 0.451172 0.730469 0.451172 0.705078 0.472656
0 0.605469 0.576172 0.587891 0.570312 0.564453 0.519531 0.574219 0.470703 0.617188 0.478516 0.650391 0.511719 0.650391 0.527344 0.605469 0.576172 0.605469 0.576172 0.603516 0.566406 0.642578 0.519531 0.585938 0.478516 0.576172 0.527344 0.603516 0.566406 0.603516 0.566406
0 0.201172 0.527344 0.21875 0.486328 0.253906 0.486328 0.267578 0.503906 0.263672 0.53125 0.242188 0.556641 0.242188 0.556641 0.205078 0.554688 0.201172 0.527344 0.208984 0.53125 0.214844 0.548828 0.236328 0.546875 0.236328 0.546875 0.259766 0.507812 0.246094 0.494141 0.224609 0.496094 0.208984 0.53125
0 0 0.607422 0 0.595703 0.03125 0.587891 0.0488281 0.5625 0.0449219 0.53125 0 0.503906 0.0195312 0.498047 0.0488281 0.519531 0.0605469 0.554688 0.03125 0.599609 0 0.607422
0 0.283203 0.582031 0.3125 0.548828 0.355469 0.556641 0.396484 0.605469 0.355469 0.689453 0.355469 0.689453 0.324219 0.681641 0.279297 0.632812 0.283203 0.582031 0.291016 0.585938 0.287109 0.625 0.324219 0.666016 0.345703 0.671875 0.345703 0.671875 0.388672 0.613281 0.347656 0.564453 0.316406 0.556641 0.291016 0.585938
0 0.878906 0.646484 0.828125 0.642578 0.814453 0.609375 0.826172 0.601562 0.822266 0.621094 0.84375 0.638672 0.890625 0.630859 0.919922 0.601562 0.902344 0.583984 0.833984 0.585938 0.902344 0.572266 0.927734 0.59375 0.927734 0.609375 0.878906 0.646484
0 0.695312 0.654297 0.666016 0.625 0.6875 0.583984 0.722656 0.583984 0.771484 0.617188 0.771484 0.636719 0.742188 0.662109 0.742188 0.662109 0.695312 0.654297 0.703125 0.646484 0.744141 0.648438 0.744141 0.648438 0.763672 0.625 0.726562 0.595703 0.695312 0.591797 0.677734 0.617188 0.685547 0.632812 0.703125 0.646484
0 0.246094 0.587891 0.259766 0.601562 0.259766 0.625 0.21875 0.662109 0.21875 0.662109 0.191406 0.658203 0.185547 0.628906 0.210938 0.595703 0.246094 0.587891 0.242188 0.595703 0.197266 0.625 0.193359 0.644531 0.212891 0.652344 0.212891 0.652344 0.248047 0.625 0.242188 0.595703
0 0.0761719 0.664062 0.0761719 0.644531 0.0976562 0.619141 0.117188 0.619141 0.134766 0.636719 0.142578 0.683594 0.125 0.708984 0.125 0.708984 0.105469 0.705078 0.0761719 0.664062 0.0839844 0.660156 0.113281 0.697266 0.123047 0.695312 0.123047 0.695312 0.134766 0.679688 0.130859 0.65625 0.101562 0.626953 0.0839844 0.660156
0 0.681641 0.652344 0.675781 0.689453 0.675781 0.689453 0.644531 0.689453 0.607422 0.667969 0.617188 0.623047 0.644531 0.619141 0.681641 0.652344 0.673828 0.660156 0.628906 0.626953 0.619141 0.664062 0.669922 0.679688 0.669922 0.679688 0.673828 0.660156
0 0.996094 0.755859 0.980469 0.755859 0.943359 0.71875 0.955078 0.675781 0.980469 0.646484 0.998047 0.667969 0.980469 0.662109 0.966797 0.675781 0.955078 0.714844 0.988281 0.748047 0.996094 0.736328 0.996094 0.755859
0 0.591797 0.703125 0.576172 0.738281 0.546875 0.759766 0.546875 0.759766 0.492188 0.755859 0.455078 0.722656 0.451172 0.703125 0.476562 0.666016 0.535156 0.654297 0.587891 0.683594 0.591797 0.703125 0.583984 0.695312 0.570312 0.681641 0.515625 0.662109 0.470703 0.683594 0.466797 0.714844 0.492188 0.744141 0.541016 0.75 0.541016 0.75 0.583984 0.695312
0 0.828125 0.658203 0.859375 0.658203 0.908203 0.691406 0.919922 0.730469 0.867188 0.763672 0.867188 0.763672 0.816406 0.763672 0.798828 0.75 0.792969 0.677734 0.828125 0.658203 0.835938 0.666016 0.802734 0.6875 0.802734 0.730469 0.8125 0.751953 0.861328 0.753906 0.861328 0.753906 0.912109 0.722656 0.882812 0.681641 0.835938 0.666016
0 0.220703 0.769531 0.214844 0.697266 0.283203 0.707031 0.298828 0.734375 0.289062 0.798828 0.289062 0.798828 0.253906 0.794922 0.220703 0.769531 0.228516 0.761719 0.246094 0.779297 0.283203 0.789062 0.283203 0.789062 0.287109 0.734375 0.25 0.705078 0.222656 0.705078 0.228516 0.761719
0 0.330078 0.738281 0.333984 0.714844 0.351562 0.705078 0.417969 0.712891 0.431641 0.746094 0.410156 0.767578 0.410156 0.767578 0.347656 0.755859 0.330078 0.738281 0.337891 0.730469 0.371094 0.755859 0.404297 0.757812 0.404297 0.757812 0.423828 0.734375 0.394531 0.712891 0.347656 0.716797 0.337891 0.730469
0 0.636719 0.806641 0.611328 0.804688 0.599609 0.753906 0.644531 0.724609 0.666016 0.742188 0.669922 0.785156 0.636719 0.806641 0.636719 0.806641 0.634766 0.796875 0.654297 0.785156 0.654297 0.742188 0.644531 0.736328 0.607422 0.761719 0.619141 0.796875 0.634766 0.796875 0.634766 0.796875
0 0.923828 0.777344 0.933594 0.740234 0.953125 0.740234 0.974609 0.761719 0.978516 0.800781 0.96875 0.810547 0.96875 0.810547 0.9375 0.802734 0.923828 0.777344 0.931641 0.769531 0.943359 0.792969 0.962891 0.800781 0.962891 0.800781 0.966797 0.769531 0.941406 0.748047 0.931641 0.769531
0 0.457031 0.798828 0.494141 0.839844 0.490234 0.878906 0.460938 0.908203 0.460938 0.908203 0.382812 0.900391 0.357422 0.863281 0.361328 0.828125 0.417969 0.794922 0.457031 0.798828 0.449219 0.806641 0.417969 0.806641 0.365234 0.847656 0.398438 0.884766 0.455078 0.898438 0.455078 0.898438 0.482422 0.871094 0.486328 0.847656 0.449219 0.806641
0 0.0917969 0.882812 0.0625 0.916016 0.0625 0.916016 0.0351562 0.916016 0.0136719 0.894531 0.00976562 0.824219 0.0195312 0.806641 0.0625 0.806641 0.0917969 0.84375 0.0917969 0.882812 0.0839844 0.878906 0.0839844 0.851562 0.046875 0.810547 0.0175781 0.832031 0.0175781 0.867188 0.0292969 0.902344 0.0566406 0.90625 0.0566406 0.90625 0.0839844 0.878906
0 0.996094 0.861328 0.974609 0.847656 0.988281 0.806641 0.998047 0.816406 0.982422 0.839844 0.996094 0.861328
0 0.123047 0.863281 0.128906 0.814453 0.162109 0.835938 0.15625 0.873047 0.15625 0.873047 0.123047 0.863281 0.130859 0.855469 0.150391 0.863281 0.150391 0.863281 0.154297 0.84375 0.140625 0.830078 0.130859 0.855469
0 0.222656 0.857422 0.197266 0.855469 0.197266 0.828125 0.210938 0.810547 0.236328 0.828125 0.236328 0.847656 0.222656 0.857422 0.222656 0.857422 0.220703 0.847656 0.228516 0.835938 0.214844 0.822266 0.205078 0.847656 0.220703 0.847656 0.220703 0.847656
0 0.962891 0.835938 0.962891 0.863281 0.949219 0.880859 0.949219 0.880859 0.929688 0.880859 0.919922 0.867188 0.919922 0.835938 0.933594 0.818359 0.962891 0.835938 0.955078 0.839844 0.9375 0.830078 0.927734 0.855469 0.943359 0.871094 0.943359 0.871094 0.955078 0.839844
0 0.791016 0.921875 0.738281 0.958984 0.738281 0.958984 0.708984 0.914062 0.705078 0.882812 0.742188 0.833984 0.785156 0.853516 0.802734 0.894531 0.791016 0.921875 0.783203 0.914062 0.791016 0.878906 0.765625 0.849609 0.742188 0.845703 0.712891 0.894531 0.736328 0.945312 0.748047 0.945312 0.748047 0.945312 0.783203 0.914062
0 0.613281 0.986328 0.574219 0.986328 0.556641 0.957031 0.560547 0.882812 0.585938 0.853516 0.640625 0.853516 0.669922 0.910156 0.662109 0.957031 0.613281 0.986328 0.613281 0.986328 0.611328 0.976562 0.636719 0.966797 0.662109 0.933594 0.650391 0.878906 0.632812 0.861328 0.578125 0.892578 0.570312 0.884766 0.564453 0.90625 0.576172 0.972656 0.611328 0.976562 0.611328 0.976562
0 0.996094 0.962891 0.976562 0.962891 0.958984 0.9375 0.955078 0.898438 0.980469 0.876953 0.998047 0.882812 0.966797 0.898438 0.966797 0.929688 0.996094 0.962891
0 0.345703 0.917969 0.341797 0.945312 0.320312 0.974609 0.289062 0.986328 0.289062 0.986328 0.25 0.982422 0.232422 0.960938 0.232422 0.9375 0.261719 0.900391 0.324219 0.896484 0.345703 0.917969 0.337891 0.925781 0.328125 0.908203 0.277344 0.904297 0.248047 0.929688 0.244141 0.960938 0.283203 0.976562 0.283203 0.976562 0.326172 0.953125 0.337891 0.925781
0 0.121094 0.998047 0.103516 0.96875 0.0742188 0.951172 0.0527344 0.992188 0.0371094 0.996094 0.0605469 0.949219 0.078125 0.939453 0.111328 0.960938 0.121094 0.998047
0 0.216797 0.984375 0.195312 0.998047 0.195312 0.998047 0.146484 0.980469 0.144531 0.943359 0.199219 0.939453 0.216797 0.953125 0.216797 0.984375 0.208984 0.976562 0.203125 0.951172 0.150391 0.957031 0.167969 0.986328 0.189453 0.988281 0.189453 0.988281 0.208984 0.976562
0 0.398438 0.998047 0.384766 0.996094 0.386719 0.951172 0.353516 0.96875 0.351562 0.998047 0.333984 0.996094 0.337891 0.972656 0.359375 0.947266 0.386719 0.939453 0.400391 0.949219 0.398438 0.998047
0 0.539062 0.998047 0.529297 0.996094 0.544922 0.964844 0.503906 0.951172 0.490234 0.953125 0.464844 0.994141 0.443359 0.996094 0.480469 0.943359 0.511719 0.943359 0.552734 0.957031 0.539062 0.998047
0 0.90625 0.998047 0.882812 0.958984 0.849609 0.980469 0.847656 0.998047 0.841797 0.976562 0.863281 0.951172 0.890625 0.951172 0.904297 0.964844 0.90625 0.998047
