0 0.046875 0.0527344 0.0273438 0.0527344 0.00195312 0.03125 0.00390625 0 0.00976562 0.0273438 0.0351562 0.0449219 0.0527344 0.03125 0.0527344 0 0.0644531 0 0.0644531 0.0273438 0.046875 0.0527344
0 0.0898438 0 0.144531 0 0.173828 0.0273438 0.181641 0.0585938 0.152344 0.0878906 0.152344 0.0878906 0.125 0.0878906 0.0957031 0.0664062 0.0898438 0 0.0976562 0.00195312 0.0996094 0.0546875 0.117188 0.0722656 0.146484 0.078125 0.146484 0.078125 0.169922 0.0585938 0.166016 0.0351562 0.132812 0.00195312 0.0976562 0.00195312
0 0.472656 0.00585938 0.396484 0 0.486328 0 0.472656 0.00585938
0 0.230469 0.00976562 0.267578 0.015625 0.267578 0.0429688 0.246094 0.0644531 0.246094 0.0644531 0.216797 0.0546875 0.216797 0.0273438 0.230469 0.00976562 0.234375 0.0175781 0.224609 0.0351562 0.228516 0.0546875 0.244141 0.0546875 0.244141 0.0546875 0.259766 0.0390625 0.253906 0.0175781 0.234375 0.0175781
0 0.896484 0.0625 0.900391 0.0859375 0.882812 0.107422 0.882812 0.107422 0.833984 0.0859375 0.84375 0.0410156 0.878906 0.0449219 0.896484 0.0625 0.888672 0.0664062 0.851562 0.0488281 0.841797 0.078125 0.880859 0.0976562 0.880859 0.0976562 0.888672 0.0664062
0 0.996094 0.107422 0.970703 0.09375 0.972656 0.0566406 0.998047 0.0585938 0.978516 0.0664062 0.978516 0.0898438 0.996094 0.107422
0 0.376953 0.101562 0.376953 0.0703125 0.390625 0.0605469 0.443359 0.0703125 0.435547 0.105469 0.410156 0.123047 0.410156 0.123047 0.376953 0.101562 0.384766 0.0976562 0.412109 0.109375 0.412109 0.109375 0.431641 0.0859375 0.414062 0.0683594 0.394531 0.0683594 0.384766 0.0976562
0 0.332031 0.158203 0.304688 0.158203 0.271484 0.128906 0.285156 0.0683594 0.320312 0.0722656 0.341797 0.09375 0.345703 0.140625 0.332031 0.158203 0.332031 0.158203 0.330078 0.148438 0.337891 0.105469 0.320312 0.0839844 0.292969 0.0761719 0.294922 0.136719 0.330078 0.148438 0.330078 0.148438
0 0.691406 0.158203 0.65625 0.158203 0.638672 0.144531 0.646484 0.0859375 0.667969 0.0722656 0.722656 0.0761719 0.736328 0.0976562 0.732422 0.132812 0.691406 0.158203 0.691406 0.158203 0.689453 0.148438 0.728516 0.117188 0.724609 0.09375 0.703125 0.0800781 0.660156 0.0878906 0.646484 0.117188 0.652344 0.146484 0.689453 0.148438 0.689453 0.148438
0 0.814453 0.15625 0.814453 0.121094 0.824219 0.115234 0.847656 0.115234 0.857422 0.128906 0.857422 0.160156 0.839844 0.173828 0.839844 0.173828 0.814453 0.15625 0.822266 0.152344 0.837891 0.164062 0.837891 0.164062 0.849609 0.152344 0.839844 0.123047 0.822266 0.128906 0.822266 0.152344
0 0.554688 0.123047 0.59375 0.123047 0.634766 0.179688 0.634766 0.210938 0.59375 0.259766 0.59375 0.259766 0.566406 0.255859 0.533203 0.214844 0.525391 0.160156 0.554688 0.123047 0.558594 0.130859 0.533203 0.167969 0.541016 0.207031 0.558594 0.232422 0.591797 0.238281 0.591797 0.238281 0.611328 0.171875 0.59375 0.142578 0.558594 0.130859
0 0.339844 0.224609 0.345703 0.167969 0.40625 0.138672 0.457031 0.166016 0.458984 0.21875 0.433594 0.244141 0.433594 0.244141 0.339844 0.224609 0.347656 0.216797 0.427734 0.234375 0.427734 0.234375 0.455078 0.199219 0.441406 0.166016 0.398438 0.150391 0.349609 0.179688 0.347656 0.216797
0 0.00585938 0.234375 0.0117188 0.150391 0.0546875 0.162109 0.0683594 0.179688 0.0683594 0.210938 0.046875 0.240234 0.046875 0.240234 0.00585938 0.234375 0.0136719 0.230469 0.0410156 0.230469 0.0410156 0.230469 0.0605469 0.207031 0.0605469 0.1875 0.0429688 0.166016 0.0195312 0.162109 0.0136719 0.230469
0 0.833984 0.246094 0.871094 0.166016 0.917969 0.169922 0.943359 0.195312 0.931641 0.234375 0.898438 0.259766 0.898438 0.259766 0.855469 0.259766 0.833984 0.246094 0.841797 0.238281 0.880859 0.242188 0.880859 0.242188 0.919922 0.210938 0.917969 0.185547 0.871094 0.177734 0.861328 0.191406 0.841797 0.238281
0 0.71875 0.287109 0.693359 0.257812 0.693359 0.203125 0.730469 0.177734 0.773438 0.185547 0.787109 0.199219 0.791016 0.273438 0.773438 0.302734 0.773438 0.302734 0.71875 0.287109 0.722656 0.279297 0.767578 0.292969 0.767578 0.292969 0.783203 0.269531 0.783203 0.21875 0.769531 0.193359 0.738281 0.185547 0.701172 0.210938 0.701172 0.253906 0.722656 0.279297
0 0.539062 0.380859 0.503906 0.376953 0.482422 0.359375 0.492188 0.291016 0.501953 0.296875 0.490234 0.351562 0.511719 0.369141 0.535156 0.373047 0.556641 0.332031 0.505859 0.289062 0.53125 0.291016 0.560547 0.316406 0.560547 0.351562 0.539062 0.380859
0 0.675781 0.404297 0.634766 0.394531 0.630859 0.332031 0.683594 0.287109 0.71875 0.291016 0.720703 0.355469 0.675781 0.404297 0.675781 0.404297 0.673828 0.394531 0.708984 0.359375 0.710938 0.298828 0.675781 0.306641 0.646484 0.339844 0.654297 0.390625 0.673828 0.394531 0.673828 0.394531
0 0.328125 0.466797 0.255859 0.441406 0.244141 0.402344 0.253906 0.349609 0.283203 0.347656 0.251953 0.367188 0.269531 0.439453 0.320312 0.447266 0.330078 0.4375 0.326172 0.398438 0.289062 0.345703 0.337891 0.378906 0.345703 0.441406 0.328125 0.466797
0 0.974609 0.378906 0.982422 0.414062 0.966797 0.457031 0.921875 0.482422 0.921875 0.482422 0.867188 0.478516 0.861328 0.449219 0.880859 0.394531 0.945312 0.353516 0.974609 0.378906 0.966797 0.386719 0.945312 0.373047 0.925781 0.376953 0.876953 0.425781 0.869141 0.464844 0.878906 0.474609 0.916016 0.472656 0.916016 0.472656 0.945312 0.466797 0.970703 0.421875 0.966797 0.386719
0 0.480469 0.474609 0.451172 0.449219 0.443359 0.414062 0.453125 0.396484 0.501953 0.402344 0.525391 0.4375 0.515625 0.474609 0.515625 0.474609 0.480469 0.474609 0.488281 0.466797 0.509766 0.464844 0.509766 0.464844 0.517578 0.445312 0.498047 0.414062 0.460938 0.404297 0.455078 0.4375 0.488281 0.466797
0 0.357422 0.519531 0.353516 0.46875 0.40625 0.419922 0.427734 0.429688 0.435547 0.46875 0.419922 0.515625 0.398438 0.533203 0.398438 0.533203 0.371094 0.533203 0.357422 0.519531 0.365234 0.511719 0.392578 0.523438 0.392578 0.523438 0.423828 0.484375 0.427734 0.460938 0.414062 0.439453 0.390625 0.443359 0.361328 0.476562 0.365234 0.511719
0 0.560547 0.5 0.552734 0.453125 0.574219 0.423828 0.609375 0.419922 0.634766 0.449219 0.634766 0.480469 0.589844 0.517578 0.589844 0.517578 0.560547 0.5 0.568359 0.492188 0.591797 0.503906 0.591797 0.503906 0.626953 0.472656 0.619141 0.441406 0.601562 0.427734 0.582031 0.431641 0.560547 0.460938 0.568359 0.492188
0 0.666016 0.488281 0.662109 0.441406 0.671875 0.427734 0.71875 0.427734 0.748047 0.449219 0.740234 0.5 0.710938 0.513672 0.710938 0.513672 0.666016 0.488281 0.673828 0.480469 0.695312 0.498047 0.728516 0.496094 0.728516 0.496094 0.740234 0.476562 0.736328 0.449219 0.679688 0.435547 0.669922 0.449219 0.673828 0.480469
0 0.480469 0.529297 0.507812 0.537109 0.529297 0.566406 0.525391 0.597656 0.507812 0.607422 0.507812 0.607422 0.492188 0.607422 0.470703 0.585938 0.466797 0.546875 0.480469 0.529297 0.488281 0.537109 0.474609 0.558594 0.498047 0.582031 0.486328 0.589844 0.501953 0.597656 0.501953 0.597656 0.521484 0.574219 0.488281 0.537109
0 0.583984 0.601562 0.587891 0.550781 0.632812 0.533203 0.679688 0.537109 0.673828 0.585938 0.632812 0.615234 0.632812 0.615234 0.601562 0.615234 0.583984 0.601562 0.591797 0.59375 0.626953 0.605469 0.626953 0.605469 0.662109 0.585938 0.667969 0.541016 0.595703 0.558594 0.591797 0.59375
0 0.837891 0.597656 0.777344 0.638672 0.777344 0.638672 0.722656 0.619141 0.705078 0.578125 0.742188 0.541016 0.796875 0.533203 0.826172 0.554688 0.837891 0.597656 0.830078 0.59375 0.818359 0.5625 0.789062 0.541016 0.734375 0.556641 0.712891 0.585938 0.730469 0.611328 0.775391 0.628906 0.775391 0.628906 0.830078 0.59375
0 0.355469 0.626953 0.333984 0.597656 0.333984 0.574219 0.371094 0.544922 0.443359 0.558594 0.439453 0.59375 0.398438 0.626953 0.398438 0.626953 0.355469 0.626953 0.363281 0.619141 0.392578 0.617188 0.392578 0.617188 0.431641 0.585938 0.429688 0.560547 0.382812 0.556641 0.345703 0.574219 0.341797 0.589844 0.363281 0.619141
0 0.445312 0.654297 0.439453 0.628906 0.457031 0.615234 0.496094 0.619141 0.505859 0.636719 0.484375 0.654297 0.484375 0.654297 0.445312 0.654297 0.449219 0.646484 0.478516 0.644531 0.478516 0.644531 0.494141 0.632812 0.476562 0.623047 0.447266 0.636719 0.449219 0.646484
0 0.949219 0.619141 0.962891 0.640625 0.958984 0.679688 0.933594 0.697266 0.933594 0.697266 0.869141 0.683594 0.873047 0.652344 0.917969 0.619141 0.949219 0.619141 0.941406 0.626953 0.902344 0.638672 0.876953 0.667969 0.894531 0.685547 0.935547 0.683594 0.935547 0.683594 0.955078 0.664062 0.941406 0.626953
0 0.267578 0.652344 0.300781 0.626953 0.328125 0.626953 0.365234 0.667969 0.361328 0.722656 0.335938 0.736328 0.335938 0.736328 0.289062 0.732422 0.267578 0.6875 0.267578 0.652344 0.275391 0.660156 0.279297 0.695312 0.306641 0.726562 0.306641 0.726562 0.357422 0.703125 0.349609 0.660156 0.320312 0.634766 0.275391 0.660156
0 0.638672 0.691406 0.617188 0.716797 0.617188 0.716797 0.591797 0.707031 0.587891 0.671875 0.605469 0.646484 0.628906 0.642578 0.638672 0.691406 0.630859 0.683594 0.625 0.658203 0.609375 0.658203 0.599609 0.679688 0.599609 0.695312 0.615234 0.699219 0.615234 0.699219 0.630859 0.683594
0 0.861328 0.707031 0.835938 0.724609 0.835938 0.724609 0.816406 0.720703 0.791016 0.691406 0.787109 0.65625 0.796875 0.642578 0.841797 0.648438 0.861328 0.707031 0.853516 0.699219 0.845703 0.683594 0.824219 0.666016 0.800781 0.666016 0.802734 0.6875 0.828125 0.712891 0.841797 0.710938 0.841797 0.710938 0.853516 0.699219
0 0.726562 0.779297 0.697266 0.75 0.693359 0.707031 0.71875 0.666016 0.742188 0.666016 0.783203 0.714844 0.783203 0.761719 0.765625 0.783203 0.765625 0.783203 0.726562 0.779297 0.734375 0.771484 0.759766 0.773438 0.759766 0.773438 0.779297 0.734375 0.763672 0.699219 0.726562 0.673828 0.701172 0.714844 0.705078 0.742188 0.734375 0.771484
0 0.53125 0.681641 0.556641 0.703125 0.546875 0.751953 0.546875 0.751953 0.519531 0.751953 0.505859 0.738281 0.505859 0.714844 0.53125 0.681641 0.535156 0.689453 0.513672 0.730469 0.541016 0.742188 0.541016 0.742188 0.548828 0.707031 0.535156 0.689453
0 0.210938 0.767578 0.193359 0.765625 0.201172 0.710938 0.246094 0.701172 0.248047 0.742188 0.210938 0.767578 0.210938 0.767578 0.205078 0.757812 0.244141 0.730469 0.234375 0.716797 0.205078 0.730469 0.205078 0.757812 0.205078 0.757812
0 0.128906 0.822266 0.0742188 0.814453 0.0332031 0.757812 0.0976562 0.814453 0.136719 0.810547 0.158203 0.792969 0.150391 0.757812 0.117188 0.732422 0.0664062 0.732422 0.0429688 0.755859 0.0585938 0.724609 0.132812 0.724609 0.166016 0.761719 0.166016 0.800781 0.128906 0.822266
0 0.361328 0.757812 0.378906 0.728516 0.449219 0.720703 0.474609 0.738281 0.462891 0.742188 0.466797 0.777344 0.433594 0.822266 0.433594 0.822266 0.394531 0.818359 0.365234 0.796875 0.361328 0.757812 0.369141 0.765625 0.376953 0.796875 0.427734 0.8125 0.427734 0.8125 0.462891 0.757812 0.445312 0.736328 0.386719 0.736328 0.369141 0.765625
0 0.587891 0.769531 0.605469 0.744141 0.652344 0.732422 0.654297 0.804688 0.625 0.830078 0.625 0.830078 0.595703 0.824219 0.587891 0.769531 0.595703 0.777344 0.599609 0.8125 0.615234 0.816406 0.615234 0.816406 0.650391 0.777344 0.632812 0.744141 0.595703 0.777344
0 0.910156 0.736328 0.927734 0.746094 0.927734 0.773438 0.919922 0.800781 0.894531 0.818359 0.894531 0.818359 0.857422 0.8125 0.861328 0.769531 0.878906 0.744141 0.910156 0.736328 0.90625 0.744141 0.869141 0.777344 0.873047 0.808594 0.888672 0.808594 0.888672 0.808594 0.916016 0.78125 0.919922 0.753906 0.90625 0.744141
0 0.988281 0.861328 0.966797 0.828125 0.962891 0.785156 0.996094 0.755859 0.978516 0.796875 0.982422 0.839844 0.998047 0.851562 0.988281 0.861328
0 0.361328 0.8125 0.361328 0.847656 0.347656 0.869141 0.347656 0.869141 0.324219 0.865234 0.298828 0.824219 0.320312 0.779297 0.339844 0.783203 0.361328 0.8125 0.353516 0.820312 0.328125 0.791016 0.310547 0.828125 0.320312 0.841797 0.341797 0.84375 0.341797 0.84375 0.353516 0.820312
0 0.931641 0.882812 0.923828 0.917969 0.90625 0.935547 0.90625 0.935547 0.875 0.931641 0.845703 0.886719 0.845703 0.863281 0.882812 0.830078 0.931641 0.882812 0.923828 0.886719 0.882812 0.849609 0.853516 0.878906 0.873047 0.914062 0.900391 0.925781 0.900391 0.925781 0.923828 0.886719
0 0.173828 0.929688 0.207031 0.849609 0.28125 0.849609 0.298828 0.875 0.302734 0.902344 0.261719 0.951172 0.261719 0.951172 0.226562 0.951172 0.173828 0.929688 0.181641 0.921875 0.255859 0.941406 0.255859 0.941406 0.294922 0.886719 0.269531 0.865234 0.21875 0.857422 0.181641 0.921875
0 0.630859 0.925781 0.626953 0.867188 0.648438 0.841797 0.679688 0.845703 0.724609 0.875 0.707031 0.966797 0.707031 0.966797 0.679688 0.962891 0.630859 0.925781 0.642578 0.921875 0.697266 0.953125 0.697266 0.953125 0.701172 0.886719 0.65625 0.853516 0.642578 0.878906 0.642578 0.921875
0 0.511719 0.935547 0.494141 0.917969 0.486328 0.882812 0.5 0.865234 0.550781 0.861328 0.564453 0.871094 0.580078 0.90625 0.554688 0.935547 0.554688 0.935547 0.511719 0.935547 0.519531 0.927734 0.548828 0.925781 0.548828 0.925781 0.568359 0.910156 0.568359 0.894531 0.550781 0.873047 0.523438 0.869141 0.501953 0.910156 0.519531 0.927734
0 0.447266 0.875 0.458984 0.921875 0.443359 0.957031 0.410156 0.986328 0.410156 0.986328 0.367188 0.982422 0.353516 0.929688 0.378906 0.884766 0.425781 0.865234 0.447266 0.875 0.433594 0.876953 0.394531 0.896484 0.369141 0.933594 0.375 0.966797 0.408203 0.964844 0.408203 0.964844 0.447266 0.914062 0.433594 0.876953
0 0.755859 0.945312 0.755859 0.886719 0.769531 0.869141 0.796875 0.873047 0.826172 0.917969 0.820312 0.982422 0.820312 0.982422 0.796875 0.982422 0.755859 0.945312 0.763672 0.9375 0.806641 0.972656 0.806641 0.972656 0.814453 0.921875 0.777344 0.876953 0.763672 0.894531 0.763672 0.9375
0 0.996094 0.955078 0.972656 0.951172 0.958984 0.933594 0.955078 0.898438 0.980469 0.884766 0.998047 0.890625 0.974609 0.90625 0.974609 0.941406 0.996094 0.955078
0 0.621094 0.998047 0.585938 0.966797 0.554688 0.966797 0.53125 0.998047 0.515625 0.998047 0.513672 0.984375 0.550781 0.958984 0.59375 0.958984 0.619141 0.980469 0.621094 0.998047
0 0.925781 0.998047 0.90625 0.974609 0.878906 0.978516 0.863281 0.998047 0.853516 0.992188 0.886719 0.958984 0.90625 0.958984 0.923828 0.976562 0.925781 0.998047
