0 0.400391 0.0742188 0.431641 0.00390625 0.476562 0 0.521484 0.0273438 0.525391 0.0507812 0.517578 0.078125 0.457031 0.134766 0.457031 0.134766 0.4375 0.134766 0.412109 0.113281 0.400391 0.0742188 0.408203 0.078125 0.423828 0.113281 0.455078 0.125 0.455078 0.125 0.513672 0.0664062 0.513672 0.0351562 0.460938 0.00195312 0.423828 0.03125 0.408203 0.078125
0 0.589844 0.0136719 0.564453 0 0.646484 0 0.589844 0.0136719
0 0.769531 0.00585938 0.724609 0 0.783203 0 0.769531 0.00585938
0 0.279297 0.0859375 0.271484 0.0390625 0.292969 0.00976562 0.351562 0.0214844 0.380859 0.046875 0.380859 0.101562 0.367188 0.123047 0.367188 0.123047 0.335938 0.119141 0.279297 0.0859375 0.287109 0.078125 0.357422 0.113281 0.357422 0.113281 0.365234 0.046875 0.300781 0.0175781 0.279297 0.046875 0.287109 0.078125
0 0.576172 0.113281 0.564453 0.0703125 0.578125 0.0488281 0.609375 0.0410156 0.638672 0.0585938 0.642578 0.109375 0.632812 0.123047 0.632812 0.123047 0.576172 0.113281 0.583984 0.105469 0.626953 0.113281 0.626953 0.113281 0.630859 0.0664062 0.601562 0.0488281 0.585938 0.0566406 0.583984 0.105469
0 0.662109 0.101562 0.669922 0.0625 0.703125 0.0410156 0.720703 0.0507812 0.732422 0.0898438 0.732422 0.113281 0.707031 0.138672 0.707031 0.138672 0.679688 0.138672 0.662109 0.101562 0.669922 0.0976562 0.681641 0.125 0.701172 0.128906 0.701172 0.128906 0.716797 0.113281 0.712891 0.0820312 0.6875 0.0605469 0.669922 0.0976562
0 0.953125 0.150391 0.916016 0.144531 0.908203 0.0625 0.976562 0.0371094 0.998047 0.0546875 0.996094 0.0683594 0.96875 0.0449219 0.916016 0.0703125 0.925781 0.142578 0.960938 0.138672 0.998047 0.109375 0.980469 0.138672 0.953125 0.150391
0 0.210938 0.166016 0.183594 0.162109 0.154297 0.113281 0.160156 0.103516 0.195312 0.158203 0.220703 0.144531 0.228516 0.0976562 0.210938 0.0761719 0.1875 0.0683594 0.162109 0.101562 0.1875 0.0566406 0.21875 0.0683594 0.236328 0.0898438 0.232422 0.144531 0.210938 0.166016
0 0.0976562 0.193359 0.078125 0.193359 0.0605469 0.167969 0.0605469 0.128906 0.0859375 0.107422 0.115234 0.125 0.115234 0.171875 0.0976562 0.193359 0.0976562 0.193359 0.0957031 0.183594 0.107422 0.132812 0.0820312 0.119141 0.0683594 0.160156 0.0859375 0.185547 0.0957031 0.183594 0.0957031 0.183594
0 0.761719 0.115234 0.800781 0.115234 0.830078 0.140625 0.837891 0.191406 0.8125 0.212891 0.8125 0.212891 0.785156 0.212891 0.755859 0.183594 0.751953 0.125 0.761719 0.115234 0.765625 0.123047 0.763672 0.175781 0.792969 0.205078 0.810547 0.203125 0.810547 0.203125 0.810547 0.136719 0.792969 0.123047 0.765625 0.123047
0 0.554688 0.212891 0.46875 0.201172 0.466797 0.160156 0.496094 0.138672 0.574219 0.146484 0.583984 0.179688 0.554688 0.212891 0.554688 0.212891 0.552734 0.203125 0.576172 0.171875 0.566406 0.154297 0.507812 0.146484 0.474609 0.167969 0.480469 0.197266 0.552734 0.203125 0.552734 0.203125
0 0.332031 0.158203 0.341797 0.171875 0.3125 0.216797 0.3125 0.216797 0.283203 0.195312 0.300781 0.154297 0.332031 0.158203 0.324219 0.166016 0.304688 0.166016 0.291016 0.183594 0.300781 0.205078 0.314453 0.203125 0.314453 0.203125 0.330078 0.183594 0.324219 0.166016
0 0.734375 0.193359 0.759766 0.210938 0.771484 0.265625 0.757812 0.279297 0.757812 0.279297 0.707031 0.275391 0.693359 0.261719 0.685547 0.214844 0.695312 0.201172 0.734375 0.193359 0.730469 0.201172 0.703125 0.208984 0.697266 0.25 0.714844 0.267578 0.751953 0.269531 0.751953 0.269531 0.763672 0.257812 0.755859 0.222656 0.730469 0.201172
0 0.238281 0.208984 0.259766 0.238281 0.259766 0.273438 0.214844 0.318359 0.214844 0.318359 0.185547 0.308594 0.173828 0.261719 0.1875 0.228516 0.238281 0.208984 0.230469 0.216797 0.185547 0.257812 0.189453 0.292969 0.208984 0.308594 0.208984 0.308594 0.251953 0.265625 0.248047 0.234375 0.230469 0.216797
0 0.996094 0.353516 0.974609 0.34375 0.931641 0.285156 0.931641 0.257812 0.964844 0.212891 0.998047 0.222656 0.972656 0.224609 0.947266 0.25 0.939453 0.277344 0.982422 0.335938 0.998047 0.339844 0.996094 0.353516
0 0.283203 0.347656 0.279297 0.28125 0.300781 0.255859 0.382812 0.228516 0.404297 0.273438 0.396484 0.332031 0.382812 0.349609 0.371094 0.341797 0.324219 0.369141 0.324219 0.369141 0.296875 0.365234 0.283203 0.347656 0.291016 0.339844 0.318359 0.359375 0.318359 0.359375 0.351562 0.349609 0.369141 0.324219 0.373047 0.257812 0.359375 0.244141 0.308594 0.263672 0.287109 0.289062 0.291016 0.339844
0 0.816406 0.314453 0.771484 0.308594 0.775391 0.273438 0.808594 0.244141 0.837891 0.257812 0.837891 0.289062 0.816406 0.314453 0.816406 0.314453 0.814453 0.304688 0.830078 0.265625 0.808594 0.255859 0.779297 0.300781 0.814453 0.304688 0.814453 0.304688
0 0.0273438 0.357422 0 0.351562 0.0429688 0.341797 0.0605469 0.3125 0.0273438 0.267578 0 0.291016 0 0.269531 0.0429688 0.259766 0.0644531 0.289062 0.0683594 0.324219 0.0507812 0.349609 0.0273438 0.357422
0 0.449219 0.361328 0.416016 0.328125 0.46875 0.255859 0.511719 0.263672 0.541016 0.289062 0.525391 0.347656 0.492188 0.365234 0.492188 0.365234 0.449219 0.361328 0.449219 0.349609 0.482422 0.351562 0.482422 0.351562 0.517578 0.328125 0.525391 0.296875 0.511719 0.275391 0.476562 0.267578 0.435547 0.3125 0.449219 0.349609
0 0.140625 0.443359 0.115234 0.410156 0.107422 0.355469 0.125 0.318359 0.199219 0.322266 0.216797 0.347656 0.216797 0.410156 0.179688 0.443359 0.179688 0.443359 0.140625 0.443359 0.148438 0.435547 0.173828 0.433594 0.173828 0.433594 0.208984 0.402344 0.208984 0.355469 0.191406 0.330078 0.148438 0.326172 0.119141 0.355469 0.119141 0.390625 0.148438 0.435547
0 0.808594 0.400391 0.767578 0.390625 0.769531 0.333984 0.802734 0.347656 0.808594 0.400391 0.808594 0.400391 0.802734 0.390625 0.798828 0.359375 0.777344 0.345703 0.775391 0.375 0.802734 0.390625 0.802734 0.390625
0 0.941406 0.455078 0.902344 0.455078 0.861328 0.429688 0.865234 0.402344 0.90625 0.353516 0.945312 0.353516 0.986328 0.371094 0.990234 0.40625 0.978516 0.429688 0.941406 0.455078 0.941406 0.455078 0.939453 0.445312 0.966797 0.429688 0.982422 0.386719 0.953125 0.365234 0.914062 0.361328 0.869141 0.421875 0.898438 0.443359 0.939453 0.445312 0.939453 0.445312
0 0.519531 0.505859 0.498047 0.492188 0.486328 0.46875 0.486328 0.410156 0.5 0.392578 0.558594 0.384766 0.591797 0.398438 0.607422 0.460938 0.603516 0.480469 0.570312 0.505859 0.570312 0.505859 0.519531 0.505859 0.523438 0.498047 0.568359 0.496094 0.568359 0.496094 0.595703 0.472656 0.591797 0.417969 0.550781 0.392578 0.507812 0.400391 0.494141 0.414062 0.501953 0.480469 0.523438 0.498047
0 0 0.464844 0.0234375 0.443359 0.0820312 0.439453 0.126953 0.472656 0.126953 0.492188 0.09375 0.525391 0.09375 0.525391 0.03125 0.521484 0 0.492188 0 0.464844 0.00585938 0.472656 0.015625 0.494141 0.0546875 0.513672 0.0761719 0.511719 0.0761719 0.511719 0.101562 0.505859 0.119141 0.480469 0.0585938 0.451172 0.03125 0.451172 0.00585938 0.472656
0 0.738281 0.580078 0.707031 0.580078 0.681641 0.558594 0.662109 0.53125 0.660156 0.498047 0.703125 0.482422 0.744141 0.492188 0.767578 0.523438 0.767578 0.554688 0.738281 0.580078 0.738281 0.580078 0.736328 0.570312 0.755859 0.558594 0.759766 0.53125 0.734375 0.505859 0.703125 0.498047 0.666016 0.515625 0.707031 0.568359 0.736328 0.570312 0.736328 0.570312
0 0.552734 0.527344 0.548828 0.578125 0.535156 0.595703 0.535156 0.595703 0.476562 0.595703 0.443359 0.574219 0.472656 0.509766 0.527344 0.513672 0.552734 0.527344 0.541016 0.53125 0.484375 0.525391 0.470703 0.578125 0.521484 0.582031 0.521484 0.582031 0.541016 0.53125
0 0.824219 0.673828 0.779297 0.644531 0.802734 0.574219 0.851562 0.544922 0.914062 0.552734 0.927734 0.578125 0.923828 0.628906 0.875 0.673828 0.875 0.673828 0.824219 0.673828 0.828125 0.666016 0.873047 0.664062 0.873047 0.664062 0.912109 0.628906 0.919922 0.585938 0.914062 0.564453 0.855469 0.552734 0.806641 0.585938 0.787109 0.636719 0.828125 0.666016
0 0.179688 0.646484 0.128906 0.642578 0.115234 0.609375 0.125 0.599609 0.123047 0.621094 0.144531 0.638672 0.191406 0.630859 0.220703 0.601562 0.203125 0.583984 0.134766 0.585938 0.203125 0.572266 0.228516 0.59375 0.228516 0.609375 0.179688 0.646484
0 0.0429688 0.662109 0 0.654297 0 0.644531 0.0429688 0.650391 0.0644531 0.625 0.0351562 0.599609 0 0.591797 0 0.580078 0.0722656 0.617188 0.0722656 0.636719 0.0429688 0.662109
0 0.378906 0.658203 0.357422 0.632812 0.357422 0.609375 0.386719 0.576172 0.402344 0.576172 0.431641 0.609375 0.417969 0.658203 0.417969 0.658203 0.378906 0.658203 0.386719 0.650391 0.412109 0.648438 0.412109 0.648438 0.412109 0.617188 0.378906 0.595703 0.365234 0.625 0.386719 0.650391
0 0.621094 0.697266 0.554688 0.662109 0.544922 0.621094 0.585938 0.591797 0.636719 0.583984 0.681641 0.632812 0.689453 0.667969 0.621094 0.697266 0.621094 0.697266 0.619141 0.6875 0.675781 0.669922 0.677734 0.652344 0.640625 0.607422 0.609375 0.599609 0.566406 0.619141 0.552734 0.644531 0.619141 0.6875 0.619141 0.6875
0 0.322266 0.683594 0.318359 0.726562 0.296875 0.755859 0.296875 0.755859 0.28125 0.755859 0.244141 0.71875 0.255859 0.675781 0.28125 0.646484 0.322266 0.683594 0.314453 0.691406 0.28125 0.662109 0.255859 0.714844 0.291016 0.746094 0.291016 0.746094 0.314453 0.691406
0 0.128906 0.658203 0.160156 0.658203 0.208984 0.691406 0.220703 0.730469 0.167969 0.763672 0.167969 0.763672 0.117188 0.763672 0.0996094 0.75 0.09375 0.677734 0.128906 0.658203 0.136719 0.666016 0.103516 0.6875 0.103516 0.730469 0.113281 0.751953 0.162109 0.753906 0.162109 0.753906 0.212891 0.722656 0.183594 0.681641 0.136719 0.666016
0 0.681641 0.800781 0.693359 0.714844 0.730469 0.685547 0.800781 0.685547 0.798828 0.777344 0.777344 0.802734 0.710938 0.822266 0.710938 0.822266 0.695312 0.822266 0.681641 0.800781 0.689453 0.796875 0.710938 0.810547 0.740234 0.808594 0.740234 0.808594 0.769531 0.794922 0.794922 0.761719 0.792969 0.693359 0.734375 0.693359 0.701172 0.722656 0.689453 0.796875
0 0.351562 0.830078 0.330078 0.789062 0.333984 0.71875 0.355469 0.701172 0.388672 0.707031 0.408203 0.761719 0.404297 0.789062 0.375 0.830078 0.375 0.830078 0.351562 0.830078 0.359375 0.822266 0.369141 0.820312 0.369141 0.820312 0.400391 0.769531 0.375 0.708984 0.355469 0.712891 0.341797 0.742188 0.341797 0.792969 0.359375 0.822266
0 0.925781 0.705078 0.935547 0.722656 0.927734 0.773438 0.898438 0.806641 0.871094 0.814453 0.871094 0.814453 0.84375 0.810547 0.833984 0.796875 0.841797 0.734375 0.863281 0.708984 0.925781 0.705078 0.917969 0.712891 0.890625 0.708984 0.853516 0.730469 0.845703 0.796875 0.865234 0.804688 0.865234 0.804688 0.886719 0.802734 0.916016 0.773438 0.927734 0.730469 0.917969 0.712891
0 0.998047 0.71875 0.988281 0.759766 0.988281 0.759766 0.958984 0.75 0.960938 0.716797 0.998047 0.71875 0.988281 0.724609 0.962891 0.730469 0.972656 0.748047 0.990234 0.746094 0.990234 0.746094 0.988281 0.724609
0 0.589844 0.841797 0.556641 0.8125 0.554688 0.720703 0.605469 0.720703 0.646484 0.75 0.650391 0.820312 0.640625 0.841797 0.640625 0.841797 0.589844 0.841797 0.597656 0.833984 0.634766 0.832031 0.634766 0.832031 0.638672 0.757812 0.597656 0.728516 0.566406 0.732422 0.560547 0.800781 0.597656 0.833984
0 0.236328 0.800781 0.224609 0.777344 0.234375 0.740234 0.253906 0.740234 0.275391 0.761719 0.279297 0.800781 0.269531 0.810547 0.269531 0.810547 0.236328 0.800781 0.244141 0.792969 0.263672 0.800781 0.263672 0.800781 0.267578 0.769531 0.242188 0.748047 0.232422 0.769531 0.244141 0.792969
0 0.935547 0.820312 0.953125 0.794922 0.976562 0.787109 0.994141 0.832031 0.96875 0.869141 0.96875 0.869141 0.943359 0.859375 0.935547 0.820312 0.943359 0.824219 0.951172 0.851562 0.970703 0.855469 0.970703 0.855469 0.982422 0.835938 0.972656 0.798828 0.943359 0.824219
0 0.292969 0.861328 0.275391 0.847656 0.28125 0.810547 0.296875 0.806641 0.333984 0.835938 0.333984 0.855469 0.320312 0.861328 0.320312 0.861328 0.292969 0.861328 0.296875 0.853516 0.314453 0.851562 0.314453 0.851562 0.326172 0.84375 0.289062 0.818359 0.283203 0.839844 0.296875 0.853516
0 0.263672 0.835938 0.263672 0.863281 0.25 0.880859 0.25 0.880859 0.230469 0.880859 0.220703 0.867188 0.220703 0.835938 0.234375 0.818359 0.263672 0.835938 0.255859 0.839844 0.238281 0.830078 0.228516 0.855469 0.244141 0.871094 0.244141 0.871094 0.255859 0.839844
0 0.808594 0.822266 0.855469 0.826172 0.861328 0.851562 0.828125 0.876953 0.828125 0.876953 0.789062 0.873047 0.779297 0.839844 0.808594 0.822266 0.8125 0.830078 0.787109 0.847656 0.789062 0.861328 0.822266 0.867188 0.822266 0.867188 0.853516 0.84375 0.847656 0.833984 0.8125 0.830078
0 0.0429688 0.833984 0.0859375 0.853516 0.103516 0.894531 0.0683594 0.945312 0.0390625 0.958984 0.0390625 0.958984 0.00976562 0.914062 0.00585938 0.882812 0.0429688 0.833984 0.0429688 0.845703 0.0136719 0.894531 0.0371094 0.945312 0.0488281 0.945312 0.0488281 0.945312 0.0839844 0.914062 0.0917969 0.878906 0.0664062 0.849609 0.0429688 0.845703
0 0.679688 0.974609 0.626953 0.960938 0.607422 0.925781 0.611328 0.890625 0.65625 0.861328 0.746094 0.873047 0.759766 0.902344 0.744141 0.933594 0.679688 0.974609 0.679688 0.974609 0.677734 0.964844 0.71875 0.943359 0.744141 0.914062 0.751953 0.894531 0.734375 0.876953 0.664062 0.869141 0.615234 0.902344 0.626953 0.945312 0.648438 0.962891 0.677734 0.964844 0.677734 0.964844
0 0.333984 0.914062 0.304688 0.962891 0.304688 0.962891 0.267578 0.953125 0.255859 0.898438 0.28125 0.876953 0.324219 0.873047 0.333984 0.878906 0.333984 0.914062 0.326172 0.910156 0.316406 0.880859 0.267578 0.898438 0.271484 0.941406 0.298828 0.953125 0.298828 0.953125 0.326172 0.910156
0 0.367188 0.873047 0.398438 0.876953 0.423828 0.902344 0.416016 0.929688 0.394531 0.939453 0.394531 0.939453 0.353516 0.917969 0.353516 0.886719 0.367188 0.873047 0.371094 0.880859 0.361328 0.910156 0.392578 0.929688 0.392578 0.929688 0.416016 0.90625 0.371094 0.880859
0 0.863281 0.958984 0.841797 0.933594 0.837891 0.914062 0.855469 0.880859 0.904297 0.90625 0.908203 0.949219 0.894531 0.958984 0.894531 0.958984 0.863281 0.958984 0.871094 0.951172 0.888672 0.949219 0.888672 0.949219 0.900391 0.921875 0.863281 0.888672 0.849609 0.925781 0.871094 0.951172
0 0.570312 0.998047 0.519531 0.923828 0.494141 0.933594 0.494141 0.96875 0.509766 0.996094 0.5 0.998047 0.478516 0.949219 0.482422 0.925781 0.492188 0.916016 0.539062 0.919922 0.568359 0.953125 0.570312 0.998047
0 0.207031 0.998047 0.183594 0.958984 0.150391 0.980469 0.148438 0.998047 0.142578 0.976562 0.164062 0.951172 0.191406 0.951172 0.205078 0.964844 0.207031 0.998047
0 0.976562 0.998047 0.941406 0.978516 0.904297 0.996094 0.925781 0.970703 0.949219 0.970703 0.976562 0.998047
0 0.386719 0.998047 0.347656 0.982422 0.314453 0.992188 0.332031 0.974609 0.355469 0.974609 0.386719 0.998047
0 0.445312 0.998047 0.427734 0.992188 0.445312 0.998047
