0 0.152344 0.142578 0.101562 0.134766 0.0722656 0.113281 0.0527344 0.0664062 0.0585938 0 0.0957031 0 0.0800781 0.0390625 0.0878906 0.0625 0.109375 0.0878906 0.140625 0.0996094 0.167969 0.0957031 0.185547 0.078125 0.189453 0.0429688 0.162109 0 0.201172 0.0078125 0.216797 0.0625 0.205078 0.113281 0.152344 0.142578
0 0.753906 0.0449219 0.71875 0.0332031 0.685547 0 0.71875 0 0.734375 0.0136719 0.810547 0 0.753906 0.0449219
0 0.996094 0.173828 0.962891 0.144531 0.943359 0.09375 0.951172 0.0625 0.957031 0.0683594 0.988281 0.0371094 0.998047 0.0703125 0.966797 0.09375 0.982422 0.128906 0.998047 0.136719 0.996094 0.173828
0 0.015625 0.357422 0 0.351562 0 0.328125 0.0234375 0.330078 0.0410156 0.3125 0.0488281 0.246094 0.0371094 0.199219 0 0.171875 0.00390625 0.146484 0.0488281 0.167969 0.0722656 0.230469 0.0605469 0.332031 0.015625 0.357422
0 0.890625 0.193359 0.960938 0.201172 0.994141 0.234375 0.982422 0.292969 0.929688 0.349609 0.890625 0.365234 0.890625 0.365234 0.822266 0.320312 0.826172 0.265625 0.890625 0.193359 0.890625 0.220703 0.845703 0.289062 0.855469 0.318359 0.904297 0.335938 0.904297 0.335938 0.962891 0.273438 0.966797 0.242188 0.945312 0.224609 0.890625 0.220703
0 0.458984 0.375 0.439453 0.355469 0.439453 0.316406 0.464844 0.263672 0.570312 0.228516 0.65625 0.228516 0.720703 0.269531 0.712891 0.339844 0.632812 0.447266 0.632812 0.447266 0.570312 0.447266 0.53125 0.427734 0.511719 0.435547 0.458984 0.410156 0.458984 0.375 0.482422 0.363281 0.492188 0.404297 0.626953 0.417969 0.626953 0.417969 0.689453 0.320312 0.691406 0.279297 0.601562 0.251953 0.478516 0.289062 0.466797 0.347656 0.482422 0.363281
0 0.820312 0.501953 0.779297 0.476562 0.791016 0.40625 0.832031 0.376953 0.855469 0.388672 0.90625 0.388672 0.939453 0.429688 0.929688 0.462891 0.863281 0.505859 0.863281 0.505859 0.820312 0.501953 0.820312 0.474609 0.869141 0.476562 0.869141 0.476562 0.902344 0.458984 0.912109 0.433594 0.886719 0.408203 0.824219 0.416016 0.806641 0.460938 0.820312 0.474609
0 0.597656 0.638672 0.566406 0.630859 0.533203 0.597656 0.529297 0.550781 0.513672 0.53125 0.517578 0.488281 0.501953 0.480469 0.515625 0.462891 0.574219 0.470703 0.634766 0.523438 0.626953 0.601562 0.597656 0.638672 0.597656 0.638672 0.595703 0.613281 0.603516 0.527344 0.585938 0.505859 0.542969 0.498047 0.541016 0.527344 0.564453 0.597656 0.595703 0.613281 0.595703 0.613281
0 0.324219 0.474609 0.353516 0.503906 0.349609 0.574219 0.337891 0.582031 0.345703 0.589844 0.265625 0.693359 0.265625 0.693359 0.210938 0.685547 0.181641 0.65625 0.173828 0.546875 0.21875 0.486328 0.277344 0.470703 0.324219 0.474609 0.316406 0.498047 0.238281 0.505859 0.205078 0.542969 0.205078 0.640625 0.214844 0.658203 0.251953 0.664062 0.251953 0.664062 0.279297 0.640625 0.326172 0.558594 0.330078 0.527344 0.316406 0.498047
0 0.777344 0.560547 0.734375 0.576172 0.734375 0.576172 0.6875 0.572266 0.662109 0.53125 0.677734 0.488281 0.714844 0.470703 0.742188 0.478516 0.791016 0.523438 0.777344 0.560547 0.757812 0.544922 0.763672 0.535156 0.736328 0.515625 0.738281 0.505859 0.707031 0.501953 0.689453 0.53125 0.705078 0.550781 0.705078 0.550781 0.757812 0.544922
0 0.353516 0.652344 0.361328 0.578125 0.425781 0.513672 0.464844 0.529297 0.494141 0.578125 0.486328 0.65625 0.425781 0.712891 0.425781 0.712891 0.378906 0.697266 0.353516 0.652344 0.380859 0.652344 0.402344 0.681641 0.419922 0.683594 0.419922 0.683594 0.455078 0.660156 0.466797 0.636719 0.466797 0.578125 0.445312 0.548828 0.398438 0.572266 0.376953 0.613281 0.380859 0.652344
0 0.0371094 0.644531 0.0820312 0.572266 0.132812 0.564453 0.158203 0.589844 0.154297 0.648438 0.119141 0.699219 0.0898438 0.716797 0.0898438 0.716797 0.0449219 0.695312 0.0371094 0.644531 0.0605469 0.652344 0.0722656 0.683594 0.0878906 0.6875 0.0878906 0.6875 0.126953 0.648438 0.125 0.591797 0.0820312 0.611328 0.0605469 0.652344
0 0.742188 0.607422 0.775391 0.636719 0.779297 0.699219 0.755859 0.75 0.710938 0.787109 0.710938 0.787109 0.669922 0.765625 0.646484 0.671875 0.691406 0.619141 0.742188 0.607422 0.742188 0.634766 0.707031 0.642578 0.681641 0.683594 0.677734 0.714844 0.697266 0.757812 0.712891 0.757812 0.712891 0.757812 0.751953 0.703125 0.759766 0.664062 0.742188 0.634766
0 0.611328 0.638672 0.00390625 0.00390625
0 0.992188 0.802734 0.966797 0.785156 0.947266 0.730469 0.955078 0.675781 0.988281 0.642578 0.998047 0.644531 0.998047 0.671875 0.978516 0.6875 0.982422 0.707031 0.970703 0.714844 0.974609 0.746094 0.998047 0.773438 0.992188 0.802734
0 0.248047 0.78125 0.265625 0.708984 0.332031 0.701172 0.384766 0.765625 0.380859 0.808594 0.328125 0.830078 0.328125 0.830078 0.296875 0.830078 0.248047 0.78125 0.271484 0.773438 0.292969 0.794922 0.337891 0.800781 0.337891 0.800781 0.365234 0.785156 0.353516 0.765625 0.316406 0.732422 0.285156 0.732422 0.271484 0.773438
0 0.521484 0.847656 0.521484 0.75 0.539062 0.701172 0.609375 0.720703 0.626953 0.746094 0.634766 0.875 0.601562 0.912109 0.601562 0.912109 0.546875 0.896484 0.521484 0.847656 0.548828 0.847656 0.570312 0.880859 0.603516 0.882812 0.603516 0.882812 0.611328 0.800781 0.599609 0.75 0.554688 0.732422 0.548828 0.847656
0 0.0507812 0.830078 0 0.820312 0 0.771484 0.00585938 0.792969 0.0234375 0.802734 0.0566406 0.792969 0.03125 0.748047 0.0078125 0.744141 0 0.753906 0 0.720703 0.046875 0.720703 0.0800781 0.769531 0.0839844 0.792969 0.0507812 0.830078
0 0.00195312 0.767578 0.00390625 0.00390625
0 0.634766 0.779297 0.00390625 0.00390625
0 0.677734 0.867188 0.710938 0.802734 0.734375 0.798828 0.761719 0.814453 0.822266 0.867188 0.830078 0.925781 0.814453 0.980469 0.792969 0.998047 0.792969 0.998047 0.705078 0.996094 0.677734 0.867188 0.705078 0.871094 0.705078 0.898438 0.736328 0.988281 0.763672 0.988281 0.763672 0.988281 0.794922 0.957031 0.802734 0.886719 0.757812 0.845703 0.726562 0.833984 0.705078 0.871094
0 0.125 0.841797 0.181641 0.902344 0.173828 0.945312 0.140625 0.962891 0.140625 0.962891 0.078125 0.943359 0.0527344 0.910156 0.0605469 0.867188 0.0898438 0.841797 0.125 0.841797 0.113281 0.865234 0.09375 0.869141 0.0800781 0.914062 0.146484 0.933594 0.146484 0.933594 0.158203 0.921875 0.138672 0.898438 0.146484 0.894531 0.113281 0.865234
0 0.166016 0.958984 0.00390625 0.00390625
0 0.3125 0.998047 0.275391 0.996094 0.304688 0.986328 0.3125 0.998047
