0 0.138672 0.0625 0.150391 0.144531 0.128906 0.193359 0.128906 0.193359 0.0664062 0.185547 0.00195312 0.117188 0 0.046875 0.0195312 0.00195312 0.0898438 0.0175781 0.138672 0.0625 0.119141 0.078125 0.0703125 0.0371094 0.0351562 0.0292969 0.0136719 0.078125 0.0175781 0.09375 0.0742188 0.158203 0.115234 0.167969 0.115234 0.167969 0.119141 0.078125
0 0.640625 0.130859 0.601562 0.126953 0.544922 0.0859375 0.529297 0.0625 0.523438 0 0.556641 0 0.548828 0.015625 0.560547 0.0585938 0.613281 0.103516 0.638672 0.0898438 0.638672 0.0351562 0.601562 0.00585938 0.564453 0 0.646484 0.00390625 0.666016 0.0390625 0.666016 0.101562 0.640625 0.130859
0 0.71875 0.0605469 0.693359 0.0585938 0.677734 0 0.703125 0 0.710938 0.0332031 0.75 0 0.773438 0 0.755859 0.0351562 0.71875 0.0605469
0 0.859375 0.0175781 0.818359 0 0.888672 0 0.859375 0.0175781
0 0.984375 0.158203 0.929688 0.146484 0.896484 0.105469 0.888672 0.046875 0.921875 0.00195312 0.957031 0.00195312 0.998047 0.0390625 0.996094 0.0917969 0.945312 0.0253906 0.919922 0.0390625 0.912109 0.0664062 0.941406 0.123047 0.96875 0.134766 0.998047 0.128906 0.998047 0.148438 0.984375 0.158203
0 0.556641 0.0136719 0.00390625 0.00390625
0 0.296875 0.185547 0.263672 0.167969 0.232422 0.109375 0.232422 0.078125 0.265625 0.0449219 0.34375 0.0292969 0.412109 0.0703125 0.423828 0.0898438 0.416016 0.152344 0.367188 0.193359 0.367188 0.193359 0.296875 0.185547 0.304688 0.162109 0.357422 0.164062 0.357422 0.164062 0.392578 0.140625 0.400391 0.113281 0.367188 0.0683594 0.359375 0.0761719 0.332031 0.0644531 0.285156 0.0996094 0.263672 0.0976562 0.285156 0.150391 0.304688 0.162109
0 0.146484 0.0722656 0.00390625 0.00390625
0 0.708984 0.136719 0.738281 0.0917969 0.8125 0.0800781 0.841797 0.125 0.830078 0.15625 0.777344 0.205078 0.777344 0.205078 0.761719 0.205078 0.71875 0.169922 0.708984 0.136719 0.736328 0.136719 0.736328 0.148438 0.771484 0.175781 0.771484 0.175781 0.814453 0.132812 0.804688 0.107422 0.757812 0.115234 0.736328 0.136719
0 0.111328 0.166016 0.00390625 0.00390625
0 0.916016 0.246094 0.912109 0.285156 0.863281 0.318359 0.863281 0.318359 0.814453 0.28125 0.798828 0.253906 0.806641 0.207031 0.832031 0.189453 0.867188 0.193359 0.916016 0.246094 0.892578 0.25 0.839844 0.216797 0.826172 0.226562 0.826172 0.253906 0.861328 0.285156 0.861328 0.285156 0.888672 0.273438 0.892578 0.25
0 0.242188 0.380859 0.175781 0.369141 0.154297 0.3125 0.181641 0.246094 0.238281 0.216797 0.287109 0.230469 0.322266 0.3125 0.304688 0.349609 0.242188 0.380859 0.242188 0.380859 0.244141 0.355469 0.261719 0.353516 0.294922 0.316406 0.275391 0.257812 0.246094 0.244141 0.207031 0.259766 0.181641 0.292969 0.189453 0.339844 0.244141 0.355469 0.244141 0.355469
0 0.880859 0.275391 0.00390625 0.00390625
0 0.101562 0.318359 0.142578 0.378906 0.138672 0.421875 0.117188 0.439453 0.078125 0.447266 0.078125 0.447266 0.0253906 0.40625 0.0175781 0.382812 0.0175781 0.347656 0.0585938 0.302734 0.101562 0.318359 0.0859375 0.337891 0.0585938 0.330078 0.0449219 0.351562 0.0488281 0.386719 0.078125 0.412109 0.103516 0.414062 0.103516 0.414062 0.115234 0.40625 0.103516 0.359375 0.0859375 0.337891
0 0.0683594 0.337891 0.00390625 0.00390625
0 0.130859 0.349609 0.00390625 0.00390625
0 0.837891 0.349609 0.00390625 0.00390625
0 0.779297 0.507812 0.763672 0.453125 0.771484 0.414062 0.798828 0.378906 0.855469 0.345703 0.894531 0.365234 0.927734 0.402344 0.923828 0.457031 0.878906 0.513672 0.820312 0.537109 0.820312 0.537109 0.779297 0.507812 0.802734 0.5 0.845703 0.503906 0.845703 0.503906 0.888672 0.464844 0.904297 0.421875 0.878906 0.384766 0.851562 0.376953 0.810547 0.402344 0.791016 0.441406 0.802734 0.5
0 0.236328 0.388672 0.00390625 0.00390625
0 0 0.556641 0 0.423828 0.0253906 0.464844 0.0214844 0.523438 0 0.556641
0 0.267578 0.492188 0.267578 0.53125 0.21875 0.572266 0.21875 0.572266 0.175781 0.556641 0.150391 0.515625 0.142578 0.480469 0.179688 0.451172 0.238281 0.455078 0.267578 0.492188 0.244141 0.496094 0.226562 0.478516 0.183594 0.478516 0.173828 0.488281 0.189453 0.515625 0.181641 0.519531 0.195312 0.537109 0.220703 0.542969 0.220703 0.542969 0.244141 0.496094
0 0.996094 0.724609 0.966797 0.671875 0.970703 0.613281 0.992188 0.595703 0.996094 0.724609
