0 0.0683594 0.0351562 0.0429688 0.0683594 0.0429688 0.0683594 0 0.0644531 0 0.0351562 0.0507812 0 0.0683594 0.0351562 0.0605469 0.0273438 0.046875 0.0136719 0.0234375 0.0214844 0.00195312 0.0507812 0.0371094 0.0585938 0.0371094 0.0585938 0.0605469 0.0273438
0 0.119141 0.09375 0.119141 0.0507812 0.134766 0.0195312 0.171875 0.00195312 0.214844 0.00976562 0.224609 0.0273438 0.220703 0.0898438 0.152344 0.119141 0.152344 0.119141 0.128906 0.115234 0.119141 0.09375 0.126953 0.0898438 0.150391 0.109375 0.150391 0.109375 0.216797 0.078125 0.207031 0.0175781 0.179688 0.00976562 0.138672 0.03125 0.126953 0.0898438
0 0.300781 0.0644531 0.273438 0.0644531 0.259766 0.046875 0.269531 0 0.279297 0.00390625 0.267578 0.0390625 0.28125 0.0566406 0.314453 0.0429688 0.314453 0 0.330078 0 0.326172 0.0429688 0.300781 0.0644531
0 0.435547 0.105469 0.431641 0.0585938 0.453125 0.00585938 0.511719 0.00195312 0.548828 0.03125 0.537109 0.0859375 0.503906 0.111328 0.503906 0.111328 0.435547 0.105469 0.445312 0.103516 0.498047 0.101562 0.498047 0.101562 0.525391 0.0859375 0.541016 0.0507812 0.519531 0.0136719 0.453125 0.0292969 0.439453 0.0664062 0.445312 0.103516
0 0.65625 0.0722656 0.607422 0.046875 0.601562 0 0.611328 0.0351562 0.648438 0.0644531 0.658203 0.0234375 0.642578 0 0.662109 0.0078125 0.666016 0.0625 0.65625 0.0722656
0 0.738281 0.0722656 0.708984 0.0546875 0.720703 0 0.736328 0 0.716797 0.0507812 0.738281 0.0605469 0.777344 0 0.775391 0.0234375 0.738281 0.0722656
0 0.894531 0.107422 0.857422 0.0664062 0.871094 0.00195312 0.925781 0.00585938 0.943359 0.0351562 0.939453 0.09375 0.921875 0.111328 0.921875 0.111328 0.894531 0.107422 0.898438 0.0996094 0.916016 0.101562 0.916016 0.101562 0.931641 0.0859375 0.935547 0.0390625 0.917969 0.0136719 0.878906 0.00976562 0.865234 0.0585938 0.898438 0.0996094
0 0.996094 0.0449219 0.958984 0.0195312 0.953125 0 0.998047 0.03125 0.996094 0.0449219
0 0.771484 0.0507812 0.800781 0.0214844 0.828125 0.0214844 0.830078 0.0507812 0.808594 0.0800781 0.808594 0.0800781 0.78125 0.0800781 0.771484 0.0507812 0.779297 0.0585938 0.78125 0.0683594 0.802734 0.0703125 0.802734 0.0703125 0.820312 0.0292969 0.779297 0.0585938
0 0.667969 0.173828 0.646484 0.15625 0.650391 0.113281 0.699219 0.0644531 0.708984 0.0664062 0.728516 0.125 0.728516 0.144531 0.703125 0.173828 0.703125 0.173828 0.667969 0.173828 0.671875 0.166016 0.697266 0.164062 0.697266 0.164062 0.712891 0.117188 0.691406 0.0878906 0.654297 0.148438 0.671875 0.166016
0 0.335938 0.197266 0.304688 0.193359 0.283203 0.152344 0.287109 0.109375 0.324219 0.0683594 0.361328 0.0820312 0.380859 0.136719 0.335938 0.197266 0.335938 0.197266 0.333984 0.1875 0.361328 0.144531 0.339844 0.0917969 0.291016 0.132812 0.310547 0.183594 0.333984 0.1875 0.333984 0.1875
0 0.972656 0.134766 0.947266 0.128906 0.947266 0.101562 0.984375 0.0800781 0.990234 0.109375 0.972656 0.134766 0.972656 0.134766 0.970703 0.125 0.980469 0.0917969 0.955078 0.109375 0.955078 0.121094 0.970703 0.125 0.970703 0.125
0 0.556641 0.164062 0.568359 0.101562 0.617188 0.0878906 0.630859 0.0976562 0.626953 0.136719 0.585938 0.177734 0.585938 0.177734 0.566406 0.177734 0.556641 0.164062 0.564453 0.15625 0.580078 0.167969 0.580078 0.167969 0.619141 0.128906 0.623047 0.105469 0.609375 0.0957031 0.572266 0.117188 0.564453 0.15625
0 0.488281 0.150391 0.523438 0.166016 0.529297 0.183594 0.511719 0.212891 0.511719 0.212891 0.472656 0.205078 0.439453 0.175781 0.439453 0.15625 0.488281 0.150391 0.484375 0.158203 0.447266 0.164062 0.480469 0.197266 0.509766 0.203125 0.509766 0.203125 0.511719 0.169922 0.484375 0.158203
0 0.880859 0.210938 0.902344 0.150391 0.931641 0.167969 0.925781 0.240234 0.925781 0.240234 0.902344 0.236328 0.880859 0.210938 0.888672 0.207031 0.919922 0.230469 0.919922 0.230469 0.927734 0.1875 0.90625 0.162109 0.888672 0.207031
0 0.115234 0.277344 0.123047 0.195312 0.152344 0.162109 0.175781 0.154297 0.21875 0.166016 0.232422 0.199219 0.224609 0.242188 0.179688 0.283203 0.179688 0.283203 0.115234 0.277344 0.123047 0.269531 0.173828 0.273438 0.173828 0.273438 0.212891 0.242188 0.220703 0.214844 0.203125 0.181641 0.167969 0.166016 0.130859 0.203125 0.123047 0.269531
0 0.736328 0.238281 0.742188 0.166016 0.816406 0.173828 0.845703 0.203125 0.845703 0.273438 0.820312 0.302734 0.820312 0.302734 0.751953 0.289062 0.736328 0.238281 0.744141 0.234375 0.759766 0.28125 0.814453 0.292969 0.814453 0.292969 0.841797 0.253906 0.833984 0.203125 0.808594 0.181641 0.753906 0.173828 0.744141 0.234375
0 0.996094 0.251953 0.966797 0.226562 0.962891 0.183594 0.976562 0.169922 0.998047 0.171875 0.998047 0.191406 0.974609 0.210938 0.996094 0.251953
0 0.0996094 0.199219 0.0996094 0.246094 0.0859375 0.259766 0.0859375 0.259766 0.0429688 0.255859 0.0253906 0.238281 0.0351562 0.181641 0.0742188 0.181641 0.0996094 0.199219 0.0917969 0.203125 0.0429688 0.189453 0.0332031 0.230469 0.0507812 0.248047 0.0839844 0.25 0.0839844 0.25 0.0917969 0.203125
0 0.539062 0.189453 0.570312 0.189453 0.595703 0.207031 0.599609 0.246094 0.589844 0.259766 0.589844 0.259766 0.558594 0.259766 0.533203 0.242188 0.525391 0.207031 0.539062 0.189453 0.546875 0.197266 0.541016 0.214844 0.552734 0.242188 0.583984 0.25 0.583984 0.25 0.583984 0.207031 0.546875 0.197266
0 0.341797 0.238281 0.341797 0.210938 0.375 0.201172 0.421875 0.220703 0.435547 0.253906 0.410156 0.267578 0.410156 0.267578 0.359375 0.259766 0.341797 0.238281 0.349609 0.234375 0.371094 0.255859 0.408203 0.257812 0.408203 0.257812 0.427734 0.242188 0.40625 0.220703 0.367188 0.208984 0.349609 0.21875 0.349609 0.234375
0 0.251953 0.28125 0.251953 0.238281 0.265625 0.208984 0.296875 0.216797 0.322266 0.25 0.322266 0.285156 0.289062 0.322266 0.289062 0.322266 0.263672 0.320312 0.251953 0.28125 0.259766 0.277344 0.271484 0.3125 0.283203 0.3125 0.283203 0.3125 0.314453 0.28125 0.314453 0.257812 0.277344 0.220703 0.259766 0.242188 0.259766 0.277344
0 0.703125 0.220703 0.712891 0.230469 0.712891 0.289062 0.664062 0.349609 0.664062 0.349609 0.625 0.337891 0.599609 0.285156 0.636719 0.232422 0.703125 0.220703 0.699219 0.228516 0.65625 0.232422 0.611328 0.277344 0.619141 0.316406 0.662109 0.335938 0.662109 0.335938 0.701172 0.292969 0.699219 0.228516
0 0.46875 0.291016 0.443359 0.265625 0.46875 0.228516 0.513672 0.234375 0.517578 0.261719 0.5 0.291016 0.5 0.291016 0.46875 0.291016 0.476562 0.283203 0.494141 0.28125 0.494141 0.28125 0.509766 0.246094 0.476562 0.236328 0.455078 0.265625 0.476562 0.283203
0 0.882812 0.353516 0.865234 0.335938 0.865234 0.316406 0.902344 0.267578 0.921875 0.263672 0.947266 0.285156 0.947266 0.308594 0.914062 0.357422 0.914062 0.357422 0.882812 0.353516 0.886719 0.345703 0.908203 0.347656 0.908203 0.347656 0.939453 0.300781 0.925781 0.275391 0.910156 0.275391 0.873047 0.324219 0.886719 0.345703
0 0.996094 0.310547 0.966797 0.292969 0.976562 0.267578 0.998047 0.269531 0.974609 0.285156 0.996094 0.310547
0 0.0234375 0.353516 0 0.34375 0 0.330078 0.0117188 0.345703 0.0214844 0.339844 0.0214844 0.316406 0 0.300781 0 0.287109 0.0292969 0.3125 0.0234375 0.353516
0 0.542969 0.294922 0.556641 0.300781 0.556641 0.335938 0.527344 0.400391 0.527344 0.400391 0.490234 0.382812 0.486328 0.355469 0.517578 0.300781 0.542969 0.294922 0.539062 0.302734 0.517578 0.316406 0.494141 0.363281 0.511719 0.388672 0.525391 0.386719 0.525391 0.386719 0.548828 0.332031 0.539062 0.302734
0 0.417969 0.361328 0.382812 0.357422 0.353516 0.324219 0.363281 0.314453 0.40625 0.314453 0.433594 0.326172 0.439453 0.34375 0.417969 0.361328 0.417969 0.361328 0.416016 0.351562 0.427734 0.335938 0.414062 0.326172 0.365234 0.328125 0.390625 0.349609 0.416016 0.351562 0.416016 0.351562
0 0.820312 0.330078 0.849609 0.347656 0.861328 0.363281 0.861328 0.398438 0.835938 0.412109 0.835938 0.412109 0.779297 0.390625 0.773438 0.333984 0.820312 0.330078 0.816406 0.345703 0.783203 0.347656 0.779297 0.363281 0.796875 0.380859 0.833984 0.394531 0.833984 0.394531 0.841797 0.382812 0.816406 0.345703
0 0.431641 0.386719 0.427734 0.433594 0.398438 0.470703 0.398438 0.470703 0.384766 0.46875 0.361328 0.421875 0.371094 0.373047 0.431641 0.386719 0.423828 0.390625 0.382812 0.380859 0.369141 0.414062 0.396484 0.460938 0.396484 0.460938 0.419922 0.429688 0.423828 0.390625
0 0.996094 0.482422 0.964844 0.470703 0.939453 0.429688 0.935547 0.390625 0.949219 0.373047 0.998047 0.386719 0.957031 0.380859 0.943359 0.398438 0.962891 0.457031 0.996094 0.482422
0 0.597656 0.384766 0.617188 0.388672 0.634766 0.417969 0.634766 0.445312 0.621094 0.458984 0.621094 0.458984 0.597656 0.451172 0.587891 0.429688 0.597656 0.384766 0.601562 0.392578 0.599609 0.433594 0.623047 0.445312 0.623047 0.445312 0.626953 0.421875 0.601562 0.392578
0 0.759766 0.398438 0.775391 0.472656 0.757812 0.490234 0.757812 0.490234 0.685547 0.46875 0.667969 0.384766 0.742188 0.380859 0.759766 0.398438 0.751953 0.402344 0.71875 0.388672 0.675781 0.392578 0.693359 0.460938 0.751953 0.480469 0.751953 0.480469 0.767578 0.464844 0.751953 0.402344
0 0.0585938 0.474609 0.0371094 0.460938 0.03125 0.392578 0.0507812 0.392578 0.0683594 0.414062 0.0722656 0.453125 0.0585938 0.474609 0.0585938 0.474609 0.0566406 0.464844 0.0644531 0.429688 0.0390625 0.400391 0.0371094 0.433594 0.0253906 0.4375 0.0605469 0.496094 0.0605469 0.527344 0.0390625 0.560547 0.0390625 0.560547 0 0.550781 0.03125 0.552734 0.0527344 0.519531 0.0527344 0.5 0.0253906 0.460938 0 0.453125 0.00390625 0.431641 0.0253906 0.4375 0.0371094 0.433594 0.0566406 0.464844 0.0566406 0.464844
0 0.560547 0.457031 0.560547 0.496094 0.546875 0.521484 0.546875 0.521484 0.527344 0.517578 0.505859 0.484375 0.53125 0.408203 0.560547 0.457031 0.552734 0.460938 0.53125 0.427734 0.513672 0.476562 0.544922 0.511719 0.544922 0.511719 0.552734 0.460938
0 0.814453 0.488281 0.814453 0.464844 0.832031 0.443359 0.875 0.431641 0.935547 0.457031 0.955078 0.511719 0.914062 0.537109 0.914062 0.537109 0.867188 0.529297 0.814453 0.488281 0.822266 0.484375 0.851562 0.509766 0.908203 0.527344 0.908203 0.527344 0.947266 0.503906 0.921875 0.458984 0.863281 0.443359 0.826172 0.464844 0.822266 0.484375
0 0.476562 0.439453 0.494141 0.441406 0.503906 0.521484 0.503906 0.521484 0.470703 0.492188 0.466797 0.453125 0.476562 0.439453 0.484375 0.447266 0.474609 0.476562 0.498047 0.503906 0.498047 0.503906 0.484375 0.447266
0 0.396484 0.507812 0.404297 0.476562 0.425781 0.462891 0.458984 0.484375 0.458984 0.507812 0.433594 0.537109 0.433594 0.537109 0.414062 0.533203 0.396484 0.507812 0.404297 0.503906 0.414062 0.521484 0.431641 0.523438 0.431641 0.523438 0.451172 0.492188 0.421875 0.474609 0.404297 0.503906
0 0.580078 0.558594 0.613281 0.509766 0.667969 0.513672 0.693359 0.574219 0.693359 0.601562 0.636719 0.654297 0.636719 0.654297 0.613281 0.646484 0.576172 0.597656 0.580078 0.558594 0.587891 0.5625 0.583984 0.589844 0.621094 0.638672 0.638672 0.636719 0.638672 0.636719 0.685547 0.582031 0.660156 0.521484 0.617188 0.517578 0.587891 0.5625
0 0.789062 0.638672 0.751953 0.601562 0.748047 0.558594 0.761719 0.533203 0.792969 0.529297 0.826172 0.550781 0.845703 0.613281 0.832031 0.642578 0.832031 0.642578 0.789062 0.638672 0.796875 0.630859 0.826172 0.632812 0.826172 0.632812 0.833984 0.601562 0.818359 0.558594 0.773438 0.537109 0.755859 0.566406 0.759766 0.59375 0.796875 0.630859
0 0.876953 0.597656 0.886719 0.587891 0.90625 0.583984 0.919922 0.597656 0.935547 0.625 0.925781 0.650391 0.925781 0.650391 0.884766 0.632812 0.876953 0.597656 0.886719 0.599609 0.888672 0.621094 0.912109 0.628906 0.912109 0.628906 0.904297 0.605469 0.886719 0.599609
0 0.996094 0.708984 0.970703 0.671875 0.970703 0.628906 0.996094 0.599609 0.982422 0.628906 0.998047 0.660156 0.996094 0.708984
0 0.107422 0.667969 0.132812 0.630859 0.146484 0.691406 0.128906 0.705078 0.128906 0.705078 0.107422 0.699219 0.107422 0.667969 0.115234 0.671875 0.123047 0.695312 0.123047 0.695312 0.138672 0.6875 0.128906 0.646484 0.115234 0.671875
0 0.498047 0.703125 0.482422 0.746094 0.460938 0.759766 0.460938 0.759766 0.412109 0.75 0.408203 0.683594 0.429688 0.658203 0.476562 0.638672 0.501953 0.648438 0.498047 0.703125 0.490234 0.699219 0.494141 0.65625 0.484375 0.650391 0.441406 0.662109 0.416016 0.691406 0.427734 0.726562 0.441406 0.740234 0.462891 0.738281 0.462891 0.738281 0.490234 0.699219
0 0.929688 0.794922 0.914062 0.794922 0.853516 0.738281 0.845703 0.675781 0.859375 0.662109 0.890625 0.658203 0.943359 0.691406 0.951172 0.742188 0.929688 0.794922 0.929688 0.794922 0.923828 0.785156 0.939453 0.757812 0.939453 0.707031 0.917969 0.685547 0.875 0.673828 0.853516 0.6875 0.857422 0.722656 0.923828 0.785156 0.923828 0.785156
0 0.716797 0.679688 0.734375 0.662109 0.787109 0.671875 0.787109 0.71875 0.773438 0.724609 0.773438 0.724609 0.716797 0.703125 0.716797 0.679688 0.724609 0.683594 0.734375 0.705078 0.767578 0.710938 0.767578 0.710938 0.779297 0.695312 0.773438 0.673828 0.742188 0.669922 0.724609 0.683594
0 0.576172 0.722656 0.597656 0.677734 0.617188 0.681641 0.658203 0.722656 0.658203 0.789062 0.640625 0.818359 0.640625 0.818359 0.597656 0.802734 0.580078 0.777344 0.576172 0.722656 0.583984 0.726562 0.587891 0.769531 0.605469 0.794922 0.638672 0.808594 0.638672 0.808594 0.650391 0.785156 0.650391 0.726562 0.601562 0.689453 0.583984 0.726562
0 0.769531 0.748047 0.822266 0.78125 0.814453 0.8125 0.761719 0.865234 0.761719 0.865234 0.742188 0.865234 0.712891 0.820312 0.712891 0.785156 0.742188 0.748047 0.769531 0.748047 0.765625 0.755859 0.75 0.755859 0.720703 0.792969 0.724609 0.828125 0.751953 0.855469 0.751953 0.855469 0.791016 0.804688 0.791016 0.78125 0.765625 0.755859
0 0.298828 0.832031 0.298828 0.800781 0.3125 0.779297 0.357422 0.796875 0.339844 0.841797 0.339844 0.841797 0.298828 0.832031 0.306641 0.824219 0.333984 0.832031 0.333984 0.832031 0.349609 0.804688 0.320312 0.787109 0.306641 0.824219
0 0.388672 0.84375 0.388672 0.800781 0.398438 0.791016 0.416016 0.792969 0.423828 0.820312 0.410156 0.853516 0.410156 0.853516 0.388672 0.84375 0.396484 0.839844 0.408203 0.839844 0.408203 0.839844 0.412109 0.808594 0.402344 0.798828 0.396484 0.839844
0 0.443359 0.886719 0.457031 0.818359 0.496094 0.814453 0.513672 0.851562 0.496094 0.927734 0.496094 0.927734 0.457031 0.912109 0.443359 0.886719 0.451172 0.878906 0.466797 0.90625 0.490234 0.917969 0.490234 0.917969 0.505859 0.859375 0.494141 0.828125 0.476562 0.822266 0.458984 0.839844 0.451172 0.878906
0 0.179688 0.892578 0.148438 0.892578 0.134766 0.871094 0.134766 0.839844 0.148438 0.818359 0.179688 0.818359 0.208984 0.847656 0.205078 0.871094 0.179688 0.892578 0.179688 0.892578 0.177734 0.882812 0.197266 0.851562 0.179688 0.830078 0.15625 0.826172 0.142578 0.847656 0.146484 0.875 0.177734 0.882812 0.177734 0.882812
0 0.587891 0.855469 0.617188 0.826172 0.652344 0.826172 0.685547 0.871094 0.681641 0.921875 0.640625 0.951172 0.640625 0.951172 0.625 0.951172 0.583984 0.898438 0.587891 0.855469 0.595703 0.859375 0.591797 0.890625 0.638672 0.941406 0.638672 0.941406 0.673828 0.914062 0.677734 0.878906 0.644531 0.833984 0.625 0.833984 0.595703 0.859375
0 0.857422 0.890625 0.857422 0.847656 0.871094 0.833984 0.914062 0.826172 0.951172 0.859375 0.955078 0.914062 0.925781 0.962891 0.925781 0.962891 0.876953 0.929688 0.857422 0.890625 0.865234 0.886719 0.888672 0.929688 0.923828 0.949219 0.923828 0.949219 0.947266 0.910156 0.947266 0.882812 0.935547 0.851562 0.902344 0.833984 0.869141 0.851562 0.865234 0.886719
0 0.333984 0.886719 0.339844 0.849609 0.371094 0.845703 0.380859 0.855469 0.371094 0.896484 0.371094 0.896484 0.333984 0.886719 0.341797 0.878906 0.365234 0.886719 0.365234 0.886719 0.373047 0.863281 0.347656 0.857422 0.341797 0.878906
0 0.328125 0.900391 0.337891 0.9375 0.296875 0.966797 0.296875 0.966797 0.267578 0.960938 0.263672 0.929688 0.292969 0.900391 0.328125 0.900391 0.320312 0.908203 0.275391 0.925781 0.271484 0.949219 0.291016 0.957031 0.291016 0.957031 0.326172 0.9375 0.320312 0.908203
0 0.689453 0.925781 0.714844 0.904297 0.808594 0.900391 0.814453 0.925781 0.798828 0.960938 0.761719 0.982422 0.761719 0.982422 0.707031 0.970703 0.689453 0.953125 0.689453 0.925781 0.697266 0.933594 0.71875 0.966797 0.755859 0.972656 0.755859 0.972656 0.794922 0.949219 0.800781 0.908203 0.722656 0.912109 0.697266 0.933594
0 0.5625 0.998047 0.519531 0.951172 0.490234 0.953125 0.501953 0.996094 0.492188 0.998047 0.482422 0.945312 0.535156 0.947266 0.564453 0.980469 0.5625 0.998047
0 0.421875 0.998047 0.386719 0.958984 0.363281 0.962891 0.322266 0.996094 0.351562 0.958984 0.394531 0.951172 0.423828 0.980469 0.421875 0.998047
