0 0.539062 0.208984 0.525391 0.179688 0.533203 0.117188 0.566406 0.0878906 0.613281 0.0917969 0.654297 0.136719 0.638672 0.183594 0.589844 0.228516 0.589844 0.228516 0.539062 0.208984 0.556641 0.191406 0.587891 0.199219 0.587891 0.199219 0.611328 0.179688 0.626953 0.136719 0.613281 0.119141 0.601562 0.126953 0.582031 0.115234 0.566406 0.119141 0.548828 0.148438 0.556641 0.191406
0 0.658203 0.130859 0.00390625 0.00390625
0 0.0878906 0.339844 0.0761719 0.308594 0.0800781 0.273438 0.103516 0.234375 0.144531 0.208984 0.210938 0.205078 0.259766 0.25 0.263672 0.28125 0.207031 0.349609 0.167969 0.369141 0.167969 0.369141 0.121094 0.365234 0.0878906 0.339844 0.107422 0.320312 0.154297 0.34375 0.154297 0.34375 0.183594 0.333984 0.232422 0.28125 0.236328 0.269531 0.210938 0.236328 0.160156 0.232422 0.111328 0.269531 0.107422 0.320312
0 0.00390625 0.392578 0 0.255859 0.0292969 0.292969 0.0292969 0.347656 0.00390625 0.392578
0 0.755859 0.332031 0.748047 0.3125 0.779297 0.273438 0.771484 0.269531 0.800781 0.259766 0.849609 0.28125 0.884766 0.355469 0.873047 0.429688 0.828125 0.486328 0.828125 0.486328 0.765625 0.470703 0.736328 0.429688 0.736328 0.378906 0.755859 0.332031 0.775391 0.324219 0.759766 0.417969 0.773438 0.447266 0.818359 0.453125 0.818359 0.453125 0.841797 0.4375 0.857422 0.34375 0.832031 0.302734 0.800781 0.287109 0.775391 0.324219
0 0.931641 0.369141 0.00390625 0.00390625
0 0.996094 0.466797 0.949219 0.458984 0.919922 0.4375 0.921875 0.376953 0.998047 0.382812 0.996094 0.412109 0.96875 0.396484 0.943359 0.402344 0.949219 0.427734 0.972656 0.443359 0.998047 0.441406 0.996094 0.466797
0 0.320312 0.392578 0.380859 0.4375 0.369141 0.484375 0.332031 0.509766 0.332031 0.509766 0.273438 0.501953 0.275391 0.492188 0.248047 0.472656 0.25 0.404297 0.285156 0.388672 0.320312 0.392578 0.308594 0.416016 0.277344 0.419922 0.275391 0.464844 0.322266 0.480469 0.322266 0.480469 0.357422 0.453125 0.320312 0.435547 0.308594 0.416016
0 0.0761719 0.453125 0.0976562 0.427734 0.171875 0.412109 0.197266 0.453125 0.197266 0.492188 0.183594 0.513672 0.144531 0.525391 0.144531 0.525391 0.0957031 0.511719 0.0761719 0.453125 0.0996094 0.457031 0.115234 0.488281 0.138672 0.5 0.138672 0.5 0.173828 0.480469 0.148438 0.439453 0.0996094 0.457031
0 0.998047 0.419922 0.00390625 0.00390625
0 0.542969 0.431641 0.572266 0.457031 0.564453 0.496094 0.464844 0.576172 0.464844 0.576172 0.449219 0.564453 0.425781 0.568359 0.396484 0.546875 0.412109 0.464844 0.480469 0.427734 0.542969 0.431641 0.529297 0.46875 0.517578 0.460938 0.523438 0.474609 0.503906 0.486328 0.476562 0.482422 0.423828 0.535156 0.458984 0.542969 0.458984 0.542969 0.517578 0.5 0.523438 0.474609 0.517578 0.460938 0.529297 0.46875 0.529297 0.46875
0 0.966797 0.470703 0.00390625 0.00390625
0 0.992188 0.697266 0.933594 0.677734 0.919922 0.640625 0.919922 0.585938 0.992188 0.494141 0.998047 0.535156 0.951172 0.585938 0.943359 0.628906 0.957031 0.662109 0.998047 0.664062 0.992188 0.697266
0 0.0546875 0.611328 0 0.601562 0 0.576172 0.0605469 0.578125 0.00390625 0.552734 0 0.525391 0.046875 0.525391 0.0839844 0.5625 0.0800781 0.601562 0.0546875 0.611328
0 0.349609 0.566406 0.353516 0.589844 0.333984 0.621094 0.273438 0.662109 0.273438 0.662109 0.234375 0.662109 0.189453 0.640625 0.185547 0.574219 0.210938 0.537109 0.308594 0.537109 0.349609 0.566406 0.330078 0.578125 0.289062 0.560547 0.234375 0.556641 0.216797 0.574219 0.208984 0.617188 0.230469 0.634766 0.271484 0.632812 0.271484 0.632812 0.330078 0.578125
0 0.693359 0.703125 0.667969 0.716797 0.667969 0.716797 0.644531 0.716797 0.619141 0.671875 0.638672 0.582031 0.666016 0.5625 0.660156 0.556641 0.679688 0.552734 0.693359 0.5625 0.708984 0.664062 0.693359 0.703125 0.669922 0.6875 0.681641 0.628906 0.664062 0.595703 0.650391 0.609375 0.646484 0.660156 0.650391 0.6875 0.669922 0.6875 0.669922 0.6875
0 0.0273438 0.736328 0 0.730469 0 0.708984 0.0195312 0.712891 0.0449219 0.691406 0.0253906 0.675781 0.0292969 0.660156 0 0.644531 0.0078125 0.619141 0.0664062 0.642578 0.0878906 0.664062 0.0683594 0.683594 0.0683594 0.710938 0.0273438 0.736328
0 0.912109 0.726562 0.904297 0.8125 0.851562 0.841797 0.851562 0.841797 0.8125 0.837891 0.777344 0.818359 0.751953 0.765625 0.763672 0.667969 0.792969 0.642578 0.851562 0.654297 0.912109 0.726562 0.888672 0.742188 0.851562 0.685547 0.804688 0.669922 0.779297 0.742188 0.808594 0.787109 0.845703 0.796875 0.845703 0.796875 0.867188 0.794922 0.884766 0.777344 0.888672 0.742188
0 0.53125 0.806641 0.527344 0.814453 0.470703 0.789062 0.462891 0.726562 0.484375 0.681641 0.527344 0.673828 0.607422 0.707031 0.623047 0.773438 0.585938 0.822266 0.585938 0.822266 0.53125 0.806641 0.519531 0.783203 0.576172 0.792969 0.576172 0.792969 0.595703 0.777344 0.587891 0.726562 0.535156 0.701172 0.503906 0.701172 0.490234 0.761719 0.519531 0.783203
0 0.400391 0.835938 0.359375 0.865234 0.359375 0.865234 0.320312 0.853516 0.283203 0.792969 0.287109 0.765625 0.324219 0.736328 0.355469 0.748047 0.382812 0.740234 0.408203 0.777344 0.400391 0.835938 0.376953 0.828125 0.380859 0.78125 0.324219 0.767578 0.310547 0.792969 0.326172 0.824219 0.339844 0.837891 0.361328 0.835938 0.361328 0.835938 0.376953 0.828125
0 0.0585938 0.978516 0.0273438 0.978516 0 0.949219 0 0.871094 0.046875 0.794922 0.0800781 0.824219 0.103516 0.875 0.0839844 0.960938 0.0585938 0.978516 0.0585938 0.978516 0.0527344 0.953125 0.0683594 0.921875 0.0527344 0.875 0.0351562 0.861328 0.0175781 0.921875 0.03125 0.951172 0.0527344 0.953125 0.0527344 0.953125
0 0.761719 0.998047 0.736328 0.996094 0.748047 0.953125 0.736328 0.898438 0.699219 0.873047 0.679688 0.876953 0.669922 0.894531 0.662109 0.933594 0.669922 0.9375 0.658203 0.953125 0.666016 0.992188 0.638672 0.996094 0.642578 0.886719 0.671875 0.849609 0.722656 0.849609 0.748047 0.867188 0.771484 0.929688 0.761719 0.998047
0 0.179688 0.857422 0.257812 0.857422 0.275391 0.867188 0.294922 0.929688 0.291016 0.980469 0.277344 0.998047 0.277344 0.998047 0.162109 0.996094 0.142578 0.925781 0.15625 0.869141 0.179688 0.857422 0.183594 0.884766 0.169922 0.90625 0.173828 0.960938 0.195312 0.978516 0.232422 0.984375 0.232422 0.984375 0.263672 0.960938 0.248047 0.886719 0.183594 0.884766
0 0.283203 0.869141 0.00390625 0.00390625
0 0.582031 0.998047 0.548828 0.996094 0.541016 0.925781 0.53125 0.919922 0.494141 0.933594 0.46875 0.998047 0.447266 0.992188 0.447266 0.964844 0.496094 0.896484 0.542969 0.892578 0.568359 0.917969 0.568359 0.964844 0.582031 0.998047
0 0.287109 0.994141 0.00390625 0.00390625
