0 0.0390625 0 0.0546875 0 0.0683594 0.0195312 0.0683594 0.046875 0.0546875 0.0644531 0.0546875 0.0644531 0.0390625 0.0644531 0.0214844 0.0429688 0.0214844 0.015625 0.0390625 0 0.0429688 0.00976562 0.0292969 0.0351562 0.0488281 0.0546875 0.0488281 0.0546875 0.0605469 0.0273438 0.0429688 0.00976562
0 0.285156 0.0449219 0.261719 0.0449219 0.228516 0 0.277344 0.0371094 0.328125 0 0.285156 0.0449219
0 0.355469 0 0.371094 0 0.384766 0.015625 0.378906 0.0566406 0.378906 0.0566406 0.345703 0.0507812 0.341797 0.0117188 0.355469 0 0.363281 0.00585938 0.353516 0.0429688 0.373047 0.046875 0.373047 0.046875 0.363281 0.00585938
0 0.445312 0.0488281 0.417969 0.0488281 0.400391 0.0351562 0.40625 0.00195312 0.431641 0 0.408203 0.0273438 0.425781 0.0410156 0.470703 0.0195312 0.449219 0 0.478516 0.0117188 0.478516 0.0273438 0.445312 0.0488281
0 0.550781 0.0214844 0.515625 0.0175781 0.513672 0 0.550781 0.00976562 0.583984 0 0.550781 0.0214844
0 0.695312 0.0800781 0.632812 0.0683594 0.619141 0.0117188 0.648438 0 0.623047 0.0234375 0.638672 0.0585938 0.691406 0.0722656 0.724609 0.0546875 0.728516 0.03125 0.712891 0 0.722656 0 0.736328 0.0507812 0.726562 0.0683594 0.695312 0.0800781
0 0.878906 0.0488281 0.816406 0.0410156 0.802734 0.0273438 0.802734 0.00390625 0.818359 0 0.816406 0.0292969 0.875 0.0410156 0.910156 0 0.912109 0.0117188 0.878906 0.0488281
0 0.101562 0.0761719 0.0839844 0.0507812 0.0878906 0.03125 0.117188 0.0175781 0.140625 0.0332031 0.166016 0.0664062 0.152344 0.0878906 0.152344 0.0878906 0.101562 0.0761719 0.109375 0.0683594 0.146484 0.078125 0.146484 0.078125 0.154297 0.0664062 0.128906 0.0371094 0.105469 0.0292969 0.0957031 0.0390625 0.109375 0.0683594
0 0.941406 0.0488281 0.939453 0.148438 0.921875 0.154297 0.921875 0.154297 0.902344 0.154297 0.876953 0.125 0.896484 0.0703125 0.941406 0.0488281 0.933594 0.0566406 0.908203 0.078125 0.892578 0.117188 0.916016 0.136719 0.916016 0.136719 0.933594 0.0566406
0 0.488281 0.0605469 0.507812 0.0644531 0.552734 0.109375 0.533203 0.152344 0.5 0.177734 0.5 0.177734 0.480469 0.173828 0.447266 0.128906 0.462891 0.0820312 0.488281 0.0605469 0.488281 0.0722656 0.466797 0.109375 0.466797 0.132812 0.480469 0.158203 0.501953 0.164062 0.501953 0.164062 0.533203 0.105469 0.488281 0.0722656
0 0.00390625 0.0957031 0 0.0839844 0.00976562 0.0859375 0.00390625 0.0957031
0 0.015625 0.216797 0.00390625 0.216797 0 0.199219 0.0234375 0.201172 0.0644531 0.15625 0.0488281 0.125 0.0136719 0.0976562 0.0234375 0.0878906 0.0722656 0.136719 0.0722656 0.160156 0.0566406 0.1875 0.015625 0.216797
0 0.363281 0.197266 0.310547 0.15625 0.310547 0.132812 0.335938 0.0996094 0.386719 0.0878906 0.427734 0.125 0.435547 0.160156 0.425781 0.177734 0.363281 0.197266 0.363281 0.197266 0.361328 0.1875 0.417969 0.169922 0.427734 0.152344 0.412109 0.121094 0.378906 0.0957031 0.339844 0.111328 0.318359 0.140625 0.361328 0.1875 0.361328 0.1875
0 0.724609 0.125 0.765625 0.0917969 0.853516 0.160156 0.837891 0.253906 0.820312 0.267578 0.820312 0.267578 0.792969 0.263672 0.75 0.232422 0.716797 0.1875 0.724609 0.125 0.728516 0.144531 0.744141 0.207031 0.78125 0.240234 0.814453 0.246094 0.814453 0.246094 0.833984 0.226562 0.830078 0.167969 0.785156 0.119141 0.753906 0.111328 0.728516 0.144531
0 0.568359 0.167969 0.568359 0.144531 0.597656 0.107422 0.640625 0.103516 0.685547 0.128906 0.685547 0.148438 0.644531 0.189453 0.644531 0.189453 0.613281 0.189453 0.568359 0.167969 0.576172 0.160156 0.638672 0.179688 0.638672 0.179688 0.677734 0.136719 0.632812 0.111328 0.605469 0.115234 0.576172 0.160156
0 0.0957031 0.1875 0.107422 0.144531 0.132812 0.123047 0.160156 0.123047 0.236328 0.164062 0.21875 0.197266 0.171875 0.224609 0.171875 0.224609 0.144531 0.224609 0.0957031 0.1875 0.103516 0.183594 0.144531 0.212891 0.166016 0.214844 0.166016 0.214844 0.228516 0.171875 0.148438 0.130859 0.111328 0.15625 0.103516 0.183594
0 0.322266 0.230469 0.289062 0.255859 0.289062 0.255859 0.25 0.248047 0.236328 0.21875 0.240234 0.199219 0.28125 0.173828 0.300781 0.177734 0.322266 0.214844 0.322266 0.230469 0.314453 0.226562 0.292969 0.185547 0.244141 0.210938 0.257812 0.240234 0.283203 0.246094 0.283203 0.246094 0.314453 0.226562
0 0.507812 0.298828 0.457031 0.294922 0.425781 0.279297 0.404297 0.238281 0.412109 0.207031 0.453125 0.193359 0.484375 0.212891 0.505859 0.242188 0.507812 0.298828 0.507812 0.298828 0.501953 0.289062 0.494141 0.238281 0.457031 0.205078 0.416016 0.222656 0.416016 0.25 0.441406 0.279297 0.501953 0.289062 0.501953 0.289062
0 0.0742188 0.205078 0.107422 0.222656 0.115234 0.25 0.111328 0.296875 0.09375 0.310547 0.09375 0.310547 0.0664062 0.306641 0.0488281 0.28125 0.0488281 0.242188 0.0742188 0.205078 0.078125 0.212891 0.0605469 0.238281 0.0566406 0.273438 0.0664062 0.294922 0.0917969 0.300781 0.0917969 0.300781 0.107422 0.253906 0.078125 0.212891
0 0.529297 0.34375 0.521484 0.289062 0.550781 0.244141 0.589844 0.220703 0.617188 0.220703 0.642578 0.261719 0.638672 0.3125 0.609375 0.337891 0.550781 0.357422 0.550781 0.357422 0.529297 0.34375 0.537109 0.339844 0.564453 0.34375 0.564453 0.34375 0.601562 0.330078 0.623047 0.304688 0.623047 0.253906 0.605469 0.236328 0.558594 0.251953 0.529297 0.296875 0.537109 0.339844
0 0.914062 0.244141 0.935547 0.257812 0.939453 0.285156 0.894531 0.326172 0.894531 0.326172 0.863281 0.322266 0.853516 0.285156 0.875 0.248047 0.914062 0.244141 0.910156 0.251953 0.875 0.263672 0.865234 0.28125 0.869141 0.3125 0.888672 0.316406 0.888672 0.316406 0.931641 0.28125 0.927734 0.261719 0.910156 0.251953
0 0.142578 0.332031 0.142578 0.292969 0.164062 0.251953 0.199219 0.267578 0.216797 0.292969 0.207031 0.357422 0.207031 0.357422 0.164062 0.353516 0.142578 0.332031 0.150391 0.328125 0.179688 0.349609 0.201172 0.347656 0.201172 0.347656 0.208984 0.296875 0.167969 0.263672 0.150391 0.328125
0 0.730469 0.326172 0.699219 0.318359 0.685547 0.285156 0.714844 0.259766 0.773438 0.263672 0.783203 0.296875 0.730469 0.326172 0.730469 0.326172 0.724609 0.316406 0.769531 0.298828 0.775391 0.28125 0.757812 0.267578 0.714844 0.271484 0.697266 0.296875 0.724609 0.316406 0.724609 0.316406
0 0 0.365234 0.00390625 0.283203 0.0136719 0.289062 0.0136719 0.320312 0 0.365234
0 0.335938 0.279297 0.380859 0.300781 0.376953 0.332031 0.347656 0.353516 0.347656 0.353516 0.314453 0.328125 0.314453 0.300781 0.335938 0.279297 0.335938 0.287109 0.322266 0.320312 0.339844 0.341797 0.353516 0.339844 0.353516 0.339844 0.373047 0.308594 0.335938 0.287109
0 0.392578 0.34375 0.441406 0.314453 0.458984 0.328125 0.458984 0.359375 0.433594 0.373047 0.433594 0.373047 0.398438 0.369141 0.392578 0.34375 0.400391 0.351562 0.410156 0.365234 0.427734 0.363281 0.427734 0.363281 0.451172 0.351562 0.441406 0.326172 0.400391 0.351562
0 0.109375 0.447266 0.0898438 0.447266 0.0683594 0.417969 0.0683594 0.371094 0.09375 0.337891 0.146484 0.378906 0.138672 0.425781 0.109375 0.447266 0.109375 0.447266 0.107422 0.4375 0.134766 0.414062 0.138672 0.386719 0.0976562 0.353516 0.0761719 0.378906 0.0761719 0.410156 0.0976562 0.439453 0.107422 0.4375 0.107422 0.4375
0 0.777344 0.337891 0.796875 0.337891 0.822266 0.359375 0.800781 0.400391 0.800781 0.400391 0.78125 0.396484 0.763672 0.367188 0.777344 0.337891 0.785156 0.345703 0.775391 0.367188 0.798828 0.386719 0.798828 0.386719 0.814453 0.367188 0.785156 0.345703
0 0.652344 0.365234 0.667969 0.353516 0.722656 0.353516 0.740234 0.367188 0.755859 0.398438 0.707031 0.443359 0.707031 0.443359 0.638672 0.417969 0.634766 0.371094 0.644531 0.357422 0.652344 0.365234 0.65625 0.373047 0.650391 0.410156 0.705078 0.433594 0.705078 0.433594 0.744141 0.398438 0.732422 0.375 0.714844 0.361328 0.65625 0.373047
0 0.285156 0.365234 0.3125 0.373047 0.322266 0.382812 0.3125 0.412109 0.3125 0.412109 0.273438 0.408203 0.263672 0.378906 0.285156 0.365234 0.285156 0.376953 0.275391 0.390625 0.294922 0.402344 0.294922 0.402344 0.310547 0.390625 0.285156 0.376953
0 0.193359 0.402344 0.222656 0.376953 0.242188 0.376953 0.259766 0.394531 0.255859 0.445312 0.234375 0.462891 0.234375 0.462891 0.210938 0.462891 0.193359 0.421875 0.193359 0.402344 0.201172 0.410156 0.216797 0.453125 0.228516 0.453125 0.228516 0.453125 0.248047 0.4375 0.251953 0.402344 0.234375 0.384766 0.201172 0.410156
0 0.595703 0.441406 0.585938 0.494141 0.585938 0.494141 0.519531 0.490234 0.470703 0.453125 0.458984 0.410156 0.488281 0.373047 0.550781 0.376953 0.580078 0.394531 0.595703 0.441406 0.587891 0.445312 0.566406 0.396484 0.507812 0.380859 0.478516 0.398438 0.470703 0.433594 0.496094 0.462891 0.527344 0.482422 0.580078 0.484375 0.580078 0.484375 0.587891 0.445312
0 0.337891 0.464844 0.345703 0.410156 0.363281 0.392578 0.417969 0.400391 0.423828 0.445312 0.371094 0.474609 0.371094 0.474609 0.337891 0.464844 0.345703 0.457031 0.365234 0.464844 0.365234 0.464844 0.416016 0.4375 0.410156 0.408203 0.371094 0.400391 0.353516 0.417969 0.345703 0.457031
0 0.00390625 0.501953 0 0.492188 0.0292969 0.472656 0.0371094 0.433594 0 0.40625 0.0273438 0.404297 0.0449219 0.425781 0.0449219 0.457031 0.0332031 0.488281 0.00390625 0.501953
0 0.615234 0.515625 0.625 0.490234 0.675781 0.478516 0.716797 0.507812 0.703125 0.541016 0.667969 0.552734 0.667969 0.552734 0.630859 0.542969 0.615234 0.515625 0.623047 0.511719 0.640625 0.537109 0.666016 0.542969 0.666016 0.542969 0.708984 0.515625 0.65625 0.486328 0.623047 0.511719
0 0.246094 0.486328 0.275391 0.496094 0.273438 0.529297 0.273438 0.529297 0.25 0.529297 0.232422 0.511719 0.246094 0.486328 0.25 0.494141 0.244141 0.511719 0.267578 0.519531 0.267578 0.519531 0.271484 0.507812 0.25 0.494141
0 0.861328 0.519531 0.849609 0.550781 0.808594 0.580078 0.808594 0.580078 0.765625 0.576172 0.720703 0.546875 0.742188 0.498047 0.792969 0.482422 0.861328 0.519531 0.853516 0.523438 0.777344 0.490234 0.753906 0.501953 0.732422 0.542969 0.773438 0.568359 0.806641 0.570312 0.806641 0.570312 0.828125 0.560547 0.853516 0.523438
0 0.357422 0.535156 0.414062 0.490234 0.439453 0.523438 0.439453 0.550781 0.390625 0.587891 0.390625 0.587891 0.365234 0.578125 0.357422 0.535156 0.365234 0.542969 0.384766 0.578125 0.384766 0.578125 0.419922 0.546875 0.40625 0.501953 0.365234 0.542969
0 0.164062 0.599609 0.128906 0.595703 0.0800781 0.546875 0.0976562 0.509766 0.164062 0.501953 0.205078 0.527344 0.201172 0.570312 0.164062 0.599609 0.164062 0.599609 0.162109 0.589844 0.193359 0.5625 0.197266 0.535156 0.167969 0.513672 0.136719 0.509766 0.0957031 0.546875 0.136719 0.587891 0.162109 0.589844 0.162109 0.589844
0 0.0273438 0.630859 0 0.625 0.0527344 0.601562 0.0644531 0.550781 0.046875 0.525391 0 0.53125 0.0507812 0.517578 0.0722656 0.542969 0.0722656 0.585938 0.0566406 0.613281 0.0273438 0.630859
0 0.484375 0.572266 0.458984 0.566406 0.464844 0.529297 0.488281 0.525391 0.498047 0.535156 0.501953 0.558594 0.484375 0.572266 0.484375 0.572266 0.482422 0.5625 0.480469 0.537109 0.466797 0.558594 0.482422 0.5625 0.482422 0.5625
0 0.558594 0.587891 0.535156 0.587891 0.521484 0.574219 0.53125 0.521484 0.585938 0.521484 0.603516 0.535156 0.591797 0.574219 0.558594 0.587891 0.558594 0.587891 0.556641 0.578125 0.587891 0.554688 0.574219 0.529297 0.546875 0.529297 0.529297 0.542969 0.529297 0.566406 0.556641 0.578125 0.556641 0.578125
0 0.640625 0.677734 0.603516 0.652344 0.603516 0.609375 0.636719 0.568359 0.699219 0.576172 0.720703 0.59375 0.716797 0.632812 0.683594 0.677734 0.683594 0.677734 0.640625 0.677734 0.648438 0.669922 0.677734 0.667969 0.677734 0.667969 0.705078 0.636719 0.712891 0.601562 0.691406 0.583984 0.644531 0.576172 0.611328 0.617188 0.611328 0.644531 0.648438 0.669922
0 0.845703 0.628906 0.878906 0.595703 0.902344 0.595703 0.916016 0.605469 0.916016 0.628906 0.878906 0.666016 0.878906 0.666016 0.845703 0.648438 0.845703 0.628906 0.853516 0.636719 0.867188 0.654297 0.880859 0.652344 0.880859 0.652344 0.908203 0.621094 0.894531 0.603516 0.853516 0.636719
0 0.226562 0.685547 0.205078 0.660156 0.207031 0.607422 0.25 0.607422 0.275391 0.625 0.261719 0.689453 0.261719 0.689453 0.226562 0.685547 0.234375 0.677734 0.255859 0.679688 0.255859 0.679688 0.267578 0.632812 0.242188 0.615234 0.214844 0.615234 0.212891 0.652344 0.234375 0.677734
0 0.441406 0.599609 0.470703 0.613281 0.457031 0.646484 0.457031 0.646484 0.431641 0.636719 0.431641 0.605469 0.441406 0.599609 0.441406 0.607422 0.439453 0.628906 0.455078 0.636719 0.455078 0.636719 0.462891 0.621094 0.441406 0.607422
0 0.121094 0.685547 0.0820312 0.681641 0.0683594 0.652344 0.0898438 0.619141 0.136719 0.611328 0.158203 0.648438 0.121094 0.685547 0.121094 0.685547 0.115234 0.675781 0.142578 0.652344 0.128906 0.626953 0.0878906 0.636719 0.0957031 0.667969 0.115234 0.675781 0.115234 0.675781
0 0.414062 0.666016 0.363281 0.654297 0.365234 0.632812 0.378906 0.619141 0.410156 0.619141 0.419922 0.640625 0.414062 0.666016 0.414062 0.666016 0.408203 0.65625 0.394531 0.626953 0.369141 0.644531 0.408203 0.65625 0.408203 0.65625
0 0.746094 0.669922 0.732422 0.636719 0.75 0.623047 0.804688 0.626953 0.806641 0.660156 0.78125 0.677734 0.78125 0.677734 0.746094 0.669922 0.753906 0.662109 0.775391 0.667969 0.775391 0.667969 0.794922 0.660156 0.796875 0.634766 0.744141 0.640625 0.753906 0.662109
0 0.466797 0.710938 0.470703 0.660156 0.492188 0.630859 0.527344 0.634766 0.529297 0.691406 0.488281 0.724609 0.488281 0.724609 0.466797 0.710938 0.474609 0.703125 0.490234 0.710938 0.490234 0.710938 0.521484 0.683594 0.519531 0.642578 0.5 0.638672 0.478516 0.667969 0.474609 0.703125
0 0.00390625 0.677734 0 0.654297 0.00390625 0.677734
0 0.427734 0.699219 0.433594 0.669922 0.458984 0.6875 0.449219 0.712891 0.449219 0.712891 0.427734 0.699219 0.439453 0.699219 0.451172 0.699219 0.451172 0.699219 0.4375 0.681641 0.439453 0.699219
0 0.171875 0.791016 0.140625 0.787109 0.115234 0.738281 0.148438 0.779297 0.175781 0.779297 0.205078 0.746094 0.201172 0.703125 0.175781 0.689453 0.132812 0.708984 0.121094 0.728516 0.115234 0.71875 0.148438 0.689453 0.191406 0.681641 0.212891 0.707031 0.212891 0.75 0.201172 0.773438 0.171875 0.791016
0 0.582031 0.755859 0.548828 0.738281 0.544922 0.6875 0.554688 0.681641 0.582031 0.689453 0.599609 0.710938 0.599609 0.742188 0.582031 0.755859 0.582031 0.755859 0.580078 0.746094 0.591797 0.71875 0.5625 0.689453 0.552734 0.71875 0.580078 0.746094 0.580078 0.746094
0 0.328125 0.767578 0.283203 0.753906 0.287109 0.714844 0.316406 0.697266 0.322266 0.707031 0.294922 0.722656 0.291016 0.746094 0.328125 0.755859 0.341797 0.730469 0.330078 0.707031 0.339844 0.705078 0.349609 0.738281 0.328125 0.767578
0 0.945312 0.798828 0.902344 0.794922 0.884766 0.777344 0.880859 0.746094 0.898438 0.712891 0.955078 0.742188 0.958984 0.78125 0.945312 0.798828 0.945312 0.798828 0.943359 0.789062 0.943359 0.742188 0.898438 0.728516 0.892578 0.769531 0.917969 0.791016 0.943359 0.789062 0.943359 0.789062
0 0.664062 0.771484 0.658203 0.742188 0.6875 0.724609 0.726562 0.728516 0.736328 0.742188 0.71875 0.775391 0.71875 0.775391 0.664062 0.771484 0.667969 0.763672 0.712891 0.765625 0.712891 0.765625 0.722656 0.736328 0.695312 0.732422 0.666016 0.75 0.667969 0.763672
0 0.814453 0.753906 0.800781 0.763672 0.800781 0.763672 0.771484 0.75 0.777344 0.724609 0.814453 0.734375 0.814453 0.753906 0.802734 0.75 0.796875 0.732422 0.779297 0.738281 0.789062 0.751953 0.802734 0.75 0.802734 0.75
0 0.451172 0.789062 0.457031 0.748047 0.482422 0.757812 0.480469 0.798828 0.480469 0.798828 0.451172 0.789062 0.458984 0.78125 0.474609 0.789062 0.474609 0.789062 0.464844 0.755859 0.458984 0.78125
0 0 0.835938 0 0.773438 0.015625 0.759766 0.0703125 0.759766 0.0917969 0.777344 0.0800781 0.824219 0.0546875 0.841797 0.0546875 0.841797 0 0.835938 0.00195312 0.828125 0.0488281 0.832031 0.0488281 0.832031 0.0722656 0.816406 0.0839844 0.78125 0.0351562 0.763672 0.0214844 0.769531 0.00195312 0.828125
0 0.335938 0.853516 0.316406 0.837891 0.306641 0.804688 0.324219 0.791016 0.363281 0.794922 0.376953 0.816406 0.376953 0.847656 0.367188 0.853516 0.367188 0.853516 0.335938 0.853516 0.34375 0.845703 0.361328 0.84375 0.361328 0.84375 0.369141 0.824219 0.355469 0.802734 0.318359 0.804688 0.324219 0.830078 0.34375 0.845703
0 0.505859 0.84375 0.511719 0.806641 0.552734 0.824219 0.546875 0.861328 0.546875 0.861328 0.505859 0.84375 0.513672 0.835938 0.541016 0.851562 0.541016 0.851562 0.544922 0.832031 0.519531 0.814453 0.513672 0.835938
0 0.787109 0.847656 0.775391 0.890625 0.75 0.912109 0.75 0.912109 0.726562 0.912109 0.701172 0.878906 0.708984 0.832031 0.742188 0.806641 0.765625 0.810547 0.787109 0.847656 0.779297 0.855469 0.753906 0.818359 0.738281 0.818359 0.708984 0.855469 0.724609 0.898438 0.744141 0.902344 0.744141 0.902344 0.779297 0.855469
0 0.119141 0.847656 0.136719 0.822266 0.171875 0.822266 0.193359 0.835938 0.185547 0.863281 0.164062 0.876953 0.164062 0.876953 0.123047 0.867188 0.119141 0.847656 0.126953 0.851562 0.136719 0.865234 0.158203 0.867188 0.158203 0.867188 0.181641 0.84375 0.167969 0.830078 0.140625 0.833984 0.126953 0.851562
0 0.628906 0.888672 0.59375 0.884766 0.564453 0.828125 0.625 0.822266 0.642578 0.84375 0.628906 0.888672 0.628906 0.888672 0.623047 0.878906 0.626953 0.851562 0.617188 0.841797 0.576172 0.839844 0.59375 0.873047 0.623047 0.878906 0.623047 0.878906
0 0.457031 0.837891 0.480469 0.837891 0.498047 0.855469 0.5 0.900391 0.5 0.900391 0.466797 0.890625 0.457031 0.837891 0.464844 0.845703 0.466797 0.871094 0.494141 0.890625 0.494141 0.890625 0.486328 0.855469 0.464844 0.845703
0 0.912109 0.886719 0.912109 0.855469 0.929688 0.837891 0.951172 0.847656 0.941406 0.892578 0.941406 0.892578 0.912109 0.886719 0.919922 0.878906 0.935547 0.882812 0.935547 0.882812 0.9375 0.845703 0.919922 0.863281 0.919922 0.878906
0 0.291016 0.867188 0.291016 0.917969 0.277344 0.935547 0.277344 0.935547 0.246094 0.931641 0.232422 0.90625 0.236328 0.863281 0.261719 0.841797 0.291016 0.867188 0.283203 0.871094 0.257812 0.853516 0.240234 0.898438 0.253906 0.923828 0.271484 0.925781 0.271484 0.925781 0.283203 0.910156 0.283203 0.871094
0 0.015625 0.951172 0 0.949219 0.0214844 0.914062 0 0.869141 0.0371094 0.902344 0.015625 0.951172
0 0.443359 0.964844 0.40625 0.994141 0.40625 0.994141 0.337891 0.988281 0.333984 0.933594 0.371094 0.896484 0.40625 0.892578 0.455078 0.925781 0.443359 0.964844 0.435547 0.960938 0.443359 0.929688 0.398438 0.900391 0.349609 0.925781 0.341797 0.96875 0.351562 0.986328 0.400391 0.984375 0.400391 0.984375 0.435547 0.960938
0 0.171875 0.900391 0.185547 0.914062 0.181641 0.941406 0.160156 0.958984 0.160156 0.958984 0.136719 0.955078 0.123047 0.9375 0.126953 0.910156 0.148438 0.900391 0.171875 0.900391 0.164062 0.908203 0.130859 0.925781 0.134766 0.941406 0.154297 0.949219 0.154297 0.949219 0.177734 0.925781 0.164062 0.908203
0 0.705078 0.988281 0.701172 0.957031 0.710938 0.943359 0.742188 0.939453 0.759766 0.953125 0.763672 0.976562 0.75 0.994141 0.75 0.994141 0.705078 0.988281 0.712891 0.980469 0.744141 0.984375 0.744141 0.984375 0.751953 0.960938 0.734375 0.947266 0.71875 0.951172 0.712891 0.980469
0 0.667969 0.998047 0.644531 0.955078 0.59375 0.966797 0.578125 0.998047 0.572266 0.984375 0.59375 0.955078 0.652344 0.947266 0.669922 0.96875 0.667969 0.998047
0 0.296875 0.998047 0.273438 0.974609 0.238281 0.978516 0.21875 0.998047 0.205078 0.988281 0.226562 0.962891 0.277344 0.966797 0.296875 0.998047
0 0.0625 0.998047 0.0351562 0.978516 0.0078125 0.998047 0 0.988281 0.0429688 0.966797 0.0625 0.998047
