0 0.0351562 0 0.107422 0.00390625 0.107422 0.0507812 0.0859375 0.0644531 0.0859375 0.0644531 0.0625 0.0644531 0.0371094 0.046875 0.0351562 0 0.0585938 0.00585938 0.0605469 0.0390625 0.0839844 0.0390625 0.0839844 0.0390625 0.0878906 0.0195312 0.0585938 0.00585938
0 0.234375 0.0761719 0.15625 0.0605469 0.146484 0.0078125 0.160156 0 0.25 0.0214844 0.263672 0.0429688 0.234375 0.0761719 0.234375 0.0761719 0.232422 0.0507812 0.226562 0.0332031 0.175781 0.0253906 0.169922 0.0351562 0.183594 0.0488281 0.232422 0.0507812 0.232422 0.0507812
0 0.212891 0.00585938 0.00390625 0.00390625
0 0.359375 0.0800781 0.333984 0.0546875 0.337891 0.0273438 0.357422 0.0273438 0.363281 0.0566406 0.373047 0.0273438 0.363281 0.0175781 0.335938 0.0253906 0.339844 0 0.375 0 0.396484 0.0273438 0.392578 0.0625 0.359375 0.0800781
0 0.4375 0.0253906 0.40625 0.0214844 0.392578 0 0.449219 0 0.4375 0.0253906
0 0.513672 0.0234375 0.501953 0.015625 0.507812 0.00195312 0.535156 0.00195312 0.560547 0.0273438 0.552734 0.078125 0.527344 0.0878906 0.527344 0.0878906 0.505859 0.078125 0.490234 0.0429688 0.5 0.0214844 0.513672 0.0234375 0.523438 0.0214844 0.513672 0.0546875 0.533203 0.0625 0.533203 0.0625 0.537109 0.0351562 0.523438 0.0214844
0 0.683594 0.0292969 0.65625 0.0214844 0.642578 0 0.703125 0 0.683594 0.0292969
0 0.761719 0.0371094 0.744141 0.0273438 0.748047 0 0.763672 0 0.751953 0.0195312 0.761719 0.0253906 0.777344 0 0.779297 0.0195312 0.761719 0.0371094
0 0.96875 0.0566406 0.939453 0.0390625 0.925781 0 0.949219 0 0.96875 0.0332031 0.978516 0.0273438 0.974609 0 0.998047 0 0.998047 0.0429688 0.96875 0.0566406
0 0.587891 0.0234375 0.605469 0.00976562 0.642578 0.03125 0.634766 0.0546875 0.613281 0.0644531 0.613281 0.0644531 0.583984 0.0507812 0.587891 0.0234375 0.607422 0.0351562 0.615234 0.0390625 0.615234 0.0390625 0.607422 0.0351562
0 0.800781 0.0839844 0.779297 0.078125 0.779297 0.0273438 0.796875 0.00976562 0.814453 0.0195312 0.814453 0.0664062 0.800781 0.0839844 0.800781 0.0839844 0.798828 0.0742188 0.800781 0.0214844 0.787109 0.0390625 0.787109 0.0703125 0.798828 0.0742188 0.798828 0.0742188
0 0.826172 0.0703125 0.832031 0.0292969 0.847656 0.0292969 0.861328 0.0507812 0.851562 0.0800781 0.851562 0.0800781 0.826172 0.0703125 0.833984 0.0664062 0.849609 0.0703125 0.849609 0.0703125 0.853516 0.0546875 0.839844 0.0371094 0.833984 0.0664062
0 0.646484 0.0546875 0.664062 0.0410156 0.689453 0.0507812 0.675781 0.0957031 0.675781 0.0957031 0.648438 0.0917969 0.642578 0.078125 0.646484 0.0546875 0.654297 0.0625 0.654297 0.0820312 0.669922 0.0859375 0.669922 0.0859375 0.671875 0.0488281 0.654297 0.0625
0 0.876953 0.0898438 0.898438 0.0605469 0.953125 0.0605469 0.978516 0.078125 0.990234 0.113281 0.949219 0.150391 0.949219 0.150391 0.925781 0.150391 0.884766 0.125 0.876953 0.0898438 0.896484 0.09375 0.910156 0.119141 0.958984 0.125 0.958984 0.125 0.966797 0.105469 0.949219 0.0839844 0.921875 0.0761719 0.896484 0.09375
0 0.015625 0.166016 0 0.164062 0.0175781 0.0976562 0 0.0820312 0 0.0664062 0.0273438 0.0605469 0.0410156 0.0898438 0.015625 0.166016
0 0.517578 0.113281 0.484375 0.154297 0.484375 0.154297 0.458984 0.140625 0.443359 0.113281 0.460938 0.0722656 0.496094 0.0761719 0.513672 0.0976562 0.517578 0.113281 0.494141 0.113281 0.472656 0.0957031 0.466797 0.109375 0.482422 0.125 0.482422 0.125 0.494141 0.113281
0 0.751953 0.109375 0.748047 0.0898438 0.761719 0.0683594 0.791016 0.0976562 0.78125 0.115234 0.78125 0.115234 0.751953 0.109375 0.759766 0.101562 0.775391 0.105469 0.775391 0.105469 0.761719 0.0839844 0.759766 0.101562
0 0.0664062 0.0917969 0.101562 0.0878906 0.134766 0.109375 0.142578 0.148438 0.105469 0.169922 0.105469 0.169922 0.0898438 0.169922 0.0566406 0.140625 0.0664062 0.0917969 0.0820312 0.107422 0.0800781 0.128906 0.115234 0.144531 0.115234 0.144531 0.119141 0.125 0.0820312 0.107422
0 0.685547 0.121094 0.703125 0.103516 0.726562 0.103516 0.736328 0.128906 0.710938 0.146484 0.710938 0.146484 0.691406 0.142578 0.685547 0.121094 0.693359 0.125 0.716797 0.132812 0.716797 0.132812 0.728516 0.121094 0.722656 0.111328 0.693359 0.125
0 0.300781 0.142578 0.314453 0.15625 0.314453 0.179688 0.289062 0.208984 0.289062 0.208984 0.253906 0.208984 0.210938 0.185547 0.193359 0.121094 0.246094 0.119141 0.300781 0.142578 0.28125 0.154297 0.220703 0.140625 0.238281 0.177734 0.291016 0.183594 0.291016 0.183594 0.294922 0.167969 0.28125 0.154297
0 0.431641 0.152344 0.427734 0.183594 0.386719 0.201172 0.386719 0.201172 0.355469 0.189453 0.345703 0.164062 0.371094 0.115234 0.410156 0.123047 0.431641 0.152344 0.412109 0.164062 0.394531 0.142578 0.375 0.146484 0.369141 0.160156 0.388672 0.175781 0.388672 0.175781 0.412109 0.164062
0 0.505859 0.167969 0.513672 0.140625 0.535156 0.130859 0.558594 0.134766 0.572266 0.15625 0.568359 0.179688 0.542969 0.197266 0.542969 0.197266 0.523438 0.197266 0.505859 0.167969 0.529297 0.171875 0.544922 0.171875 0.544922 0.171875 0.542969 0.154297 0.529297 0.171875
0 0.833984 0.195312 0.837891 0.152344 0.859375 0.130859 0.882812 0.134766 0.896484 0.15625 0.900391 0.191406 0.882812 0.220703 0.882812 0.220703 0.847656 0.220703 0.833984 0.195312 0.841797 0.191406 0.855469 0.212891 0.876953 0.210938 0.876953 0.210938 0.892578 0.183594 0.884766 0.152344 0.867188 0.138672 0.841797 0.167969 0.841797 0.191406
0 0.628906 0.150391 0.648438 0.146484 0.662109 0.164062 0.662109 0.222656 0.654297 0.242188 0.636719 0.248047 0.636719 0.248047 0.607422 0.234375 0.599609 0.183594 0.628906 0.150391 0.636719 0.173828 0.626953 0.1875 0.634766 0.222656 0.634766 0.222656 0.636719 0.173828
0 0.197266 0.166016 0.00390625 0.00390625
0 0.707031 0.166016 0.722656 0.166016 0.728516 0.207031 0.707031 0.236328 0.707031 0.236328 0.689453 0.226562 0.693359 0.183594 0.707031 0.166016 0.714844 0.173828 0.697266 0.207031 0.705078 0.222656 0.705078 0.222656 0.720703 0.199219 0.714844 0.173828
0 0.785156 0.251953 0.761719 0.251953 0.751953 0.238281 0.759766 0.191406 0.785156 0.166016 0.820312 0.166016 0.818359 0.214844 0.785156 0.251953 0.785156 0.251953 0.783203 0.242188 0.810547 0.207031 0.808594 0.173828 0.792969 0.173828 0.767578 0.199219 0.759766 0.230469 0.769531 0.244141 0.783203 0.242188 0.783203 0.242188
0 0.0585938 0.248047 0.0390625 0.248047 0.0214844 0.230469 0.0390625 0.185547 0.0585938 0.185547 0.0722656 0.207031 0.0585938 0.248047
0 0.132812 0.341797 0.121094 0.349609 0.107422 0.332031 0.115234 0.296875 0.15625 0.236328 0.207031 0.248047 0.224609 0.28125 0.228516 0.328125 0.212891 0.363281 0.191406 0.376953 0.191406 0.376953 0.15625 0.376953 0.132812 0.341797 0.146484 0.332031 0.164062 0.357422 0.185547 0.355469 0.185547 0.355469 0.201172 0.339844 0.205078 0.292969 0.167969 0.259766 0.146484 0.332031
0 0.996094 0.294922 0.982422 0.265625 0.996094 0.236328 0.996094 0.294922
0 0.890625 0.244141 0.941406 0.244141 0.978516 0.289062 0.970703 0.316406 0.945312 0.330078 0.945312 0.330078 0.886719 0.318359 0.857422 0.289062 0.857422 0.265625 0.890625 0.244141 0.886719 0.255859 0.873047 0.277344 0.880859 0.296875 0.90625 0.318359 0.931641 0.316406 0.931641 0.316406 0.962891 0.304688 0.947266 0.273438 0.917969 0.251953 0.886719 0.255859
0 0.4375 0.279297 0.445312 0.271484 0.466797 0.296875 0.470703 0.328125 0.458984 0.351562 0.425781 0.365234 0.425781 0.365234 0.371094 0.353516 0.357422 0.339844 0.349609 0.300781 0.378906 0.259766 0.429688 0.267578 0.4375 0.279297 0.4375 0.294922 0.402344 0.283203 0.380859 0.292969 0.373047 0.3125 0.382812 0.333984 0.435547 0.339844 0.435547 0.339844 0.447266 0.320312 0.4375 0.294922
0 0.5 0.259766 0.546875 0.259766 0.576172 0.289062 0.53125 0.337891 0.53125 0.337891 0.511719 0.333984 0.482422 0.300781 0.482422 0.277344 0.5 0.259766 0.503906 0.267578 0.490234 0.292969 0.525391 0.328125 0.525391 0.328125 0.564453 0.289062 0.519531 0.263672 0.503906 0.267578
0 0 0.337891 0.00390625 0.267578 0.0136719 0.328125 0 0.337891
0 0.78125 0.271484 0.804688 0.271484 0.826172 0.292969 0.808594 0.333984 0.808594 0.333984 0.785156 0.333984 0.771484 0.320312 0.767578 0.285156 0.78125 0.271484 0.789062 0.279297 0.779297 0.285156 0.783203 0.320312 0.802734 0.324219 0.802734 0.324219 0.818359 0.300781 0.789062 0.279297
0 0.722656 0.376953 0.679688 0.365234 0.658203 0.34375 0.662109 0.3125 0.691406 0.287109 0.71875 0.294922 0.751953 0.328125 0.748047 0.351562 0.722656 0.376953 0.722656 0.376953 0.720703 0.367188 0.740234 0.328125 0.699219 0.294922 0.673828 0.335938 0.720703 0.367188 0.720703 0.367188
0 0.634766 0.351562 0.617188 0.373047 0.617188 0.373047 0.585938 0.369141 0.552734 0.324219 0.582031 0.302734 0.625 0.310547 0.634766 0.351562 0.626953 0.347656 0.617188 0.318359 0.589844 0.310547 0.564453 0.328125 0.59375 0.361328 0.615234 0.363281 0.615234 0.363281 0.626953 0.347656
0 0.916016 0.40625 0.910156 0.427734 0.875 0.447266 0.875 0.447266 0.835938 0.447266 0.783203 0.394531 0.787109 0.371094 0.84375 0.341797 0.875 0.345703 0.916016 0.40625 0.908203 0.410156 0.867188 0.353516 0.816406 0.361328 0.791016 0.382812 0.84375 0.439453 0.869141 0.4375 0.869141 0.4375 0.908203 0.410156
0 0.511719 0.419922 0.486328 0.402344 0.492188 0.361328 0.544922 0.359375 0.556641 0.394531 0.539062 0.419922 0.539062 0.419922 0.511719 0.419922 0.515625 0.412109 0.533203 0.410156 0.533203 0.410156 0.544922 0.375 0.5 0.369141 0.490234 0.390625 0.515625 0.412109
0 0.996094 0.458984 0.962891 0.449219 0.962891 0.410156 0.992188 0.353516 0.998047 0.382812 0.974609 0.402344 0.970703 0.441406 0.976562 0.451172 0.996094 0.447266 0.996094 0.458984
0 0.226562 0.521484 0.197266 0.472656 0.205078 0.414062 0.21875 0.416016 0.25 0.373047 0.275391 0.378906 0.314453 0.4375 0.294922 0.511719 0.261719 0.533203 0.261719 0.533203 0.226562 0.521484 0.238281 0.505859 0.230469 0.525391 0.207031 0.533203 0.212891 0.554688 0.222656 0.572266 0.251953 0.574219 0.251953 0.574219 0.234375 0.552734 0.212891 0.554688 0.207031 0.533203 0.189453 0.570312 0.222656 0.595703 0.257812 0.599609 0.257812 0.599609 0.275391 0.578125 0.263672 0.550781 0.230469 0.525391 0.238281 0.505859 0.267578 0.507812 0.267578 0.507812 0.291016 0.46875 0.291016 0.4375 0.253906 0.392578 0.220703 0.464844 0.238281 0.505859
0 0 0.486328 0 0.464844 0.0175781 0.425781 0 0.394531 0.0078125 0.376953 0.0449219 0.417969 0.0253906 0.464844 0 0.486328
0 0.654297 0.421875 0.636719 0.447266 0.636719 0.447266 0.599609 0.429688 0.617188 0.388672 0.654297 0.394531 0.654297 0.421875 0.646484 0.417969 0.640625 0.396484 0.607422 0.417969 0.617188 0.435547 0.634766 0.4375 0.634766 0.4375 0.646484 0.417969
0 0.142578 0.425781 0.162109 0.476562 0.146484 0.519531 0.109375 0.529297 0.109375 0.529297 0.0683594 0.472656 0.0722656 0.433594 0.09375 0.404297 0.142578 0.425781 0.130859 0.445312 0.105469 0.427734 0.0917969 0.476562 0.126953 0.503906 0.126953 0.503906 0.138672 0.46875 0.130859 0.445312
0 0.693359 0.484375 0.705078 0.4375 0.769531 0.412109 0.783203 0.433594 0.779297 0.460938 0.761719 0.482422 0.722656 0.498047 0.722656 0.498047 0.693359 0.484375 0.701172 0.476562 0.724609 0.484375 0.724609 0.484375 0.763672 0.460938 0.769531 0.435547 0.738281 0.427734 0.708984 0.449219 0.701172 0.476562
0 0.0371094 0.451172 0.00390625 0.00390625
0 0.525391 0.566406 0.517578 0.519531 0.53125 0.494141 0.574219 0.470703 0.591797 0.496094 0.591797 0.5625 0.566406 0.599609 0.566406 0.599609 0.525391 0.566406 0.533203 0.558594 0.554688 0.587891 0.564453 0.585938 0.564453 0.585938 0.583984 0.554688 0.574219 0.486328 0.542969 0.498047 0.525391 0.527344 0.533203 0.558594
0 0.630859 0.53125 0.630859 0.496094 0.644531 0.478516 0.664062 0.478516 0.685547 0.507812 0.667969 0.560547 0.667969 0.560547 0.652344 0.560547 0.630859 0.53125 0.638672 0.527344 0.662109 0.550781 0.662109 0.550781 0.677734 0.515625 0.652344 0.486328 0.638672 0.5 0.638672 0.527344
0 0 0.550781 0.00390625 0.494141 0.0605469 0.523438 0.0605469 0.546875 0.0390625 0.560547 0.0390625 0.560547 0 0.550781 0.00195312 0.527344 0.0371094 0.535156 0.0371094 0.535156 0.0117188 0.521484 0.00195312 0.527344
0 0.130859 0.498047 0.00390625 0.00390625
0 0.330078 0.523438 0.359375 0.501953 0.386719 0.501953 0.400391 0.515625 0.396484 0.550781 0.367188 0.591797 0.34375 0.595703 0.34375 0.595703 0.322266 0.578125 0.330078 0.523438 0.349609 0.53125 0.353516 0.570312 0.353516 0.570312 0.373047 0.550781 0.375 0.521484 0.349609 0.53125
0 0.726562 0.517578 0.75 0.517578 0.763672 0.527344 0.767578 0.554688 0.738281 0.591797 0.714844 0.599609 0.714844 0.599609 0.685547 0.589844 0.693359 0.542969 0.726562 0.517578 0.730469 0.525391 0.705078 0.546875 0.693359 0.582031 0.708984 0.589844 0.708984 0.589844 0.751953 0.5625 0.759766 0.546875 0.75 0.529297 0.730469 0.525391
0 0.810547 0.574219 0.814453 0.539062 0.828125 0.525391 0.871094 0.529297 0.888672 0.542969 0.884766 0.5625 0.84375 0.595703 0.84375 0.595703 0.828125 0.595703 0.810547 0.574219 0.818359 0.566406 0.828125 0.580078 0.853516 0.578125 0.853516 0.578125 0.876953 0.546875 0.835938 0.533203 0.818359 0.566406
0 0.914062 0.521484 0.941406 0.525391 0.966797 0.570312 0.966797 0.59375 0.945312 0.615234 0.945312 0.615234 0.910156 0.611328 0.888672 0.582031 0.896484 0.539062 0.914062 0.521484 0.917969 0.529297 0.904297 0.546875 0.900391 0.585938 0.910156 0.599609 0.939453 0.605469 0.939453 0.605469 0.958984 0.574219 0.935547 0.535156 0.917969 0.529297
0 0.185547 0.597656 0.181641 0.621094 0.136719 0.662109 0.136719 0.662109 0.0917969 0.644531 0.0917969 0.589844 0.117188 0.560547 0.152344 0.552734 0.185547 0.574219 0.185547 0.597656 0.166016 0.597656 0.160156 0.576172 0.132812 0.576172 0.117188 0.599609 0.111328 0.59375 0.111328 0.628906 0.134766 0.636719 0.134766 0.636719 0.166016 0.597656
0 0.472656 0.642578 0.451172 0.613281 0.455078 0.582031 0.476562 0.564453 0.515625 0.568359 0.544922 0.609375 0.535156 0.646484 0.535156 0.646484 0.472656 0.642578 0.480469 0.634766 0.529297 0.636719 0.529297 0.636719 0.537109 0.617188 0.507812 0.576172 0.484375 0.572266 0.462891 0.589844 0.458984 0.605469 0.480469 0.634766
0 0.583984 0.632812 0.625 0.572266 0.669922 0.59375 0.669922 0.652344 0.644531 0.677734 0.644531 0.677734 0.605469 0.677734 0.583984 0.660156 0.583984 0.632812 0.591797 0.636719 0.605469 0.666016 0.638672 0.667969 0.638672 0.667969 0.662109 0.644531 0.662109 0.601562 0.648438 0.587891 0.628906 0.591797 0.591797 0.636719
0 0.0605469 0.601562 0.0683594 0.644531 0.0585938 0.666016 0.0585938 0.666016 0.0234375 0.658203 0.00976562 0.636719 0.00585938 0.597656 0.015625 0.583984 0.046875 0.583984 0.0605469 0.601562 0.0449219 0.613281 0.03125 0.603516 0.0410156 0.644531 0.0410156 0.644531 0.0449219 0.613281
0 0.892578 0.644531 0.892578 0.679688 0.859375 0.716797 0.859375 0.716797 0.830078 0.703125 0.814453 0.667969 0.822266 0.640625 0.855469 0.603516 0.892578 0.644531 0.884766 0.652344 0.851562 0.623047 0.826172 0.675781 0.853516 0.707031 0.853516 0.707031 0.880859 0.679688 0.884766 0.652344
0 0.119141 0.623047 0.00390625 0.00390625
0 0.689453 0.65625 0.693359 0.632812 0.714844 0.619141 0.75 0.619141 0.769531 0.634766 0.787109 0.664062 0.787109 0.683594 0.769531 0.697266 0.769531 0.697266 0.710938 0.685547 0.689453 0.65625 0.697266 0.652344 0.71875 0.677734 0.763672 0.6875 0.763672 0.6875 0.779297 0.671875 0.75 0.630859 0.71875 0.626953 0.701172 0.640625 0.697266 0.652344
0 0.251953 0.71875 0.222656 0.736328 0.222656 0.736328 0.173828 0.703125 0.173828 0.6875 0.207031 0.650391 0.263672 0.671875 0.251953 0.71875 0.236328 0.703125 0.244141 0.683594 0.234375 0.673828 0.201172 0.695312 0.216797 0.710938 0.216797 0.710938 0.236328 0.703125
0 0.501953 0.710938 0.535156 0.666016 0.570312 0.658203 0.591797 0.691406 0.591797 0.71875 0.558594 0.759766 0.558594 0.759766 0.503906 0.740234 0.501953 0.710938 0.509766 0.714844 0.515625 0.736328 0.556641 0.75 0.556641 0.75 0.583984 0.710938 0.5625 0.666016 0.53125 0.681641 0.509766 0.714844
0 0.101562 0.689453 0.138672 0.71875 0.134766 0.75 0.117188 0.759766 0.117188 0.759766 0.0644531 0.734375 0.0625 0.681641 0.101562 0.689453 0.0976562 0.708984 0.0800781 0.714844 0.0859375 0.728516 0.115234 0.730469 0.115234 0.730469 0.0976562 0.708984
0 0.630859 0.734375 0.650391 0.6875 0.679688 0.677734 0.689453 0.710938 0.667969 0.763672 0.667969 0.763672 0.640625 0.759766 0.630859 0.734375 0.638672 0.738281 0.662109 0.753906 0.662109 0.753906 0.681641 0.707031 0.671875 0.685547 0.638672 0.738281
0 0.960938 0.826172 0.941406 0.822266 0.900391 0.777344 0.912109 0.726562 0.949219 0.685547 0.990234 0.703125 0.998047 0.746094 0.957031 0.693359 0.916016 0.738281 0.908203 0.769531 0.953125 0.818359 0.998047 0.769531 0.998047 0.785156 0.960938 0.826172
0 0.787109 0.734375 0.779297 0.769531 0.757812 0.791016 0.757812 0.791016 0.734375 0.791016 0.716797 0.773438 0.724609 0.738281 0.746094 0.716797 0.769531 0.716797 0.787109 0.734375 0.779297 0.738281 0.761719 0.724609 0.742188 0.732422 0.724609 0.761719 0.734375 0.779297 0.751953 0.78125 0.751953 0.78125 0.779297 0.738281
0 0.0546875 0.787109 0.0234375 0.779297 0.0136719 0.761719 0.0507812 0.736328 0.0722656 0.773438 0.0546875 0.787109
0 0.652344 0.767578 0.689453 0.789062 0.689453 0.816406 0.652344 0.853516 0.652344 0.853516 0.568359 0.804688 0.597656 0.763672 0.652344 0.767578 0.644531 0.775391 0.601562 0.775391 0.583984 0.804688 0.646484 0.84375 0.646484 0.84375 0.681641 0.796875 0.644531 0.775391
0 0.408203 0.839844 0.40625 0.783203 0.425781 0.787109 0.455078 0.820312 0.4375 0.857422 0.4375 0.857422 0.408203 0.839844 0.416016 0.832031 0.431641 0.847656 0.431641 0.847656 0.443359 0.820312 0.417969 0.794922 0.416016 0.832031
0 0.101562 0.798828 0.119141 0.832031 0.0898438 0.865234 0.0898438 0.865234 0.0625 0.861328 0.0527344 0.84375 0.0703125 0.802734 0.101562 0.798828 0.09375 0.818359 0.0800781 0.828125 0.0800781 0.839844 0.0917969 0.839844 0.0917969 0.839844 0.09375 0.818359
0 0.0195312 0.880859 0 0.878906 0.0214844 0.832031 0 0.828125 0.00390625 0.802734 0.0449219 0.824219 0.0195312 0.880859
0 0.53125 0.908203 0.5 0.900391 0.486328 0.882812 0.482422 0.820312 0.496094 0.806641 0.537109 0.816406 0.541016 0.894531 0.53125 0.908203 0.53125 0.908203 0.529297 0.898438 0.533203 0.835938 0.523438 0.818359 0.503906 0.814453 0.490234 0.835938 0.490234 0.867188 0.507812 0.892578 0.529297 0.898438 0.529297 0.898438
0 0.382812 0.908203 0.359375 0.908203 0.345703 0.894531 0.328125 0.818359 0.386719 0.818359 0.400391 0.832031 0.404297 0.878906 0.382812 0.908203 0.382812 0.908203 0.373047 0.886719 0.384766 0.855469 0.363281 0.837891 0.353516 0.855469 0.373047 0.886719 0.373047 0.886719
0 0.00195312 0.841797 0.00390625 0.00390625
0 0.263672 0.890625 0.267578 0.90625 0.251953 0.933594 0.203125 0.958984 0.203125 0.958984 0.144531 0.923828 0.126953 0.894531 0.123047 0.871094 0.144531 0.845703 0.195312 0.849609 0.207031 0.861328 0.214844 0.853516 0.263672 0.890625 0.248047 0.902344 0.236328 0.886719 0.152344 0.869141 0.154297 0.898438 0.1875 0.931641 0.212891 0.933594 0.212891 0.933594 0.248047 0.902344
0 0.441406 0.923828 0.419922 0.917969 0.425781 0.884766 0.458984 0.890625 0.441406 0.923828 0.441406 0.923828 0.439453 0.914062 0.445312 0.892578 0.427734 0.898438 0.439453 0.914062 0.439453 0.914062
0 0.0625 0.998047 0.0449219 0.996094 0.0527344 0.976562 0.0234375 0.935547 0.00195312 0.941406 0.0136719 0.996094 0 0.996094 0 0.912109 0.0273438 0.912109 0.0722656 0.957031 0.0761719 0.980469 0.0625 0.998047
0 0.310547 0.9375 0.332031 0.916016 0.369141 0.9375 0.365234 0.984375 0.351562 0.998047 0.351562 0.998047 0.320312 0.998047 0.310547 0.980469 0.310547 0.9375 0.330078 0.949219 0.337891 0.976562 0.337891 0.976562 0.349609 0.964844 0.339844 0.939453 0.330078 0.949219
0 0.425781 0.947266 0.451172 0.953125 0.4375 0.986328 0.4375 0.986328 0.416016 0.984375 0.425781 0.947266 0.433594 0.955078 0.423828 0.96875 0.431641 0.976562 0.431641 0.976562 0.443359 0.960938 0.433594 0.955078
0 0.84375 0.998047 0.833984 0.996094 0.837891 0.96875 0.824219 0.958984 0.794922 0.972656 0.785156 0.998047 0.779297 0.976562 0.828125 0.951172 0.845703 0.964844 0.84375 0.998047
