0 0.796875 0.00195312 0.0078125 0.00390625
0 0.810547 0.00195312 0.00390625 0.00390625
0 0.824219 0.00195312 0.814453 0 0.824219 0.00195312
0 0.996094 0.146484 0.921875 0.126953 0.908203 0.109375 0.892578 0.0742188 0.892578 0.0273438 0.90625 0 0.927734 0 0.923828 0.0859375 0.933594 0.0996094 0.996094 0.119141 0.996094 0.146484
0 0.966797 0.00195312 0.00390625 0.00390625
0 0.996094 0.0136719 0.970703 0 0.996094 0 0.996094 0.0136719
0 0.857422 0.160156 0.865234 0.207031 0.853516 0.238281 0.816406 0.263672 0.816406 0.263672 0.75 0.251953 0.740234 0.226562 0.751953 0.164062 0.796875 0.126953 0.869141 0.140625 0.869141 0.15625 0.857422 0.160156 0.837891 0.175781 0.800781 0.154297 0.771484 0.1875 0.767578 0.222656 0.773438 0.236328 0.810547 0.234375 0.810547 0.234375 0.833984 0.21875 0.837891 0.175781
0 0.982422 0.185547 0.00390625 0.00390625
0 0.996094 0.294922 0.953125 0.291016 0.919922 0.265625 0.927734 0.21875 0.953125 0.185547 0.964844 0.201172 0.998047 0.1875 0.998047 0.210938 0.964844 0.220703 0.943359 0.246094 0.957031 0.263672 0.996094 0.263672 0.996094 0.294922
0 0.779297 0.267578 0.00390625 0.00390625
0 0.8125 0.466797 0.787109 0.445312 0.775391 0.417969 0.779297 0.378906 0.839844 0.326172 0.910156 0.310547 0.943359 0.34375 0.935547 0.40625 0.904297 0.453125 0.867188 0.474609 0.867188 0.474609 0.8125 0.466797 0.816406 0.439453 0.873047 0.445312 0.873047 0.445312 0.896484 0.425781 0.912109 0.386719 0.916016 0.355469 0.902344 0.337891 0.839844 0.357422 0.798828 0.402344 0.816406 0.439453
0 0.996094 0.568359 0.966797 0.503906 0.96875 0.490234 0.996094 0.478516 0.996094 0.568359
0 0.998047 0.580078 0.00390625 0.00390625
