0 0.53125 0.240234 0.513672 0.21875 0.517578 0.195312 0.550781 0.162109 0.582031 0.162109 0.603516 0.175781 0.599609 0.214844 0.566406 0.240234 0.566406 0.240234 0.53125 0.240234 0.539062 0.232422 0.560547 0.230469 0.560547 0.230469 0.595703 0.199219 0.595703 0.183594 0.574219 0.169922 0.542969 0.177734 0.521484 0.210938 0.539062 0.232422
0 0.419922 0.222656 0.367188 0.275391 0.367188 0.275391 0.333984 0.261719 0.330078 0.195312 0.351562 0.169922 0.394531 0.169922 0.419922 0.203125 0.419922 0.222656 0.412109 0.21875 0.386719 0.177734 0.351562 0.181641 0.333984 0.21875 0.345703 0.261719 0.365234 0.265625 0.365234 0.265625 0.412109 0.21875
0 0.148438 0.279297 0.125 0.263672 0.0839844 0.207031 0.0839844 0.183594 0.195312 0.181641 0.193359 0.265625 0.183594 0.279297 0.183594 0.279297 0.148438 0.279297 0.152344 0.271484 0.177734 0.269531 0.177734 0.269531 0.1875 0.189453 0.0957031 0.191406 0.103516 0.222656 0.132812 0.255859 0.152344 0.271484
0 0.703125 0.189453 0.740234 0.207031 0.755859 0.246094 0.744141 0.296875 0.714844 0.322266 0.714844 0.322266 0.664062 0.310547 0.638672 0.261719 0.654297 0.226562 0.703125 0.189453 0.707031 0.197266 0.654297 0.242188 0.650391 0.277344 0.675781 0.306641 0.712891 0.3125 0.712891 0.3125 0.732422 0.296875 0.748047 0.25 0.736328 0.21875 0.707031 0.197266
0 0.992188 0.330078 0.964844 0.326172 0.927734 0.273438 0.927734 0.222656 0.957031 0.189453 0.996094 0.197266 0.998047 0.214844 0.960938 0.208984 0.935547 0.238281 0.935547 0.265625 0.972656 0.318359 0.984375 0.322266 0.998047 0.308594 0.992188 0.330078
0 0.0234375 0.294922 0 0.287109 0 0.273438 0.0117188 0.283203 0.0429688 0.279297 0.0566406 0.261719 0.0566406 0.234375 0.03125 0.205078 0 0.216797 0 0.203125 0.015625 0.193359 0.0507812 0.208984 0.0644531 0.230469 0.0605469 0.277344 0.0234375 0.294922
0 0.457031 0.294922 0.439453 0.277344 0.435547 0.257812 0.457031 0.228516 0.484375 0.228516 0.509766 0.246094 0.509766 0.277344 0.492188 0.298828 0.492188 0.298828 0.457031 0.294922 0.460938 0.287109 0.486328 0.289062 0.486328 0.289062 0.501953 0.253906 0.460938 0.236328 0.443359 0.261719 0.460938 0.287109
0 0.808594 0.244141 0.832031 0.240234 0.855469 0.248047 0.873047 0.28125 0.841797 0.359375 0.820312 0.369141 0.820312 0.369141 0.769531 0.365234 0.763672 0.324219 0.787109 0.265625 0.808594 0.244141 0.816406 0.251953 0.787109 0.28125 0.775391 0.3125 0.775391 0.355469 0.814453 0.359375 0.814453 0.359375 0.833984 0.351562 0.861328 0.28125 0.835938 0.251953 0.816406 0.251953
0 0.216797 0.296875 0.224609 0.269531 0.25 0.251953 0.285156 0.255859 0.314453 0.285156 0.314453 0.308594 0.269531 0.330078 0.269531 0.330078 0.242188 0.326172 0.216797 0.296875 0.224609 0.292969 0.267578 0.320312 0.267578 0.320312 0.296875 0.310547 0.306641 0.292969 0.289062 0.271484 0.257812 0.259766 0.224609 0.292969
0 0.398438 0.337891 0.380859 0.328125 0.380859 0.308594 0.394531 0.326172 0.408203 0.292969 0.394531 0.287109 0.378906 0.306641 0.373047 0.296875 0.390625 0.279297 0.410156 0.279297 0.416016 0.3125 0.398438 0.337891
0 0.582031 0.283203 0.625 0.294922 0.642578 0.320312 0.646484 0.363281 0.632812 0.396484 0.632812 0.396484 0.585938 0.388672 0.564453 0.355469 0.560547 0.332031 0.582031 0.283203 0.585938 0.294922 0.576172 0.316406 0.580078 0.367188 0.601562 0.384766 0.630859 0.382812 0.630859 0.382812 0.638672 0.335938 0.626953 0.3125 0.585938 0.294922
0 0.162109 0.304688 0.179688 0.294922 0.203125 0.302734 0.228516 0.324219 0.222656 0.353516 0.222656 0.353516 0.160156 0.337891 0.162109 0.304688 0.169922 0.3125 0.171875 0.333984 0.216797 0.34375 0.216797 0.34375 0.220703 0.332031 0.195312 0.310547 0.169922 0.3125
0 0.0175781 0.363281 0.0214844 0.335938 0.0332031 0.335938 0.046875 0.302734 0.0820312 0.310547 0.111328 0.355469 0.111328 0.386719 0.0820312 0.423828 0.0820312 0.423828 0.046875 0.408203 0.0175781 0.363281 0.0761719 0.394531 0.0410156 0.363281 0.0585938 0.333984 0.0839844 0.355469 0.0546875 0.416016 0.0800781 0.457031 0.0683594 0.457031 0.0625 0.443359 0.0292969 0.441406 0.0390625 0.462891 0.0566406 0.460938 0.0566406 0.460938 0.0683594 0.457031 0.0800781 0.457031 0.0429688 0.474609 0.0429688 0.474609 0.0253906 0.46875 0.0175781 0.429688 0.0546875 0.416016 0.0839844 0.355469 0.0761719 0.394531 0.0761719 0.394531
0 0.933594 0.322266 0.958984 0.332031 0.953125 0.365234 0.953125 0.365234 0.923828 0.363281 0.933594 0.322266 0.9375 0.330078 0.931641 0.355469 0.947266 0.355469 0.947266 0.355469 0.951172 0.339844 0.9375 0.330078
0 0.224609 0.371094 0.265625 0.337891 0.279297 0.351562 0.279297 0.390625 0.257812 0.412109 0.257812 0.412109 0.228516 0.394531 0.224609 0.371094 0.232422 0.378906 0.242188 0.396484 0.259766 0.398438 0.259766 0.398438 0.271484 0.382812 0.261719 0.349609 0.232422 0.378906
0 0.378906 0.349609 0.392578 0.371094 0.392578 0.417969 0.371094 0.439453 0.371094 0.439453 0.332031 0.439453 0.318359 0.425781 0.326172 0.375 0.355469 0.349609 0.378906 0.349609 0.371094 0.357422 0.337891 0.375 0.326172 0.40625 0.332031 0.427734 0.365234 0.429688 0.365234 0.429688 0.384766 0.410156 0.384766 0.378906 0.371094 0.357422
0 0.539062 0.353516 0.548828 0.382812 0.515625 0.419922 0.515625 0.419922 0.480469 0.419922 0.478516 0.390625 0.503906 0.353516 0.539062 0.353516 0.535156 0.361328 0.511719 0.361328 0.482422 0.40625 0.513672 0.410156 0.513672 0.410156 0.541016 0.378906 0.535156 0.361328
0 0.710938 0.353516 0.738281 0.353516 0.767578 0.375 0.759766 0.414062 0.734375 0.439453 0.734375 0.439453 0.669922 0.40625 0.673828 0.378906 0.710938 0.353516 0.71875 0.361328 0.695312 0.373047 0.681641 0.398438 0.732422 0.425781 0.732422 0.425781 0.759766 0.382812 0.71875 0.361328
0 0.1875 0.451172 0.160156 0.451172 0.130859 0.433594 0.123047 0.378906 0.144531 0.357422 0.183594 0.369141 0.220703 0.402344 0.212891 0.4375 0.1875 0.451172 0.1875 0.451172 0.185547 0.429688 0.197266 0.40625 0.15625 0.380859 0.150391 0.417969 0.185547 0.429688 0.185547 0.429688
0 0.830078 0.410156 0.837891 0.378906 0.863281 0.365234 0.921875 0.373047 0.943359 0.402344 0.943359 0.433594 0.917969 0.451172 0.917969 0.451172 0.855469 0.435547 0.830078 0.410156 0.837891 0.40625 0.863281 0.427734 0.912109 0.441406 0.912109 0.441406 0.935547 0.425781 0.914062 0.380859 0.867188 0.373047 0.841797 0.390625 0.837891 0.40625
0 0.441406 0.482422 0.416016 0.476562 0.416016 0.441406 0.433594 0.423828 0.460938 0.423828 0.474609 0.4375 0.474609 0.464844 0.441406 0.482422 0.441406 0.482422 0.439453 0.472656 0.466797 0.457031 0.453125 0.431641 0.423828 0.449219 0.423828 0.46875 0.439453 0.472656 0.439453 0.472656
0 0.505859 0.464844 0.501953 0.441406 0.519531 0.423828 0.554688 0.423828 0.560547 0.449219 0.535156 0.474609 0.535156 0.474609 0.505859 0.464844 0.509766 0.457031 0.529297 0.464844 0.529297 0.464844 0.548828 0.449219 0.546875 0.431641 0.513672 0.441406 0.509766 0.457031
0 0.591797 0.4375 0.613281 0.423828 0.648438 0.423828 0.681641 0.46875 0.671875 0.494141 0.671875 0.494141 0.613281 0.482422 0.591797 0.460938 0.591797 0.4375 0.599609 0.445312 0.636719 0.486328 0.666016 0.484375 0.666016 0.484375 0.669922 0.464844 0.640625 0.431641 0.599609 0.445312
0 0 0.529297 0.00390625 0.447266 0.0175781 0.488281 0 0.529297
0 0.181641 0.542969 0.181641 0.476562 0.199219 0.458984 0.246094 0.455078 0.279297 0.484375 0.275391 0.515625 0.25 0.552734 0.222656 0.564453 0.222656 0.564453 0.181641 0.542969 0.201172 0.535156 0.220703 0.539062 0.220703 0.539062 0.255859 0.507812 0.251953 0.484375 0.234375 0.474609 0.205078 0.480469 0.201172 0.535156
0 0.128906 0.521484 0.0996094 0.511719 0.109375 0.458984 0.128906 0.458984 0.138672 0.476562 0.128906 0.521484 0.128906 0.521484 0.126953 0.511719 0.130859 0.484375 0.117188 0.466797 0.111328 0.511719 0.126953 0.511719 0.126953 0.511719
0 0.78125 0.458984 0.828125 0.462891 0.826172 0.523438 0.808594 0.552734 0.789062 0.556641 0.789062 0.556641 0.751953 0.550781 0.748047 0.492188 0.78125 0.458984 0.785156 0.466797 0.755859 0.5 0.759766 0.542969 0.783203 0.546875 0.783203 0.546875 0.814453 0.527344 0.822266 0.472656 0.8125 0.466797 0.785156 0.466797
0 0.396484 0.53125 0.375 0.568359 0.375 0.568359 0.341797 0.5625 0.337891 0.511719 0.355469 0.482422 0.386719 0.466797 0.396484 0.476562 0.396484 0.53125 0.388672 0.527344 0.382812 0.478516 0.349609 0.507812 0.349609 0.554688 0.361328 0.558594 0.361328 0.558594 0.388672 0.527344
0 0.542969 0.583984 0.513672 0.550781 0.521484 0.511719 0.546875 0.494141 0.582031 0.498047 0.607422 0.519531 0.603516 0.554688 0.5625 0.587891 0.5625 0.587891 0.542969 0.583984 0.550781 0.576172 0.564453 0.574219 0.564453 0.574219 0.595703 0.546875 0.599609 0.527344 0.554688 0.501953 0.521484 0.539062 0.550781 0.576172
0 0.0839844 0.535156 0.0703125 0.552734 0.0703125 0.552734 0.0507812 0.552734 0.0410156 0.535156 0.0585938 0.498047 0.0839844 0.507812 0.0839844 0.535156 0.0761719 0.53125 0.0703125 0.509766 0.0527344 0.519531 0.0527344 0.539062 0.0644531 0.542969 0.0644531 0.542969 0.0761719 0.53125
0 0.46875 0.568359 0.441406 0.568359 0.416016 0.550781 0.412109 0.519531 0.421875 0.505859 0.457031 0.505859 0.490234 0.527344 0.494141 0.554688 0.46875 0.568359 0.46875 0.568359 0.466797 0.558594 0.486328 0.539062 0.449219 0.513672 0.429688 0.513672 0.423828 0.542969 0.4375 0.556641 0.466797 0.558594 0.466797 0.558594
0 0.652344 0.591797 0.626953 0.570312 0.626953 0.53125 0.640625 0.513672 0.691406 0.509766 0.701172 0.523438 0.697266 0.578125 0.683594 0.591797 0.683594 0.591797 0.652344 0.591797 0.65625 0.583984 0.677734 0.582031 0.677734 0.582031 0.697266 0.539062 0.683594 0.517578 0.648438 0.521484 0.634766 0.5625 0.65625 0.583984
0 0.894531 0.521484 0.953125 0.513672 0.982422 0.535156 0.982422 0.566406 0.941406 0.603516 0.886719 0.611328 0.886719 0.611328 0.876953 0.605469 0.873047 0.5625 0.894531 0.521484 0.898438 0.529297 0.884766 0.554688 0.884766 0.597656 0.923828 0.597656 0.923828 0.597656 0.978516 0.550781 0.945312 0.521484 0.898438 0.529297
0 0.111328 0.625 0.111328 0.597656 0.125 0.568359 0.148438 0.564453 0.162109 0.570312 0.162109 0.597656 0.136719 0.630859 0.136719 0.630859 0.111328 0.625 0.119141 0.621094 0.130859 0.621094 0.130859 0.621094 0.154297 0.59375 0.152344 0.576172 0.140625 0.572266 0.123047 0.589844 0.119141 0.621094
0 0.412109 0.632812 0.417969 0.580078 0.4375 0.580078 0.455078 0.605469 0.449219 0.658203 0.449219 0.658203 0.433594 0.658203 0.412109 0.632812 0.419922 0.625 0.443359 0.648438 0.443359 0.648438 0.447266 0.613281 0.425781 0.587891 0.419922 0.625
0 0.503906 0.642578 0.462891 0.625 0.462891 0.59375 0.476562 0.580078 0.521484 0.601562 0.521484 0.628906 0.503906 0.642578 0.503906 0.642578 0.501953 0.632812 0.513672 0.621094 0.509766 0.601562 0.476562 0.591797 0.474609 0.621094 0.501953 0.632812 0.501953 0.632812
0 0 0.623047 0 0.583984 0 0.623047
0 0.287109 0.617188 0.304688 0.587891 0.332031 0.587891 0.345703 0.601562 0.345703 0.644531 0.320312 0.677734 0.320312 0.677734 0.287109 0.660156 0.287109 0.617188 0.294922 0.621094 0.294922 0.652344 0.314453 0.667969 0.314453 0.667969 0.337891 0.636719 0.337891 0.609375 0.324219 0.595703 0.294922 0.621094
0 0.0722656 0.605469 0.0722656 0.628906 0.0585938 0.642578 0.0585938 0.642578 0.0292969 0.636719 0.0390625 0.591797 0.0722656 0.605469 0.0644531 0.609375 0.046875 0.599609 0.0371094 0.628906 0.0527344 0.632812 0.0527344 0.632812 0.0644531 0.609375
0 0.636719 0.595703 0.658203 0.613281 0.652344 0.646484 0.652344 0.646484 0.619141 0.640625 0.611328 0.617188 0.621094 0.599609 0.636719 0.595703 0.632812 0.603516 0.623047 0.625 0.632812 0.638672 0.646484 0.636719 0.646484 0.636719 0.650391 0.621094 0.632812 0.603516
0 0.224609 0.621094 0.228516 0.640625 0.195312 0.681641 0.195312 0.681641 0.179688 0.681641 0.162109 0.65625 0.166016 0.625 0.191406 0.599609 0.224609 0.621094 0.203125 0.626953 0.189453 0.628906 0.193359 0.65625 0.193359 0.65625 0.203125 0.626953
0 0.775391 0.660156 0.775391 0.699219 0.757812 0.720703 0.757812 0.720703 0.726562 0.720703 0.693359 0.679688 0.730469 0.607422 0.775391 0.660156 0.767578 0.664062 0.738281 0.626953 0.705078 0.679688 0.734375 0.712891 0.755859 0.710938 0.755859 0.710938 0.767578 0.664062
0 0.373047 0.644531 0.386719 0.626953 0.412109 0.644531 0.412109 0.671875 0.398438 0.685547 0.398438 0.685547 0.373047 0.679688 0.373047 0.644531 0.380859 0.648438 0.380859 0.671875 0.392578 0.675781 0.392578 0.675781 0.404297 0.664062 0.394531 0.638672 0.380859 0.648438
0 0.576172 0.675781 0.580078 0.640625 0.597656 0.626953 0.626953 0.65625 0.621094 0.701172 0.621094 0.701172 0.601562 0.701172 0.576172 0.675781 0.583984 0.667969 0.615234 0.691406 0.615234 0.691406 0.619141 0.664062 0.597656 0.638672 0.583984 0.667969
0 0.0195312 0.650391 0.0410156 0.65625 0.0351562 0.689453 0.0351562 0.689453 0.0136719 0.679688 0.0195312 0.650391 0.0273438 0.658203 0.0292969 0.679688 0.0292969 0.679688 0.0273438 0.658203
0 0.253906 0.658203 0.277344 0.662109 0.306641 0.703125 0.298828 0.742188 0.269531 0.755859 0.269531 0.755859 0.240234 0.738281 0.224609 0.699219 0.228516 0.679688 0.253906 0.658203 0.253906 0.681641 0.251953 0.710938 0.275391 0.730469 0.275391 0.730469 0.275391 0.691406 0.253906 0.681641
0 0.488281 0.673828 0.527344 0.673828 0.568359 0.710938 0.568359 0.726562 0.519531 0.763672 0.519531 0.763672 0.447266 0.734375 0.447266 0.714844 0.488281 0.673828 0.496094 0.681641 0.458984 0.722656 0.521484 0.75 0.521484 0.75 0.560547 0.71875 0.519531 0.681641 0.496094 0.681641
0 0 0.716797 0.00390625 0.681641 0 0.716797
0 0.0449219 0.726562 0.0449219 0.710938 0.0742188 0.689453 0.0800781 0.71875 0.0625 0.736328 0.0625 0.736328 0.0449219 0.726562 0.0527344 0.71875 0.0644531 0.722656 0.0644531 0.722656 0.0664062 0.697266 0.0527344 0.71875
0 0.392578 0.734375 0.396484 0.75 0.375 0.783203 0.375 0.783203 0.339844 0.783203 0.322266 0.769531 0.324219 0.689453 0.363281 0.701172 0.392578 0.734375 0.373047 0.742188 0.339844 0.716797 0.341797 0.753906 0.361328 0.761719 0.361328 0.761719 0.373047 0.742188
0 0.101562 0.783203 0.0800781 0.777344 0.0800781 0.726562 0.0976562 0.708984 0.115234 0.71875 0.115234 0.765625 0.101562 0.783203 0.101562 0.783203 0.0996094 0.773438 0.101562 0.720703 0.0878906 0.738281 0.0878906 0.769531 0.0996094 0.773438 0.0996094 0.773438
0 0.126953 0.769531 0.132812 0.728516 0.148438 0.728516 0.162109 0.75 0.152344 0.779297 0.152344 0.779297 0.126953 0.769531 0.134766 0.765625 0.150391 0.769531 0.150391 0.769531 0.154297 0.753906 0.140625 0.736328 0.134766 0.765625
0 0.623047 0.796875 0.615234 0.75 0.625 0.740234 0.660156 0.744141 0.681641 0.765625 0.671875 0.822266 0.671875 0.822266 0.623047 0.796875 0.630859 0.789062 0.666016 0.8125 0.666016 0.8125 0.669922 0.773438 0.648438 0.751953 0.632812 0.751953 0.623047 0.761719 0.630859 0.789062
0 0.949219 0.853516 0.898438 0.837891 0.876953 0.8125 0.876953 0.789062 0.9375 0.740234 0.96875 0.740234 0.998047 0.757812 0.996094 0.771484 0.949219 0.748047 0.884766 0.796875 0.888672 0.8125 0.933594 0.845703 0.998047 0.820312 0.992188 0.833984 0.949219 0.853516
0 0.177734 0.789062 0.199219 0.759766 0.253906 0.759766 0.279297 0.777344 0.291016 0.8125 0.25 0.849609 0.25 0.849609 0.226562 0.849609 0.185547 0.824219 0.177734 0.789062 0.197266 0.792969 0.210938 0.818359 0.259766 0.824219 0.259766 0.824219 0.267578 0.804688 0.25 0.783203 0.222656 0.775391 0.197266 0.792969
0 0.396484 0.808594 0.396484 0.769531 0.417969 0.755859 0.4375 0.759766 0.451172 0.785156 0.451172 0.816406 0.425781 0.833984 0.425781 0.833984 0.396484 0.808594 0.404297 0.804688 0.417969 0.822266 0.431641 0.820312 0.431641 0.820312 0.443359 0.792969 0.429688 0.767578 0.414062 0.767578 0.404297 0.804688
0 0.0527344 0.808594 0.0488281 0.789062 0.0625 0.767578 0.0917969 0.796875 0.0820312 0.814453 0.0820312 0.814453 0.0527344 0.808594 0.0605469 0.800781 0.0761719 0.804688 0.0761719 0.804688 0.0625 0.783203 0.0605469 0.800781
0 0.570312 0.892578 0.535156 0.888672 0.509766 0.84375 0.550781 0.767578 0.59375 0.794922 0.619141 0.828125 0.619141 0.855469 0.570312 0.892578 0.570312 0.892578 0.564453 0.882812 0.611328 0.839844 0.554688 0.779297 0.521484 0.828125 0.521484 0.847656 0.546875 0.884766 0.564453 0.882812 0.564453 0.882812
0 0.763672 0.835938 0.759766 0.804688 0.773438 0.779297 0.804688 0.783203 0.826172 0.804688 0.830078 0.851562 0.8125 0.865234 0.8125 0.865234 0.785156 0.861328 0.763672 0.835938 0.771484 0.832031 0.802734 0.851562 0.802734 0.851562 0.814453 0.808594 0.78125 0.787109 0.767578 0.808594 0.771484 0.832031
0 0.359375 0.841797 0.314453 0.835938 0.320312 0.798828 0.359375 0.794922 0.380859 0.808594 0.376953 0.832031 0.359375 0.841797 0.359375 0.841797 0.357422 0.832031 0.373047 0.816406 0.363281 0.806641 0.322266 0.8125 0.328125 0.833984 0.357422 0.832031 0.357422 0.832031
0 0.0117188 0.845703 0 0.835938 0.0292969 0.816406 0.0117188 0.810547 0 0.822266 0 0.808594 0.0273438 0.802734 0.0371094 0.828125 0.0117188 0.845703
0 0.134766 0.894531 0.138672 0.851562 0.160156 0.830078 0.183594 0.833984 0.197266 0.855469 0.201172 0.890625 0.183594 0.919922 0.183594 0.919922 0.148438 0.919922 0.134766 0.894531 0.142578 0.890625 0.15625 0.912109 0.177734 0.910156 0.177734 0.910156 0.193359 0.882812 0.185547 0.851562 0.167969 0.837891 0.142578 0.867188 0.142578 0.890625
0 0.435547 0.875 0.464844 0.841797 0.492188 0.837891 0.501953 0.902344 0.464844 0.931641 0.464844 0.931641 0.447266 0.925781 0.435547 0.875 0.447266 0.878906 0.451172 0.910156 0.462891 0.917969 0.462891 0.917969 0.494141 0.882812 0.484375 0.849609 0.447266 0.878906
0 0.402344 0.845703 0.412109 0.851562 0.412109 0.882812 0.386719 0.908203 0.386719 0.908203 0.367188 0.908203 0.357422 0.890625 0.369141 0.859375 0.402344 0.845703 0.398438 0.853516 0.369141 0.878906 0.369141 0.898438 0.380859 0.898438 0.380859 0.898438 0.404297 0.875 0.398438 0.853516
0 0.0078125 0.935547 0 0.921875 0.0175781 0.910156 0.0214844 0.878906 0.00585938 0.882812 0 0.904297 0 0.878906 0.0234375 0.865234 0.0292969 0.90625 0.0078125 0.935547
0 0.0859375 0.951172 0.0625 0.951172 0.0527344 0.9375 0.0605469 0.890625 0.0859375 0.865234 0.121094 0.865234 0.119141 0.914062 0.0859375 0.951172 0.0859375 0.951172 0.0839844 0.941406 0.111328 0.90625 0.109375 0.873047 0.09375 0.873047 0.0683594 0.898438 0.0605469 0.929688 0.0703125 0.943359 0.0839844 0.941406 0.0839844 0.941406
0 0.757812 0.869141 0.800781 0.873047 0.822266 0.894531 0.810547 0.9375 0.792969 0.951172 0.792969 0.951172 0.746094 0.947266 0.720703 0.929688 0.724609 0.902344 0.757812 0.869141 0.761719 0.876953 0.728516 0.921875 0.753906 0.939453 0.787109 0.941406 0.787109 0.941406 0.814453 0.902344 0.785156 0.876953 0.761719 0.876953
0 0.851562 0.865234 0.894531 0.876953 0.927734 0.914062 0.931641 0.96875 0.921875 0.982422 0.921875 0.982422 0.875 0.970703 0.837891 0.941406 0.837891 0.882812 0.851562 0.865234 0.859375 0.873047 0.845703 0.910156 0.849609 0.941406 0.916016 0.972656 0.916016 0.972656 0.916016 0.914062 0.859375 0.873047
0 0.984375 0.958984 0.970703 0.953125 0.955078 0.914062 0.972656 0.869141 0.998047 0.871094 0.996094 0.880859 0.972656 0.880859 0.962891 0.902344 0.980469 0.943359 0.998047 0.929688 0.984375 0.958984
0 0.664062 0.994141 0.636719 0.990234 0.599609 0.949219 0.644531 0.904297 0.671875 0.912109 0.708984 0.953125 0.699219 0.974609 0.664062 0.994141 0.664062 0.994141 0.662109 0.984375 0.697266 0.953125 0.652344 0.912109 0.611328 0.945312 0.636719 0.978516 0.662109 0.984375 0.662109 0.984375
0 0.421875 0.912109 0.431641 0.964844 0.40625 0.998047 0.40625 0.998047 0.380859 0.996094 0.376953 0.9375 0.398438 0.912109 0.421875 0.912109 0.417969 0.919922 0.384766 0.945312 0.388672 0.988281 0.400391 0.988281 0.400391 0.988281 0.423828 0.957031 0.417969 0.919922
0 0.542969 0.998047 0.529297 0.996094 0.556641 0.957031 0.542969 0.923828 0.505859 0.96875 0.521484 0.996094 0.498047 0.984375 0.505859 0.945312 0.535156 0.916016 0.550781 0.916016 0.564453 0.933594 0.560547 0.976562 0.542969 0.998047
0 0.367188 0.998047 0.357422 0.996094 0.365234 0.984375 0.349609 0.953125 0.324219 0.935547 0.294922 0.953125 0.294922 0.972656 0.326172 0.996094 0.300781 0.998047 0.287109 0.980469 0.287109 0.945312 0.308594 0.927734 0.34375 0.931641 0.369141 0.964844 0.367188 0.998047
0 0.277344 0.998047 0.21875 0.951172 0.177734 0.964844 0.179688 0.998047 0.158203 0.988281 0.158203 0.964844 0.191406 0.943359 0.242188 0.943359 0.275391 0.980469 0.277344 0.998047
0 0.125 0.998047 0.101562 0.978516 0.0820312 0.982422 0.078125 0.998047 0.0683594 0.984375 0.0820312 0.970703 0.105469 0.970703 0.125 0.998047
0 0.847656 0.998047 0.820312 0.986328 0.783203 0.996094 0.789062 0.978516 0.832031 0.970703 0.847656 0.998047
0 0.617188 0.998047 0.589844 0.986328 0.560547 0.996094 0.574219 0.978516 0.597656 0.978516 0.617188 0.998047
0 0.0195312 0.998047 0 0.988281 0.0195312 0.998047
0 0.996094 0.998047 0.986328 0.996094 0.996094 0.982422 0.996094 0.998047
