0 0.121094 0.0292969 0.121094 0.00585938 0.154297 0 0.121094 0.0292969
0 0.171875 0.0917969 0.140625 0.0878906 0.115234 0.0390625 0.148438 0.0800781 0.175781 0.0800781 0.205078 0.046875 0.197266 0 0.207031 0 0.208984 0.0625 0.171875 0.0917969
0 0.328125 0.0683594 0.283203 0.0546875 0.287109 0.015625 0.316406 0 0.322266 0.0078125 0.294922 0.0234375 0.291016 0.046875 0.328125 0.0566406 0.341797 0.03125 0.330078 0.0078125 0.339844 0.00585938 0.349609 0.0390625 0.328125 0.0683594
0 0.449219 0.0136719 0.427734 0 0.457031 0 0.449219 0.0136719
0 0.488281 0.0253906 0.470703 0.0195312 0.46875 0 0.480469 0.0136719 0.521484 0 0.488281 0.0253906
0 0.582031 0.0566406 0.548828 0.0390625 0.546875 0 0.556641 0.03125 0.578125 0.0488281 0.591797 0.0195312 0.576172 0 0.599609 0.0117188 0.599609 0.0429688 0.582031 0.0566406
0 0.945312 0.0996094 0.902344 0.0957031 0.884766 0.078125 0.880859 0.046875 0.898438 0.0136719 0.955078 0.0429688 0.958984 0.0820312 0.945312 0.0996094 0.945312 0.0996094 0.943359 0.0898438 0.943359 0.0429688 0.898438 0.0292969 0.892578 0.0703125 0.917969 0.0917969 0.943359 0.0898438 0.943359 0.0898438
0 0.664062 0.0722656 0.658203 0.0429688 0.6875 0.0253906 0.726562 0.0292969 0.736328 0.0429688 0.71875 0.0761719 0.71875 0.0761719 0.664062 0.0722656 0.667969 0.0644531 0.712891 0.0664062 0.712891 0.0664062 0.722656 0.0371094 0.695312 0.0332031 0.666016 0.0507812 0.667969 0.0644531
0 0.814453 0.0546875 0.800781 0.0644531 0.800781 0.0644531 0.771484 0.0507812 0.777344 0.0253906 0.814453 0.0351562 0.814453 0.0546875 0.802734 0.0507812 0.796875 0.0332031 0.779297 0.0390625 0.789062 0.0527344 0.802734 0.0507812 0.802734 0.0507812
0 0.451172 0.0898438 0.457031 0.0488281 0.482422 0.0585938 0.480469 0.0996094 0.480469 0.0996094 0.451172 0.0898438 0.458984 0.0820312 0.474609 0.0898438 0.474609 0.0898438 0.464844 0.0566406 0.458984 0.0820312
0 0 0.136719 0 0.0742188 0.015625 0.0605469 0.0703125 0.0605469 0.0917969 0.078125 0.0800781 0.125 0.0546875 0.142578 0.0546875 0.142578 0 0.136719 0.00195312 0.128906 0.0488281 0.132812 0.0488281 0.132812 0.0722656 0.117188 0.0839844 0.0820312 0.0351562 0.0644531 0.0214844 0.0703125 0.00195312 0.128906
0 0.335938 0.154297 0.316406 0.138672 0.306641 0.105469 0.324219 0.0917969 0.363281 0.0957031 0.376953 0.117188 0.376953 0.148438 0.367188 0.154297 0.367188 0.154297 0.335938 0.154297 0.34375 0.146484 0.361328 0.144531 0.361328 0.144531 0.369141 0.125 0.355469 0.103516 0.318359 0.105469 0.324219 0.130859 0.34375 0.146484
0 0.505859 0.144531 0.511719 0.107422 0.552734 0.125 0.546875 0.162109 0.546875 0.162109 0.505859 0.144531 0.513672 0.136719 0.541016 0.152344 0.541016 0.152344 0.544922 0.132812 0.519531 0.115234 0.513672 0.136719
0 0.787109 0.148438 0.775391 0.191406 0.75 0.212891 0.75 0.212891 0.726562 0.212891 0.701172 0.179688 0.708984 0.132812 0.742188 0.107422 0.765625 0.111328 0.787109 0.148438 0.779297 0.15625 0.753906 0.119141 0.738281 0.119141 0.708984 0.15625 0.724609 0.199219 0.744141 0.203125 0.744141 0.203125 0.771484 0.179688 0.779297 0.15625
0 0.119141 0.148438 0.136719 0.123047 0.171875 0.123047 0.193359 0.136719 0.185547 0.164062 0.164062 0.177734 0.164062 0.177734 0.123047 0.167969 0.119141 0.148438 0.126953 0.152344 0.136719 0.166016 0.158203 0.167969 0.158203 0.167969 0.181641 0.144531 0.167969 0.130859 0.140625 0.134766 0.126953 0.152344
0 0.628906 0.189453 0.59375 0.185547 0.564453 0.128906 0.625 0.123047 0.642578 0.144531 0.628906 0.189453 0.628906 0.189453 0.623047 0.179688 0.626953 0.152344 0.617188 0.142578 0.576172 0.140625 0.59375 0.173828 0.623047 0.179688 0.623047 0.179688
0 0.291016 0.167969 0.291016 0.21875 0.277344 0.236328 0.277344 0.236328 0.246094 0.232422 0.232422 0.207031 0.236328 0.164062 0.261719 0.142578 0.291016 0.167969 0.283203 0.171875 0.257812 0.154297 0.240234 0.199219 0.253906 0.224609 0.271484 0.226562 0.271484 0.226562 0.283203 0.210938 0.283203 0.171875
0 0.457031 0.138672 0.480469 0.138672 0.498047 0.15625 0.5 0.201172 0.5 0.201172 0.466797 0.191406 0.457031 0.138672 0.464844 0.146484 0.466797 0.171875 0.494141 0.191406 0.494141 0.191406 0.486328 0.15625 0.464844 0.146484
0 0.912109 0.1875 0.912109 0.15625 0.929688 0.138672 0.951172 0.148438 0.941406 0.193359 0.941406 0.193359 0.912109 0.1875 0.919922 0.179688 0.935547 0.183594 0.935547 0.183594 0.9375 0.146484 0.919922 0.164062 0.919922 0.179688
0 0.015625 0.251953 0 0.25 0.0214844 0.214844 0 0.169922 0.0371094 0.203125 0.015625 0.251953
0 0.443359 0.265625 0.40625 0.294922 0.40625 0.294922 0.337891 0.289062 0.333984 0.234375 0.371094 0.197266 0.40625 0.193359 0.455078 0.226562 0.443359 0.265625 0.435547 0.261719 0.443359 0.230469 0.398438 0.201172 0.349609 0.226562 0.341797 0.269531 0.351562 0.287109 0.400391 0.285156 0.400391 0.285156 0.435547 0.261719
0 0.171875 0.201172 0.185547 0.214844 0.181641 0.242188 0.160156 0.259766 0.160156 0.259766 0.136719 0.255859 0.123047 0.238281 0.126953 0.210938 0.148438 0.201172 0.171875 0.201172 0.164062 0.208984 0.130859 0.226562 0.134766 0.242188 0.154297 0.25 0.154297 0.25 0.177734 0.226562 0.164062 0.208984
0 0.705078 0.289062 0.701172 0.257812 0.710938 0.244141 0.742188 0.240234 0.759766 0.253906 0.763672 0.277344 0.75 0.294922 0.75 0.294922 0.705078 0.289062 0.712891 0.28125 0.744141 0.285156 0.744141 0.285156 0.751953 0.261719 0.734375 0.248047 0.71875 0.251953 0.712891 0.28125
0 0.669922 0.304688 0.628906 0.337891 0.628906 0.337891 0.582031 0.322266 0.572266 0.285156 0.59375 0.255859 0.652344 0.248047 0.669922 0.269531 0.669922 0.304688 0.662109 0.300781 0.658203 0.269531 0.644531 0.255859 0.59375 0.267578 0.580078 0.304688 0.613281 0.326172 0.634766 0.324219 0.634766 0.324219 0.662109 0.300781
0 0 0.335938 0 0.289062 0.0429688 0.267578 0.0644531 0.292969 0.0644531 0.320312 0.03125 0.349609 0.03125 0.349609 0 0.335938 0.00976562 0.332031 0.0253906 0.339844 0.0253906 0.339844 0.0527344 0.308594 0.0351562 0.279297 0.00195312 0.300781 0.00976562 0.332031
0 0.298828 0.320312 0.273438 0.341797 0.273438 0.341797 0.212891 0.332031 0.210938 0.275391 0.230469 0.263672 0.291016 0.277344 0.298828 0.320312 0.291016 0.316406 0.273438 0.275391 0.238281 0.279297 0.212891 0.304688 0.222656 0.326172 0.267578 0.332031 0.267578 0.332031 0.291016 0.316406
0 0.400391 0.367188 0.441406 0.314453 0.460938 0.310547 0.490234 0.335938 0.501953 0.386719 0.453125 0.427734 0.453125 0.427734 0.429688 0.427734 0.408203 0.40625 0.400391 0.367188 0.408203 0.371094 0.419922 0.40625 0.447266 0.417969 0.447266 0.417969 0.486328 0.386719 0.482422 0.347656 0.466797 0.34375 0.457031 0.318359 0.408203 0.371094
0 0.361328 0.398438 0.339844 0.427734 0.339844 0.427734 0.296875 0.427734 0.287109 0.417969 0.296875 0.373047 0.357422 0.375 0.361328 0.398438 0.345703 0.398438 0.335938 0.376953 0.306641 0.390625 0.306641 0.410156 0.326172 0.414062 0.326172 0.414062 0.345703 0.398438
0 0.652344 0.486328 0.619141 0.453125 0.611328 0.402344 0.632812 0.376953 0.667969 0.376953 0.697266 0.410156 0.708984 0.472656 0.691406 0.490234 0.691406 0.490234 0.652344 0.486328 0.660156 0.478516 0.685547 0.480469 0.685547 0.480469 0.701172 0.464844 0.693359 0.425781 0.660156 0.384766 0.648438 0.384766 0.623047 0.410156 0.623047 0.4375 0.660156 0.478516
0 0.0664062 0.486328 0.0078125 0.466797 0 0.449219 0.0585938 0.478516 0.0761719 0.445312 0.0761719 0.414062 0.03125 0.388672 0 0.400391 0 0.388672 0.0390625 0.380859 0.0839844 0.40625 0.0839844 0.453125 0.0664062 0.486328
0 0.582031 0.498047 0.554688 0.494141 0.525391 0.460938 0.53125 0.396484 0.558594 0.400391 0.580078 0.421875 0.591797 0.460938 0.591797 0.492188 0.582031 0.498047 0.582031 0.498047 0.580078 0.488281 0.568359 0.4375 0.542969 0.412109 0.533203 0.429688 0.541016 0.457031 0.5625 0.486328 0.580078 0.488281 0.580078 0.488281
0 0.207031 0.486328 0.205078 0.445312 0.238281 0.423828 0.277344 0.423828 0.294922 0.449219 0.291016 0.476562 0.269531 0.490234 0.269531 0.490234 0.207031 0.486328 0.21875 0.482422 0.259766 0.480469 0.259766 0.480469 0.283203 0.453125 0.273438 0.435547 0.216797 0.449219 0.208984 0.472656 0.21875 0.482422
0 0.306641 0.535156 0.306641 0.503906 0.339844 0.462891 0.386719 0.455078 0.427734 0.472656 0.416016 0.515625 0.382812 0.552734 0.382812 0.552734 0.335938 0.552734 0.306641 0.535156 0.314453 0.527344 0.328125 0.541016 0.376953 0.542969 0.376953 0.542969 0.412109 0.503906 0.419922 0.480469 0.40625 0.466797 0.347656 0.470703 0.318359 0.5 0.314453 0.527344
0 0.451172 0.5625 0.451172 0.527344 0.472656 0.501953 0.5 0.501953 0.525391 0.535156 0.529297 0.578125 0.507812 0.591797 0.507812 0.591797 0.472656 0.583984 0.451172 0.5625 0.458984 0.554688 0.501953 0.582031 0.501953 0.582031 0.521484 0.570312 0.521484 0.550781 0.513672 0.53125 0.480469 0.509766 0.458984 0.535156 0.458984 0.554688
0 0.078125 0.591797 0.0253906 0.574219 0.0136719 0.523438 0.0273438 0.505859 0.109375 0.513672 0.138672 0.542969 0.121094 0.572266 0.078125 0.591797 0.078125 0.591797 0.0761719 0.582031 0.125 0.556641 0.126953 0.542969 0.101562 0.521484 0.0351562 0.513672 0.0214844 0.53125 0.0253906 0.550781 0.0507812 0.580078 0.0761719 0.582031 0.0761719 0.582031
0 0.261719 0.513672 0.271484 0.53125 0.25 0.548828 0.25 0.548828 0.183594 0.533203 0.177734 0.511719 0.261719 0.513672 0.257812 0.521484 0.197266 0.519531 0.203125 0.533203 0.244141 0.539062 0.244141 0.539062 0.257812 0.521484
0 0.195312 0.548828 0.208984 0.59375 0.179688 0.634766 0.179688 0.634766 0.158203 0.632812 0.138672 0.585938 0.164062 0.552734 0.195312 0.548828 0.191406 0.556641 0.160156 0.568359 0.150391 0.585938 0.162109 0.621094 0.177734 0.625 0.177734 0.625 0.201172 0.585938 0.191406 0.556641
0 0.582031 0.548828 0.623047 0.566406 0.623047 0.589844 0.605469 0.607422 0.605469 0.607422 0.576172 0.578125 0.582031 0.548828 0.589844 0.556641 0.587891 0.578125 0.611328 0.585938 0.611328 0.585938 0.611328 0.566406 0.589844 0.556641
0 0.65625 0.544922 0.697266 0.566406 0.6875 0.603516 0.6875 0.603516 0.646484 0.582031 0.65625 0.544922 0.660156 0.552734 0.658203 0.582031 0.681641 0.59375 0.681641 0.59375 0.689453 0.574219 0.660156 0.552734
0 0.378906 0.576172 0.449219 0.591797 0.486328 0.664062 0.46875 0.681641 0.46875 0.681641 0.429688 0.681641 0.390625 0.658203 0.357422 0.621094 0.357422 0.585938 0.378906 0.576172 0.382812 0.587891 0.373047 0.625 0.417969 0.666016 0.447266 0.671875 0.447266 0.671875 0.462891 0.644531 0.451172 0.609375 0.410156 0.587891 0.382812 0.587891
0 0.273438 0.599609 0.302734 0.617188 0.306641 0.679688 0.292969 0.708984 0.25 0.728516 0.25 0.728516 0.216797 0.71875 0.201172 0.632812 0.242188 0.599609 0.273438 0.599609 0.269531 0.607422 0.242188 0.611328 0.212891 0.648438 0.224609 0.710938 0.248047 0.71875 0.248047 0.71875 0.28125 0.705078 0.298828 0.675781 0.294922 0.625 0.269531 0.607422
0 0.65625 0.615234 0.666016 0.636719 0.652344 0.646484 0.652344 0.646484 0.632812 0.642578 0.619141 0.617188 0.632812 0.607422 0.65625 0.615234 0.644531 0.619141 0.630859 0.625 0.654297 0.632812 0.654297 0.632812 0.644531 0.619141
0 0.00390625 0.697266 0 0.6875 0.0136719 0.667969 0 0.642578 0.0214844 0.660156 0.0214844 0.679688 0.00390625 0.697266
0 0.0761719 0.75 0.0761719 0.675781 0.101562 0.642578 0.148438 0.638672 0.169922 0.675781 0.166016 0.714844 0.140625 0.748047 0.101562 0.771484 0.101562 0.771484 0.0761719 0.75 0.0839844 0.742188 0.103516 0.757812 0.103516 0.757812 0.146484 0.722656 0.140625 0.646484 0.101562 0.658203 0.0839844 0.683594 0.0839844 0.742188
0 0.779297 0.738281 0.761719 0.759766 0.761719 0.759766 0.689453 0.734375 0.685547 0.671875 0.699219 0.650391 0.730469 0.646484 0.767578 0.667969 0.779297 0.738281 0.771484 0.734375 0.771484 0.699219 0.753906 0.669922 0.714844 0.654297 0.697266 0.667969 0.705078 0.714844 0.730469 0.744141 0.755859 0.75 0.755859 0.75 0.771484 0.734375
0 0.365234 0.730469 0.365234 0.707031 0.378906 0.693359 0.410156 0.693359 0.427734 0.730469 0.431641 0.769531 0.410156 0.791016 0.410156 0.791016 0.365234 0.730469 0.373047 0.722656 0.388672 0.757812 0.412109 0.769531 0.412109 0.769531 0.423828 0.761719 0.419922 0.738281 0.394531 0.701172 0.373047 0.722656
0 0.541016 0.730469 0.570312 0.689453 0.617188 0.697266 0.642578 0.757812 0.626953 0.816406 0.597656 0.841797 0.597656 0.841797 0.568359 0.832031 0.537109 0.765625 0.541016 0.730469 0.548828 0.738281 0.548828 0.757812 0.568359 0.8125 0.591797 0.832031 0.591797 0.832031 0.626953 0.796875 0.634766 0.765625 0.615234 0.710938 0.578125 0.697266 0.548828 0.738281
0 0.908203 0.785156 0.896484 0.726562 0.910156 0.701172 0.9375 0.697266 0.962891 0.714844 0.970703 0.75 0.962891 0.78125 0.925781 0.802734 0.925781 0.802734 0.908203 0.785156 0.919922 0.789062 0.935547 0.789062 0.935547 0.789062 0.958984 0.765625 0.958984 0.730469 0.925781 0.705078 0.904297 0.742188 0.919922 0.789062
0 0.847656 0.791016 0.787109 0.78125 0.783203 0.753906 0.808594 0.724609 0.828125 0.724609 0.873047 0.753906 0.873047 0.777344 0.847656 0.791016 0.847656 0.791016 0.845703 0.78125 0.865234 0.761719 0.820312 0.732422 0.791016 0.761719 0.800781 0.779297 0.845703 0.78125 0.845703 0.78125
0 0.292969 0.732422 0.324219 0.740234 0.361328 0.789062 0.357422 0.859375 0.320312 0.900391 0.320312 0.900391 0.287109 0.886719 0.240234 0.8125 0.244141 0.773438 0.292969 0.732422 0.300781 0.740234 0.255859 0.785156 0.275391 0.855469 0.314453 0.890625 0.314453 0.890625 0.349609 0.832031 0.349609 0.804688 0.341797 0.773438 0.300781 0.740234
0 0.078125 0.783203 0.101562 0.787109 0.119141 0.820312 0.115234 0.875 0.0976562 0.896484 0.0976562 0.896484 0.078125 0.896484 0.0527344 0.863281 0.0527344 0.8125 0.078125 0.783203 0.078125 0.791016 0.0605469 0.820312 0.0605469 0.855469 0.0917969 0.886719 0.0917969 0.886719 0.107422 0.867188 0.111328 0.824219 0.103516 0.804688 0.078125 0.791016
0 0 0.900391 0.0136719 0.84375 0 0.787109 0.0214844 0.828125 0.0175781 0.871094 0 0.900391
0 0.433594 0.900391 0.412109 0.878906 0.396484 0.835938 0.421875 0.798828 0.472656 0.794922 0.498047 0.816406 0.505859 0.894531 0.492188 0.908203 0.492188 0.908203 0.433594 0.900391 0.4375 0.892578 0.490234 0.898438 0.490234 0.898438 0.490234 0.824219 0.464844 0.802734 0.429688 0.806641 0.404297 0.839844 0.412109 0.859375 0.4375 0.892578
0 0.818359 0.859375 0.804688 0.904297 0.804688 0.904297 0.767578 0.878906 0.763672 0.847656 0.777344 0.826172 0.796875 0.826172 0.818359 0.859375 0.810547 0.863281 0.785156 0.833984 0.775391 0.867188 0.785156 0.880859 0.802734 0.878906 0.802734 0.878906 0.810547 0.863281
0 0.837891 0.867188 0.859375 0.837891 0.90625 0.833984 0.939453 0.855469 0.943359 0.886719 0.914062 0.908203 0.914062 0.908203 0.845703 0.898438 0.837891 0.867188 0.845703 0.871094 0.871094 0.900391 0.908203 0.898438 0.908203 0.898438 0.935547 0.867188 0.902344 0.841797 0.867188 0.845703 0.845703 0.871094
0 0.128906 0.970703 0.119141 0.9375 0.119141 0.902344 0.152344 0.861328 0.183594 0.873047 0.208984 0.914062 0.205078 0.945312 0.171875 0.986328 0.171875 0.986328 0.128906 0.970703 0.136719 0.962891 0.169922 0.972656 0.169922 0.972656 0.189453 0.914062 0.167969 0.873047 0.134766 0.914062 0.130859 0.945312 0.136719 0.962891
0 0.582031 0.998047 0.568359 0.996094 0.595703 0.925781 0.578125 0.900391 0.529297 0.953125 0.525391 0.976562 0.537109 0.996094 0.517578 0.984375 0.537109 0.917969 0.570312 0.892578 0.585938 0.892578 0.603516 0.917969 0.582031 0.998047
0 0.367188 0.998047 0.357422 0.996094 0.345703 0.945312 0.316406 0.927734 0.259766 0.9375 0.244141 0.96875 0.265625 0.998047 0.244141 0.988281 0.236328 0.960938 0.251953 0.929688 0.273438 0.916016 0.324219 0.919922 0.357422 0.945312 0.367188 0.998047
0 0.0859375 0.998047 0.0722656 0.996094 0.0722656 0.960938 0.0507812 0.935547 0.015625 0.935547 0 0.958984 0.00195312 0.933594 0.0195312 0.923828 0.0625 0.931641 0.0800781 0.953125 0.0859375 0.998047
0 0.46875 0.998047 0.453125 0.962891 0.421875 0.998047 0.416016 0.992188 0.433594 0.958984 0.457031 0.955078 0.470703 0.964844 0.46875 0.998047
0 0.710938 0.998047 0.677734 0.996094 0.710938 0.998047
