0 0.210938 0.0683594 0.193359 0.0664062 0.201172 0.0117188 0.246094 0.00195312 0.248047 0.0429688 0.210938 0.0683594 0.210938 0.0683594 0.205078 0.0585938 0.244141 0.03125 0.234375 0.0175781 0.205078 0.03125 0.205078 0.0585938 0.205078 0.0585938
0 0.335938 0.0371094 0.289062 0.0332031 0.271484 0 0.28125 0 0.304688 0.0292969 0.363281 0 0.361328 0.0234375 0.335938 0.0371094
0 0.546875 0.0527344 0.519531 0.0527344 0.505859 0.0390625 0.515625 0 0.529297 0 0.513672 0.0195312 0.527344 0.0449219 0.548828 0.03125 0.544922 0 0.556641 0.00390625 0.546875 0.0527344
0 0.617188 0.0175781 0.601562 0.0175781 0.591797 0 0.628906 0 0.617188 0.0175781
0 0.765625 0.0839844 0.726562 0.0800781 0.701172 0.0585938 0.699219 0 0.708984 0 0.705078 0.0429688 0.746094 0.0761719 0.775391 0.0546875 0.779297 0.0351562 0.763672 0.00390625 0.775391 0 0.787109 0.0429688 0.765625 0.0839844
0 0.835938 0.0253906 0.798828 0 0.839844 0.0136719 0.859375 0 0.861328 0.0078125 0.835938 0.0253906
0 0.128906 0.123047 0.0742188 0.115234 0.0332031 0.0585938 0.0976562 0.115234 0.136719 0.111328 0.158203 0.09375 0.150391 0.0585938 0.117188 0.0332031 0.0664062 0.0332031 0.0429688 0.0566406 0.0585938 0.0253906 0.132812 0.0253906 0.166016 0.0625 0.166016 0.101562 0.128906 0.123047
0 0.361328 0.0585938 0.378906 0.0292969 0.449219 0.0214844 0.474609 0.0390625 0.462891 0.0429688 0.466797 0.078125 0.433594 0.123047 0.433594 0.123047 0.394531 0.119141 0.365234 0.0976562 0.361328 0.0585938 0.369141 0.0664062 0.376953 0.0976562 0.427734 0.113281 0.427734 0.113281 0.462891 0.0585938 0.445312 0.0371094 0.386719 0.0371094 0.369141 0.0664062
0 0.587891 0.0703125 0.605469 0.0449219 0.652344 0.0332031 0.654297 0.105469 0.625 0.130859 0.625 0.130859 0.595703 0.125 0.587891 0.0703125 0.595703 0.078125 0.599609 0.113281 0.615234 0.117188 0.615234 0.117188 0.650391 0.078125 0.632812 0.0449219 0.595703 0.078125
0 0.910156 0.0371094 0.927734 0.046875 0.927734 0.0742188 0.919922 0.101562 0.894531 0.119141 0.894531 0.119141 0.857422 0.113281 0.861328 0.0703125 0.878906 0.0449219 0.910156 0.0371094 0.90625 0.0449219 0.869141 0.078125 0.873047 0.109375 0.888672 0.109375 0.888672 0.109375 0.916016 0.0820312 0.919922 0.0546875 0.90625 0.0449219
0 0.988281 0.162109 0.966797 0.128906 0.962891 0.0859375 0.996094 0.0566406 0.978516 0.0976562 0.982422 0.140625 0.998047 0.152344 0.988281 0.162109
0 0.361328 0.113281 0.361328 0.148438 0.347656 0.169922 0.347656 0.169922 0.324219 0.166016 0.298828 0.125 0.320312 0.0800781 0.339844 0.0839844 0.361328 0.113281 0.353516 0.121094 0.328125 0.0917969 0.310547 0.128906 0.320312 0.142578 0.341797 0.144531 0.341797 0.144531 0.353516 0.121094
0 0.931641 0.183594 0.923828 0.21875 0.90625 0.236328 0.90625 0.236328 0.875 0.232422 0.845703 0.1875 0.845703 0.164062 0.882812 0.130859 0.931641 0.183594 0.923828 0.1875 0.882812 0.150391 0.853516 0.179688 0.873047 0.214844 0.900391 0.226562 0.900391 0.226562 0.923828 0.1875
0 0.630859 0.226562 0.626953 0.167969 0.648438 0.142578 0.679688 0.146484 0.724609 0.175781 0.707031 0.267578 0.707031 0.267578 0.679688 0.263672 0.630859 0.226562 0.642578 0.222656 0.697266 0.253906 0.697266 0.253906 0.701172 0.1875 0.65625 0.154297 0.642578 0.179688 0.642578 0.222656
0 0.173828 0.230469 0.207031 0.150391 0.28125 0.150391 0.298828 0.175781 0.302734 0.203125 0.261719 0.251953 0.261719 0.251953 0.226562 0.251953 0.173828 0.230469 0.181641 0.222656 0.255859 0.242188 0.255859 0.242188 0.294922 0.1875 0.269531 0.166016 0.21875 0.158203 0.181641 0.222656
0 0.447266 0.175781 0.458984 0.222656 0.443359 0.257812 0.410156 0.287109 0.410156 0.287109 0.365234 0.28125 0.353516 0.230469 0.378906 0.185547 0.425781 0.166016 0.447266 0.175781 0.433594 0.177734 0.394531 0.197266 0.369141 0.234375 0.375 0.267578 0.408203 0.265625 0.408203 0.265625 0.447266 0.214844 0.433594 0.177734
0 0.511719 0.236328 0.494141 0.21875 0.486328 0.183594 0.5 0.166016 0.550781 0.162109 0.564453 0.171875 0.580078 0.207031 0.554688 0.236328 0.554688 0.236328 0.511719 0.236328 0.519531 0.228516 0.548828 0.226562 0.548828 0.226562 0.568359 0.210938 0.568359 0.195312 0.550781 0.173828 0.523438 0.169922 0.501953 0.210938 0.519531 0.228516
0 0.755859 0.246094 0.755859 0.1875 0.769531 0.169922 0.796875 0.173828 0.826172 0.21875 0.820312 0.283203 0.820312 0.283203 0.796875 0.283203 0.755859 0.246094 0.763672 0.238281 0.806641 0.273438 0.806641 0.273438 0.814453 0.222656 0.777344 0.177734 0.763672 0.195312 0.763672 0.238281
0 0.996094 0.255859 0.972656 0.251953 0.958984 0.234375 0.955078 0.199219 0.980469 0.185547 0.998047 0.191406 0.974609 0.207031 0.974609 0.242188 0.996094 0.255859
0 0.626953 0.324219 0.585938 0.361328 0.585938 0.361328 0.521484 0.355469 0.513672 0.285156 0.53125 0.267578 0.59375 0.259766 0.619141 0.28125 0.626953 0.324219 0.619141 0.320312 0.619141 0.304688 0.59375 0.271484 0.554688 0.267578 0.533203 0.296875 0.529297 0.347656 0.580078 0.351562 0.580078 0.351562 0.619141 0.320312
0 0.927734 0.285156 0.927734 0.332031 0.90625 0.357422 0.90625 0.357422 0.867188 0.349609 0.853516 0.3125 0.857422 0.285156 0.886719 0.259766 0.90625 0.259766 0.927734 0.285156 0.916016 0.285156 0.90625 0.275391 0.878906 0.279297 0.861328 0.300781 0.869141 0.324219 0.908203 0.332031 0.908203 0.332031 0.919922 0.3125 0.916016 0.285156
0 0.767578 0.3125 0.757812 0.345703 0.757812 0.345703 0.71875 0.341797 0.712891 0.3125 0.753906 0.298828 0.767578 0.3125 0.759766 0.320312 0.726562 0.314453 0.720703 0.328125 0.736328 0.335938 0.736328 0.335938 0.759766 0.320312
0 0.896484 0.394531 0.925781 0.361328 0.964844 0.345703 0.974609 0.40625 0.933594 0.443359 0.933594 0.443359 0.896484 0.433594 0.896484 0.394531 0.904297 0.398438 0.904297 0.425781 0.931641 0.433594 0.931641 0.433594 0.966797 0.398438 0.957031 0.353516 0.904297 0.398438
0 0.496094 0.357422 0.505859 0.378906 0.498047 0.40625 0.472656 0.431641 0.472656 0.431641 0.441406 0.431641 0.427734 0.410156 0.431641 0.371094 0.460938 0.349609 0.496094 0.357422 0.488281 0.365234 0.439453 0.382812 0.439453 0.414062 0.466797 0.421875 0.466797 0.421875 0.494141 0.390625 0.488281 0.365234
0 0.996094 0.470703 0.982422 0.464844 0.978516 0.441406 0.996094 0.380859 0.986328 0.4375 0.996094 0.470703
0 0.371094 0.482422 0.330078 0.476562 0.333984 0.421875 0.359375 0.400391 0.400391 0.421875 0.396484 0.457031 0.371094 0.482422 0.371094 0.482422 0.369141 0.472656 0.392578 0.429688 0.359375 0.412109 0.345703 0.421875 0.337891 0.46875 0.369141 0.472656 0.369141 0.472656
0 0.695312 0.419922 0.705078 0.453125 0.660156 0.494141 0.660156 0.494141 0.630859 0.492188 0.623047 0.445312 0.632812 0.419922 0.664062 0.412109 0.695312 0.419922 0.6875 0.427734 0.638672 0.433594 0.630859 0.46875 0.640625 0.486328 0.654297 0.484375 0.654297 0.484375 0.693359 0.457031 0.6875 0.427734
0 0.0078125 0.552734 0 0.546875 0.0410156 0.507812 0.0332031 0.46875 0.0117188 0.451172 0 0.464844 0.0117188 0.439453 0.0449219 0.46875 0.0488281 0.515625 0.0078125 0.552734
0 0.4375 0.447266 0.457031 0.447266 0.466797 0.460938 0.470703 0.488281 0.457031 0.505859 0.457031 0.505859 0.4375 0.505859 0.423828 0.488281 0.4375 0.447266 0.445312 0.455078 0.435547 0.488281 0.451172 0.496094 0.451172 0.496094 0.462891 0.476562 0.445312 0.455078
0 0.869141 0.5 0.894531 0.462891 0.919922 0.480469 0.931641 0.515625 0.902344 0.564453 0.902344 0.564453 0.880859 0.5625 0.869141 0.523438 0.869141 0.5 0.876953 0.503906 0.896484 0.554688 0.896484 0.554688 0.919922 0.523438 0.902344 0.474609 0.876953 0.503906
0 0.505859 0.582031 0.494141 0.515625 0.523438 0.486328 0.558594 0.474609 0.587891 0.496094 0.595703 0.527344 0.580078 0.558594 0.539062 0.587891 0.539062 0.587891 0.505859 0.582031 0.513672 0.574219 0.533203 0.578125 0.533203 0.578125 0.572266 0.550781 0.587891 0.519531 0.5625 0.486328 0.542969 0.486328 0.501953 0.523438 0.513672 0.574219
0 0.232422 0.554688 0.232422 0.515625 0.261719 0.486328 0.304688 0.498047 0.318359 0.515625 0.314453 0.5625 0.273438 0.599609 0.273438 0.599609 0.244141 0.585938 0.232422 0.554688 0.240234 0.550781 0.261719 0.587891 0.279297 0.585938 0.279297 0.585938 0.306641 0.546875 0.283203 0.507812 0.265625 0.501953 0.240234 0.550781
0 0.132812 0.611328 0.0917969 0.585938 0.0839844 0.53125 0.0976562 0.513672 0.136719 0.509766 0.173828 0.527344 0.181641 0.578125 0.167969 0.611328 0.167969 0.611328 0.132812 0.611328 0.136719 0.603516 0.154297 0.601562 0.154297 0.601562 0.169922 0.582031 0.166016 0.539062 0.128906 0.525391 0.105469 0.533203 0.0917969 0.546875 0.0996094 0.578125 0.136719 0.603516
0 0.675781 0.544922 0.646484 0.535156 0.650391 0.515625 0.699219 0.509766 0.705078 0.523438 0.675781 0.544922 0.675781 0.544922 0.669922 0.535156 0.693359 0.519531 0.660156 0.521484 0.669922 0.535156 0.669922 0.535156
0 0.712891 0.574219 0.716797 0.53125 0.738281 0.505859 0.777344 0.517578 0.794922 0.539062 0.798828 0.5625 0.777344 0.611328 0.777344 0.611328 0.742188 0.603516 0.712891 0.574219 0.720703 0.574219 0.761719 0.603516 0.775391 0.601562 0.775391 0.601562 0.787109 0.550781 0.742188 0.517578 0.724609 0.539062 0.720703 0.574219
0 0.996094 0.599609 0.966797 0.570312 0.966797 0.535156 0.996094 0.509766 0.998047 0.523438 0.978516 0.542969 0.996094 0.599609
0 0.375 0.580078 0.369141 0.546875 0.394531 0.521484 0.417969 0.517578 0.431641 0.558594 0.410156 0.580078 0.410156 0.580078 0.375 0.580078 0.382812 0.572266 0.404297 0.570312 0.404297 0.570312 0.423828 0.550781 0.417969 0.529297 0.402344 0.529297 0.376953 0.554688 0.382812 0.572266
0 0.826172 0.574219 0.835938 0.513672 0.865234 0.53125 0.861328 0.566406 0.847656 0.580078 0.847656 0.580078 0.826172 0.574219 0.833984 0.566406 0.845703 0.566406 0.845703 0.566406 0.857422 0.546875 0.851562 0.529297 0.833984 0.546875 0.833984 0.566406
0 0.632812 0.548828 0.669922 0.566406 0.669922 0.597656 0.652344 0.615234 0.652344 0.615234 0.636719 0.615234 0.615234 0.59375 0.632812 0.548828 0.640625 0.556641 0.626953 0.59375 0.646484 0.605469 0.646484 0.605469 0.662109 0.574219 0.640625 0.556641
0 0.0195312 0.669922 0 0.669922 0 0.652344 0.0117188 0.662109 0.0683594 0.625 0.0429688 0.595703 0.00390625 0.580078 0 0.630859 0 0.572266 0.0507812 0.587891 0.0761719 0.617188 0.0664062 0.646484 0.0195312 0.669922
0 0.355469 0.595703 0.410156 0.603516 0.416016 0.65625 0.394531 0.677734 0.359375 0.685547 0.359375 0.685547 0.318359 0.664062 0.322266 0.625 0.355469 0.595703 0.363281 0.603516 0.333984 0.640625 0.333984 0.664062 0.34375 0.673828 0.376953 0.671875 0.376953 0.671875 0.408203 0.648438 0.412109 0.628906 0.402344 0.611328 0.363281 0.603516
0 0.488281 0.646484 0.470703 0.644531 0.466797 0.613281 0.507812 0.595703 0.513672 0.625 0.488281 0.646484 0.488281 0.646484 0.486328 0.636719 0.505859 0.617188 0.5 0.603516 0.474609 0.625 0.486328 0.636719 0.486328 0.636719
0 0.675781 0.701172 0.634766 0.675781 0.634766 0.65625 0.664062 0.623047 0.710938 0.611328 0.763672 0.636719 0.759766 0.675781 0.71875 0.701172 0.71875 0.701172 0.675781 0.701172 0.683594 0.693359 0.712891 0.691406 0.712891 0.691406 0.755859 0.660156 0.755859 0.644531 0.722656 0.623047 0.695312 0.619141 0.671875 0.630859 0.642578 0.664062 0.683594 0.693359
0 0.90625 0.662109 0.851562 0.658203 0.845703 0.617188 0.882812 0.607422 0.886719 0.619141 0.910156 0.623047 0.923828 0.640625 0.90625 0.662109 0.90625 0.662109 0.900391 0.652344 0.912109 0.636719 0.871094 0.615234 0.849609 0.632812 0.867188 0.654297 0.900391 0.652344 0.900391 0.652344
0 0.626953 0.65625 0.607422 0.6875 0.585938 0.697266 0.585938 0.697266 0.535156 0.685547 0.533203 0.652344 0.5625 0.619141 0.613281 0.619141 0.626953 0.632812 0.626953 0.65625 0.619141 0.652344 0.605469 0.626953 0.570312 0.626953 0.548828 0.640625 0.541016 0.675781 0.572266 0.683594 0.572266 0.683594 0.619141 0.652344
0 0.148438 0.669922 0.105469 0.666016 0.103516 0.644531 0.167969 0.638672 0.181641 0.660156 0.148438 0.669922 0.148438 0.669922 0.142578 0.660156 0.169922 0.65625 0.148438 0.642578 0.115234 0.660156 0.142578 0.660156 0.142578 0.660156
0 0.181641 0.761719 0.166016 0.738281 0.166016 0.707031 0.214844 0.642578 0.25 0.634766 0.291016 0.6875 0.291016 0.730469 0.265625 0.767578 0.226562 0.779297 0.226562 0.779297 0.181641 0.761719 0.189453 0.753906 0.220703 0.769531 0.220703 0.769531 0.257812 0.759766 0.283203 0.722656 0.275391 0.679688 0.234375 0.642578 0.189453 0.683594 0.173828 0.714844 0.189453 0.753906
0 0.511719 0.712891 0.472656 0.708984 0.458984 0.675781 0.472656 0.666016 0.511719 0.669922 0.521484 0.683594 0.511719 0.712891 0.511719 0.712891 0.509766 0.703125 0.503906 0.677734 0.480469 0.673828 0.470703 0.683594 0.488281 0.705078 0.509766 0.703125 0.509766 0.703125
0 0.865234 0.714844 0.869141 0.691406 0.886719 0.677734 0.923828 0.683594 0.902344 0.724609 0.902344 0.724609 0.865234 0.714844 0.873047 0.707031 0.896484 0.714844 0.896484 0.714844 0.916016 0.695312 0.910156 0.685547 0.886719 0.689453 0.873047 0.707031
0 0.669922 0.730469 0.669922 0.777344 0.65625 0.791016 0.65625 0.791016 0.640625 0.791016 0.619141 0.753906 0.632812 0.712891 0.652344 0.712891 0.669922 0.730469 0.662109 0.734375 0.640625 0.720703 0.626953 0.746094 0.650391 0.78125 0.650391 0.78125 0.662109 0.773438 0.662109 0.734375
0 0.996094 0.755859 0.992188 0.712891 0.996094 0.755859
0 0.75 0.810547 0.705078 0.792969 0.705078 0.753906 0.720703 0.746094 0.712891 0.785156 0.726562 0.798828 0.765625 0.794922 0.779297 0.773438 0.771484 0.746094 0.75 0.732422 0.724609 0.746094 0.734375 0.728516 0.757812 0.724609 0.779297 0.738281 0.791016 0.765625 0.779297 0.796875 0.75 0.810547
0 0.134766 0.820312 0.117188 0.833984 0.117188 0.833984 0.0742188 0.830078 0.0527344 0.808594 0.0410156 0.757812 0.0546875 0.736328 0.109375 0.740234 0.130859 0.765625 0.134766 0.820312 0.126953 0.8125 0.115234 0.761719 0.0585938 0.748047 0.0527344 0.78125 0.0683594 0.8125 0.111328 0.824219 0.111328 0.824219 0.126953 0.8125
0 0.398438 0.798828 0.384766 0.734375 0.445312 0.744141 0.466797 0.777344 0.460938 0.806641 0.460938 0.806641 0.398438 0.798828 0.40625 0.791016 0.455078 0.796875 0.455078 0.796875 0.455078 0.773438 0.4375 0.751953 0.396484 0.742188 0.40625 0.791016
0 0.578125 0.744141 0.611328 0.769531 0.611328 0.816406 0.59375 0.830078 0.59375 0.830078 0.5625 0.826172 0.544922 0.792969 0.548828 0.761719 0.578125 0.744141 0.582031 0.751953 0.552734 0.785156 0.564453 0.8125 0.587891 0.820312 0.587891 0.820312 0.603516 0.808594 0.603516 0.773438 0.582031 0.751953
0 0.3125 0.884766 0.279297 0.847656 0.298828 0.789062 0.324219 0.763672 0.380859 0.808594 0.376953 0.847656 0.351562 0.888672 0.351562 0.888672 0.3125 0.884766 0.320312 0.876953 0.345703 0.878906 0.345703 0.878906 0.365234 0.824219 0.353516 0.796875 0.324219 0.775391 0.287109 0.839844 0.320312 0.876953
0 0.996094 0.865234 0.951172 0.855469 0.935547 0.808594 0.953125 0.787109 0.980469 0.791016 0.998047 0.808594 0.996094 0.833984 0.964844 0.794922 0.943359 0.8125 0.958984 0.847656 0.996094 0.853516 0.996094 0.865234
0 0.523438 0.806641 0.529297 0.835938 0.515625 0.857422 0.515625 0.857422 0.476562 0.857422 0.462891 0.84375 0.466797 0.824219 0.523438 0.806641 0.519531 0.814453 0.474609 0.832031 0.484375 0.849609 0.509766 0.847656 0.509766 0.847656 0.519531 0.814453
0 0.814453 0.847656 0.806641 0.824219 0.824219 0.806641 0.863281 0.806641 0.888672 0.84375 0.892578 0.875 0.863281 0.900391 0.863281 0.900391 0.841797 0.890625 0.814453 0.847656 0.822266 0.84375 0.861328 0.890625 0.861328 0.890625 0.880859 0.851562 0.832031 0.818359 0.818359 0.828125 0.822266 0.84375
0 0.712891 0.875 0.691406 0.896484 0.691406 0.896484 0.640625 0.892578 0.630859 0.882812 0.634766 0.855469 0.671875 0.837891 0.699219 0.841797 0.712891 0.875 0.705078 0.867188 0.699219 0.853516 0.667969 0.849609 0.642578 0.867188 0.65625 0.888672 0.685547 0.886719 0.685547 0.886719 0.705078 0.867188
0 0.232422 0.890625 0.238281 0.849609 0.275391 0.867188 0.269531 0.908203 0.269531 0.908203 0.242188 0.904297 0.232422 0.890625 0.240234 0.882812 0.263672 0.898438 0.263672 0.898438 0.271484 0.882812 0.246094 0.861328 0.240234 0.882812
0 0.388672 0.917969 0.390625 0.853516 0.425781 0.853516 0.455078 0.875 0.455078 0.917969 0.433594 0.931641 0.433594 0.931641 0.388672 0.917969 0.396484 0.910156 0.427734 0.921875 0.427734 0.921875 0.447266 0.910156 0.443359 0.875 0.417969 0.861328 0.394531 0.865234 0.396484 0.910156
0 0.5625 0.970703 0.546875 0.970703 0.537109 0.953125 0.533203 0.90625 0.5625 0.869141 0.582031 0.865234 0.607422 0.882812 0.615234 0.921875 0.5625 0.970703 0.5625 0.970703 0.560547 0.960938 0.603516 0.910156 0.582031 0.876953 0.570312 0.876953 0.541016 0.914062 0.548828 0.957031 0.560547 0.960938 0.560547 0.960938
0 0.759766 0.90625 0.765625 0.869141 0.806641 0.886719 0.800781 0.923828 0.800781 0.923828 0.759766 0.90625 0.767578 0.898438 0.794922 0.914062 0.794922 0.914062 0.794922 0.886719 0.769531 0.880859 0.767578 0.898438
0 0.470703 0.898438 0.488281 0.873047 0.507812 0.873047 0.525391 0.886719 0.525391 0.902344 0.492188 0.943359 0.492188 0.943359 0.474609 0.9375 0.470703 0.898438 0.478516 0.90625 0.494141 0.929688 0.494141 0.929688 0.517578 0.894531 0.5 0.880859 0.478516 0.90625
0 0.972656 0.978516 0.943359 0.972656 0.939453 0.933594 0.976562 0.884766 0.992188 0.884766 0.998047 0.902344 0.984375 0.892578 0.947266 0.9375 0.957031 0.970703 0.998047 0.953125 0.998047 0.964844 0.972656 0.978516
0 0.335938 0.998047 0.322266 0.996094 0.353516 0.960938 0.359375 0.931641 0.292969 0.943359 0.265625 0.998047 0.255859 0.980469 0.289062 0.931641 0.367188 0.923828 0.369141 0.953125 0.335938 0.998047
0 0.859375 0.982422 0.837891 0.960938 0.851562 0.927734 0.875 0.923828 0.904297 0.941406 0.904297 0.972656 0.890625 0.982422 0.890625 0.982422 0.859375 0.982422 0.867188 0.974609 0.884766 0.972656 0.884766 0.972656 0.896484 0.949219 0.859375 0.935547 0.853516 0.960938 0.867188 0.974609
0 0.839844 0.998047 0.8125 0.958984 0.773438 0.951172 0.734375 0.955078 0.722656 0.998047 0.716797 0.957031 0.730469 0.943359 0.820312 0.951172 0.839844 0.998047
0 0.472656 0.998047 0.449219 0.958984 0.410156 0.966797 0.396484 0.980469 0.398438 0.998047 0.388672 0.996094 0.388672 0.972656 0.410156 0.955078 0.457031 0.951172 0.474609 0.976562 0.472656 0.998047
0 0.550781 0.998047 0.523438 0.970703 0.496094 0.998047 0.498047 0.972656 0.53125 0.962891 0.550781 0.998047
0 0.652344 0.998047 0.621094 0.974609 0.580078 0.996094 0.621094 0.962891 0.652344 0.998047
0 0.996094 0.998047 0.996094 0.982422 0.996094 0.998047
