0 0.425781 0.0175781 0.394531 0.0175781 0.373047 0.00390625 0.482422 0 0.425781 0.0175781
0 0.835938 0.0410156 0.773438 0.0214844 0.751953 0 0.796875 0 0.835938 0.0136719 0.851562 0 0.884766 0 0.835938 0.0410156
0 0.849609 0.0410156 0.00390625 0.00390625
0 0.589844 0.333984 0.541016 0.320312 0.513672 0.25 0.513672 0.207031 0.5625 0.158203 0.605469 0.154297 0.630859 0.1875 0.638672 0.28125 0.623047 0.3125 0.589844 0.333984 0.589844 0.333984 0.580078 0.308594 0.595703 0.300781 0.611328 0.265625 0.597656 0.181641 0.572266 0.207031 0.564453 0.253906 0.564453 0.300781 0.580078 0.308594 0.580078 0.308594
0 0.652344 0.369141 0.681641 0.390625 0.701172 0.46875 0.673828 0.535156 0.625 0.564453 0.625 0.564453 0.564453 0.542969 0.548828 0.492188 0.552734 0.449219 0.609375 0.369141 0.652344 0.369141 0.644531 0.392578 0.615234 0.398438 0.576172 0.464844 0.580078 0.515625 0.597656 0.537109 0.626953 0.535156 0.626953 0.535156 0.662109 0.507812 0.673828 0.472656 0.662109 0.410156 0.644531 0.392578
0 0 0.544922 0.00390625 0.416016 0.0292969 0.476562 0.0253906 0.507812 0 0.544922
0 0.785156 0.681641 0.738281 0.708984 0.738281 0.708984 0.697266 0.679688 0.693359 0.609375 0.71875 0.580078 0.753906 0.572266 0.787109 0.597656 0.802734 0.652344 0.785156 0.681641 0.767578 0.664062 0.779297 0.636719 0.753906 0.603516 0.734375 0.599609 0.720703 0.617188 0.716797 0.65625 0.740234 0.679688 0.740234 0.679688 0.767578 0.664062
0 0.664062 0.689453 0.6875 0.689453 0.712891 0.714844 0.712891 0.734375 0.697266 0.769531 0.671875 0.783203 0.671875 0.783203 0.625 0.783203 0.607422 0.765625 0.611328 0.726562 0.664062 0.689453 0.671875 0.712891 0.634766 0.75 0.669922 0.753906 0.669922 0.753906 0.685547 0.734375 0.671875 0.712891
0 0.720703 0.708984 0.00390625 0.00390625
0 0.933594 0.716797 0.974609 0.789062 0.958984 0.839844 0.902344 0.880859 0.902344 0.880859 0.851562 0.873047 0.826172 0.820312 0.830078 0.761719 0.867188 0.712891 0.890625 0.705078 0.933594 0.716797 0.914062 0.736328 0.894531 0.736328 0.853516 0.777344 0.849609 0.800781 0.861328 0.839844 0.878906 0.853516 0.900391 0.851562 0.900391 0.851562 0.927734 0.835938 0.947266 0.800781 0.914062 0.736328
0 0.494141 0.78125 0.466797 0.742188 0.492188 0.720703 0.546875 0.724609 0.580078 0.761719 0.580078 0.824219 0.550781 0.884766 0.550781 0.884766 0.507812 0.880859 0.478516 0.84375 0.494141 0.78125 0.521484 0.78125 0.501953 0.828125 0.529297 0.859375 0.529297 0.859375 0.548828 0.835938 0.560547 0.78125 0.542969 0.755859 0.511719 0.744141 0.521484 0.78125
0 0.611328 0.775391 0.00390625 0.00390625
0 0.675781 0.802734 0.728516 0.84375 0.728516 0.871094 0.695312 0.892578 0.695312 0.892578 0.636719 0.888672 0.619141 0.863281 0.619141 0.828125 0.644531 0.802734 0.675781 0.802734 0.664062 0.826172 0.642578 0.847656 0.652344 0.865234 0.673828 0.867188 0.673828 0.867188 0.701172 0.855469 0.664062 0.826172
0 0.865234 0.9375 0.873047 0.976562 0.855469 0.998047 0.855469 0.998047 0.816406 0.990234 0.791016 0.964844 0.787109 0.90625 0.804688 0.880859 0.824219 0.884766 0.865234 0.9375 0.841797 0.945312 0.816406 0.923828 0.818359 0.964844 0.845703 0.96875 0.845703 0.96875 0.841797 0.945312
0 0.714844 0.998047 0.683594 0.998047 0.697266 0.960938 0.660156 0.943359 0.638672 0.964844 0.646484 0.996094 0.617188 0.998047 0.611328 0.972656 0.626953 0.929688 0.652344 0.919922 0.707031 0.939453 0.724609 0.972656 0.714844 0.998047
0 0.527344 0.998047 0.507812 0.998047 0.505859 0.972656 0.480469 0.958984 0.445312 0.970703 0.425781 0.998047 0.396484 0.996094 0.4375 0.935547 0.484375 0.931641 0.525391 0.957031 0.527344 0.998047
0 0.9375 0.998047 0.898438 0.998047 0.900391 0.976562 0.953125 0.951172 0.998047 0.953125 0.988281 0.982422 0.945312 0.978516 0.9375 0.998047
0 0.826172 0.962891 0.00390625 0.00390625
0 0.787109 0.998047 0.00390625 0.00390625
