0 0.265625 0.0214844 0.242188 0.0214844 0.232422 0 0.25 0.0136719 0.306641 0 0.265625 0.0214844
0 0.492188 0.0878906 0.466797 0.0820312 0.439453 0 0.458984 0.00390625 0.458984 0.0390625 0.484375 0.0800781 0.546875 0.0449219 0.574219 0 0.568359 0.0390625 0.492188 0.0878906
0 0.699219 0.00585938 0.662109 0 0.716797 0 0.699219 0.00585938
0 0.917969 0.0605469 0.884766 0.0507812 0.892578 0.0117188 0.90625 0 0.927734 0 0.896484 0.0234375 0.892578 0.0429688 0.910156 0.0527344 0.939453 0.0351562 0.947266 0 0.957031 0 0.955078 0.03125 0.917969 0.0605469
0 0.996094 0.0527344 0.978516 0.03125 0.980469 0 0.996094 0.0527344
0 0.775391 0.0625 0.775391 0.0429688 0.796875 0.0175781 0.816406 0.0175781 0.833984 0.0351562 0.841797 0.0820312 0.824219 0.107422 0.824219 0.107422 0.804688 0.103516 0.775391 0.0625 0.783203 0.0585938 0.8125 0.0957031 0.822266 0.09375 0.822266 0.09375 0.833984 0.078125 0.830078 0.0546875 0.800781 0.0253906 0.783203 0.0585938
0 0.173828 0.0664062 0.132812 0.0917969 0.132812 0.0917969 0.0839844 0.0820312 0.0839844 0.0507812 0.109375 0.0253906 0.160156 0.0292969 0.177734 0.046875 0.173828 0.0664062 0.166016 0.0585938 0.160156 0.0410156 0.128906 0.0332031 0.0957031 0.0507812 0.0976562 0.0800781 0.126953 0.0820312 0.126953 0.0820312 0.166016 0.0585938
0 0.222656 0.107422 0.212891 0.0976562 0.222656 0.0527344 0.253906 0.0488281 0.287109 0.0664062 0.265625 0.107422 0.265625 0.107422 0.222656 0.107422 0.230469 0.0996094 0.259766 0.0976562 0.259766 0.0976562 0.279297 0.0742188 0.269531 0.0644531 0.242188 0.0566406 0.224609 0.0664062 0.220703 0.0898438 0.230469 0.0996094
0 0.03125 0.173828 0 0.173828 0 0.164062 0.046875 0.158203 0.0644531 0.113281 0.046875 0.0878906 0 0.0683594 0.0546875 0.0800781 0.0722656 0.105469 0.0644531 0.152344 0.03125 0.173828
0 0.378906 0.0839844 0.400391 0.101562 0.400391 0.144531 0.371094 0.169922 0.371094 0.169922 0.34375 0.166016 0.326172 0.144531 0.314453 0.0898438 0.328125 0.0800781 0.378906 0.0839844 0.371094 0.0917969 0.335938 0.0917969 0.326172 0.101562 0.330078 0.128906 0.365234 0.160156 0.365234 0.160156 0.388672 0.144531 0.392578 0.109375 0.371094 0.0917969
0 0.919922 0.167969 0.914062 0.0957031 0.982422 0.105469 0.998047 0.132812 0.988281 0.197266 0.988281 0.197266 0.953125 0.193359 0.919922 0.167969 0.927734 0.160156 0.945312 0.177734 0.982422 0.1875 0.982422 0.1875 0.986328 0.132812 0.949219 0.103516 0.921875 0.103516 0.927734 0.160156
0 0.175781 0.189453 0.136719 0.181641 0.130859 0.152344 0.160156 0.123047 0.191406 0.119141 0.208984 0.132812 0.208984 0.15625 0.175781 0.189453 0.175781 0.189453 0.173828 0.179688 0.201172 0.148438 0.183594 0.126953 0.138672 0.160156 0.144531 0.173828 0.173828 0.179688 0.173828 0.179688
0 0.0839844 0.265625 0.0917969 0.210938 0.113281 0.185547 0.146484 0.207031 0.146484 0.25 0.125 0.271484 0.125 0.271484 0.0839844 0.265625 0.0917969 0.257812 0.119141 0.261719 0.119141 0.261719 0.138672 0.238281 0.113281 0.201172 0.0917969 0.257812
0 0 0.294922 0.0136719 0.246094 0 0.193359 0.0214844 0.222656 0.0214844 0.253906 0 0.294922
0 0.791016 0.28125 0.761719 0.314453 0.761719 0.314453 0.734375 0.314453 0.712891 0.292969 0.708984 0.222656 0.71875 0.205078 0.761719 0.205078 0.791016 0.242188 0.791016 0.28125 0.783203 0.277344 0.783203 0.25 0.746094 0.208984 0.716797 0.230469 0.716797 0.265625 0.728516 0.300781 0.755859 0.304688 0.755859 0.304688 0.783203 0.277344
0 0.822266 0.261719 0.828125 0.212891 0.861328 0.234375 0.855469 0.271484 0.855469 0.271484 0.822266 0.261719 0.830078 0.253906 0.849609 0.261719 0.849609 0.261719 0.853516 0.242188 0.839844 0.228516 0.830078 0.253906
0 0.921875 0.255859 0.896484 0.253906 0.896484 0.226562 0.910156 0.208984 0.935547 0.226562 0.935547 0.246094 0.921875 0.255859 0.921875 0.255859 0.919922 0.246094 0.927734 0.234375 0.914062 0.220703 0.904297 0.246094 0.919922 0.246094 0.919922 0.246094
0 0.230469 0.326172 0.205078 0.308594 0.207031 0.267578 0.246094 0.259766 0.267578 0.273438 0.275391 0.304688 0.261719 0.326172 0.261719 0.326172 0.230469 0.326172 0.238281 0.318359 0.255859 0.316406 0.255859 0.316406 0.263672 0.285156 0.222656 0.267578 0.212891 0.300781 0.238281 0.318359
0 0.0859375 0.376953 0.0351562 0.369141 0.00585938 0.339844 0.00195312 0.316406 0.0351562 0.298828 0.0136719 0.332031 0.0429688 0.361328 0.078125 0.369141 0.0957031 0.355469 0.0957031 0.335938 0.0625 0.302734 0.0371094 0.296875 0.0429688 0.287109 0.0703125 0.294922 0.103516 0.328125 0.103516 0.363281 0.0859375 0.376953
0 0.988281 0.384766 0.949219 0.380859 0.931641 0.359375 0.939453 0.320312 0.980469 0.291016 0.998047 0.304688 0.96875 0.306641 0.939453 0.351562 0.96875 0.376953 0.996094 0.369141 0.988281 0.384766
0 0.158203 0.359375 0.179688 0.337891 0.199219 0.337891 0.228516 0.367188 0.228516 0.386719 0.195312 0.404297 0.195312 0.404297 0.167969 0.400391 0.158203 0.382812 0.158203 0.359375 0.166016 0.367188 0.173828 0.390625 0.189453 0.394531 0.189453 0.394531 0.220703 0.378906 0.191406 0.345703 0.166016 0.367188
0 0.736328 0.410156 0.769531 0.337891 0.800781 0.349609 0.822266 0.378906 0.818359 0.421875 0.800781 0.435547 0.800781 0.435547 0.769531 0.431641 0.736328 0.410156 0.744141 0.402344 0.794922 0.425781 0.794922 0.425781 0.814453 0.40625 0.814453 0.386719 0.773438 0.349609 0.744141 0.402344
0 0.916016 0.382812 0.894531 0.396484 0.894531 0.396484 0.845703 0.378906 0.84375 0.341797 0.898438 0.337891 0.916016 0.351562 0.916016 0.382812 0.908203 0.375 0.902344 0.349609 0.849609 0.355469 0.867188 0.384766 0.888672 0.386719 0.888672 0.386719 0.908203 0.375
0 0.583984 0.4375 0.591797 0.394531 0.636719 0.345703 0.658203 0.355469 0.697266 0.414062 0.685547 0.460938 0.640625 0.494141 0.640625 0.494141 0.615234 0.484375 0.583984 0.4375 0.591797 0.429688 0.603516 0.457031 0.642578 0.480469 0.642578 0.480469 0.669922 0.464844 0.689453 0.421875 0.636719 0.365234 0.607422 0.390625 0.591797 0.429688
0 0 0.501953 0.0292969 0.425781 0 0.398438 0.0195312 0.396484 0.0332031 0.410156 0.0371094 0.445312 0.0292969 0.472656 0 0.501953
0 0.0683594 0.519531 0.0683594 0.488281 0.09375 0.439453 0.126953 0.460938 0.105469 0.533203 0.105469 0.533203 0.0820312 0.533203 0.0683594 0.519531 0.0761719 0.515625 0.0996094 0.523438 0.0996094 0.523438 0.119141 0.464844 0.101562 0.447266 0.0761719 0.496094 0.0761719 0.515625
0 0.818359 0.460938 0.847656 0.435547 0.882812 0.443359 0.927734 0.484375 0.927734 0.519531 0.898438 0.560547 0.898438 0.560547 0.851562 0.548828 0.810547 0.496094 0.818359 0.460938 0.826172 0.464844 0.822266 0.496094 0.863281 0.544922 0.892578 0.550781 0.892578 0.550781 0.912109 0.53125 0.919922 0.492188 0.898438 0.466797 0.851562 0.443359 0.826172 0.464844
0 0.730469 0.560547 0.697266 0.527344 0.697266 0.492188 0.722656 0.443359 0.757812 0.447266 0.791016 0.492188 0.787109 0.535156 0.761719 0.572266 0.761719 0.572266 0.730469 0.560547 0.738281 0.552734 0.763672 0.558594 0.763672 0.558594 0.783203 0.503906 0.771484 0.476562 0.734375 0.451172 0.712891 0.476562 0.705078 0.519531 0.738281 0.552734
0 0.396484 0.527344 0.425781 0.478516 0.492188 0.474609 0.513672 0.5 0.513672 0.546875 0.453125 0.619141 0.453125 0.619141 0.408203 0.597656 0.396484 0.527344 0.404297 0.53125 0.416016 0.589844 0.4375 0.607422 0.455078 0.605469 0.455078 0.605469 0.505859 0.542969 0.505859 0.507812 0.488281 0.482422 0.433594 0.486328 0.404297 0.53125
0 0.677734 0.546875 0.648438 0.572266 0.648438 0.572266 0.625 0.572266 0.607422 0.539062 0.621094 0.521484 0.671875 0.517578 0.677734 0.546875 0.669922 0.542969 0.664062 0.525391 0.619141 0.539062 0.632812 0.564453 0.646484 0.5625 0.646484 0.5625 0.669922 0.542969
0 0.0625 0.689453 0.03125 0.685547 0.00195312 0.660156 0 0.617188 0.0351562 0.654297 0.0742188 0.669922 0.0878906 0.609375 0.0722656 0.582031 0.0351562 0.556641 0.0175781 0.5625 0 0.595703 0 0.552734 0.0546875 0.556641 0.0957031 0.601562 0.0917969 0.664062 0.0625 0.689453
0 0.996094 0.634766 0.970703 0.605469 0.984375 0.544922 0.998047 0.546875 0.978516 0.578125 0.996094 0.634766
0 0.751953 0.609375 0.773438 0.583984 0.820312 0.572266 0.833984 0.632812 0.816406 0.658203 0.789062 0.669922 0.789062 0.669922 0.765625 0.669922 0.748047 0.652344 0.751953 0.609375 0.759766 0.617188 0.759766 0.652344 0.783203 0.660156 0.783203 0.660156 0.808594 0.650391 0.826172 0.625 0.8125 0.587891 0.773438 0.595703 0.759766 0.617188
0 0.707031 0.642578 0.675781 0.642578 0.662109 0.628906 0.658203 0.601562 0.683594 0.576172 0.732422 0.589844 0.732422 0.621094 0.707031 0.642578 0.707031 0.642578 0.705078 0.632812 0.720703 0.621094 0.724609 0.597656 0.683594 0.587891 0.666016 0.609375 0.669922 0.621094 0.683594 0.634766 0.705078 0.632812 0.705078 0.632812
0 0.123047 0.667969 0.130859 0.605469 0.152344 0.583984 0.183594 0.603516 0.216797 0.648438 0.220703 0.6875 0.199219 0.701172 0.199219 0.701172 0.160156 0.697266 0.123047 0.667969 0.130859 0.664062 0.15625 0.685547 0.193359 0.691406 0.193359 0.691406 0.212891 0.679688 0.208984 0.652344 0.152344 0.595703 0.130859 0.636719 0.130859 0.664062
0 0.582031 0.595703 0.625 0.599609 0.638672 0.632812 0.601562 0.666016 0.601562 0.666016 0.546875 0.658203 0.537109 0.621094 0.582031 0.595703 0.585938 0.603516 0.544922 0.628906 0.558594 0.654297 0.595703 0.65625 0.595703 0.65625 0.626953 0.636719 0.617188 0.607422 0.585938 0.603516
0 0.898438 0.626953 0.949219 0.638672 0.978516 0.660156 0.955078 0.714844 0.933594 0.724609 0.933594 0.724609 0.894531 0.716797 0.857422 0.683594 0.865234 0.652344 0.898438 0.626953 0.90625 0.634766 0.876953 0.6875 0.927734 0.714844 0.927734 0.714844 0.947266 0.707031 0.970703 0.667969 0.90625 0.634766
0 0.724609 0.730469 0.724609 0.769531 0.695312 0.802734 0.695312 0.802734 0.669922 0.796875 0.646484 0.753906 0.650391 0.707031 0.667969 0.677734 0.695312 0.685547 0.724609 0.730469 0.716797 0.738281 0.701172 0.703125 0.683594 0.693359 0.662109 0.765625 0.689453 0.792969 0.689453 0.792969 0.708984 0.777344 0.716797 0.738281
0 0.378906 0.685547 0.435547 0.691406 0.447266 0.746094 0.425781 0.771484 0.425781 0.771484 0.384766 0.769531 0.369141 0.730469 0.378906 0.685547 0.386719 0.693359 0.380859 0.734375 0.402344 0.763672 0.419922 0.761719 0.419922 0.761719 0.439453 0.738281 0.431641 0.703125 0.386719 0.693359
0 0.607422 0.730469 0.603516 0.785156 0.570312 0.818359 0.53125 0.830078 0.53125 0.830078 0.498047 0.8125 0.490234 0.742188 0.507812 0.712891 0.539062 0.697266 0.585938 0.701172 0.607422 0.730469 0.599609 0.734375 0.578125 0.708984 0.527344 0.712891 0.494141 0.757812 0.509766 0.8125 0.529297 0.820312 0.529297 0.820312 0.5625 0.810547 0.595703 0.777344 0.599609 0.734375
0 0.830078 0.742188 0.826172 0.792969 0.789062 0.814453 0.789062 0.814453 0.755859 0.8125 0.740234 0.761719 0.748047 0.726562 0.773438 0.697266 0.808594 0.708984 0.830078 0.742188 0.822266 0.746094 0.78125 0.708984 0.748047 0.753906 0.763672 0.804688 0.787109 0.804688 0.787109 0.804688 0.818359 0.785156 0.822266 0.746094
0 0.00390625 0.810547 0 0.800781 0.0253906 0.777344 0.0292969 0.753906 0 0.705078 0.0371094 0.746094 0.0371094 0.777344 0.00390625 0.810547
0 0.0683594 0.773438 0.0859375 0.728516 0.136719 0.720703 0.189453 0.761719 0.193359 0.816406 0.167969 0.865234 0.167969 0.865234 0.113281 0.853516 0.0722656 0.8125 0.0683594 0.773438 0.0761719 0.78125 0.0839844 0.8125 0.128906 0.849609 0.169922 0.851562 0.169922 0.851562 0.185547 0.808594 0.177734 0.761719 0.144531 0.732422 0.0976562 0.732422 0.0761719 0.78125
0 0.246094 0.806641 0.220703 0.757812 0.246094 0.748047 0.28125 0.759766 0.291016 0.773438 0.285156 0.810547 0.285156 0.810547 0.246094 0.806641 0.25 0.798828 0.279297 0.800781 0.279297 0.800781 0.283203 0.78125 0.269531 0.763672 0.228516 0.765625 0.25 0.798828
0 0.941406 0.787109 0.955078 0.804688 0.951172 0.847656 0.898438 0.892578 0.863281 0.904297 0.863281 0.904297 0.830078 0.886719 0.830078 0.847656 0.845703 0.8125 0.882812 0.787109 0.941406 0.787109 0.9375 0.794922 0.878906 0.798828 0.857422 0.8125 0.837891 0.878906 0.847656 0.892578 0.873047 0.890625 0.873047 0.890625 0.939453 0.847656 0.947266 0.8125 0.9375 0.794922
0 0.996094 0.857422 0.986328 0.820312 0.996094 0.794922 0.996094 0.857422
0 0.763672 0.835938 0.757812 0.873047 0.757812 0.873047 0.742188 0.873047 0.705078 0.839844 0.714844 0.802734 0.763672 0.835938 0.755859 0.84375 0.726562 0.818359 0.720703 0.839844 0.751953 0.863281 0.751953 0.863281 0.755859 0.84375
0 0.572266 0.90625 0.576172 0.851562 0.625 0.822266 0.660156 0.830078 0.681641 0.859375 0.666016 0.921875 0.640625 0.935547 0.640625 0.935547 0.59375 0.935547 0.572266 0.90625 0.580078 0.902344 0.601562 0.927734 0.634766 0.925781 0.634766 0.925781 0.658203 0.914062 0.673828 0.867188 0.648438 0.833984 0.628906 0.830078 0.580078 0.863281 0.580078 0.902344
0 0.414062 0.912109 0.384766 0.898438 0.396484 0.859375 0.421875 0.833984 0.464844 0.833984 0.505859 0.859375 0.509766 0.894531 0.46875 0.912109 0.46875 0.912109 0.414062 0.912109 0.417969 0.904297 0.462891 0.902344 0.462891 0.902344 0.496094 0.892578 0.501953 0.871094 0.457031 0.841797 0.414062 0.857422 0.392578 0.890625 0.417969 0.904297
