0 0.707031 0.123047 0.763672 0.183594 0.767578 0.246094 0.742188 0.283203 0.742188 0.283203 0.691406 0.275391 0.654297 0.246094 0.634766 0.160156 0.638672 0.140625 0.667969 0.119141 0.707031 0.123047 0.695312 0.146484 0.675781 0.146484 0.662109 0.164062 0.685547 0.246094 0.720703 0.257812 0.720703 0.257812 0.740234 0.242188 0.736328 0.183594 0.695312 0.146484
0 0.546875 0.205078 0.550781 0.189453 0.574219 0.185547 0.591797 0.203125 0.591797 0.242188 0.642578 0.320312 0.642578 0.355469 0.626953 0.378906 0.585938 0.404297 0.585938 0.404297 0.542969 0.396484 0.53125 0.373047 0.5 0.373047 0.486328 0.328125 0.490234 0.25 0.539062 0.201172 0.546875 0.205078 0.5625 0.220703 0.541016 0.242188 0.544922 0.347656 0.566406 0.376953 0.595703 0.375 0.595703 0.375 0.615234 0.324219 0.580078 0.273438 0.5625 0.220703
0 0.0566406 0.332031 0.0488281 0.3125 0.0800781 0.273438 0.0722656 0.269531 0.101562 0.259766 0.150391 0.28125 0.185547 0.355469 0.173828 0.429688 0.128906 0.486328 0.128906 0.486328 0.0664062 0.470703 0.0371094 0.429688 0.0371094 0.378906 0.0566406 0.332031 0.0761719 0.324219 0.0605469 0.417969 0.0742188 0.447266 0.119141 0.453125 0.119141 0.453125 0.142578 0.4375 0.158203 0.34375 0.121094 0.291016 0.101562 0.287109 0.0761719 0.324219
0 0.769531 0.310547 0.798828 0.332031 0.806641 0.390625 0.765625 0.451172 0.765625 0.451172 0.71875 0.451172 0.658203 0.410156 0.666016 0.363281 0.707031 0.310547 0.769531 0.310547 0.75 0.333984 0.710938 0.349609 0.685547 0.390625 0.703125 0.412109 0.740234 0.425781 0.740234 0.425781 0.771484 0.410156 0.783203 0.359375 0.75 0.333984
0 0.232422 0.369141 0.00390625 0.00390625
0 0.269531 0.373047 0.322266 0.398438 0.330078 0.4375 0.316406 0.462891 0.296875 0.466797 0.296875 0.466797 0.25 0.458984 0.220703 0.4375 0.222656 0.376953 0.269531 0.373047 0.269531 0.396484 0.244141 0.402344 0.25 0.427734 0.273438 0.443359 0.294922 0.441406 0.294922 0.441406 0.306641 0.425781 0.292969 0.408203 0.269531 0.396484
0 0.380859 0.519531 0.376953 0.496094 0.388672 0.429688 0.410156 0.400391 0.4375 0.392578 0.494141 0.429688 0.529297 0.5 0.525391 0.539062 0.460938 0.576172 0.460938 0.576172 0.417969 0.564453 0.380859 0.519531 0.404297 0.507812 0.443359 0.550781 0.443359 0.550781 0.496094 0.533203 0.501953 0.511719 0.474609 0.453125 0.433594 0.419922 0.400391 0.476562 0.404297 0.507812
0 0.267578 0.470703 0.00390625 0.00390625
0 0.246094 0.685547 0.228516 0.671875 0.220703 0.640625 0.220703 0.585938 0.292969 0.494141 0.357422 0.542969 0.392578 0.597656 0.392578 0.621094 0.369141 0.65625 0.308594 0.697266 0.308594 0.697266 0.246094 0.685547 0.257812 0.662109 0.314453 0.664062 0.314453 0.664062 0.369141 0.609375 0.339844 0.564453 0.292969 0.533203 0.251953 0.585938 0.244141 0.628906 0.257812 0.662109
0 0.705078 0.722656 0.662109 0.648438 0.673828 0.597656 0.699219 0.568359 0.722656 0.560547 0.757812 0.560547 0.78125 0.583984 0.808594 0.587891 0.826172 0.628906 0.822266 0.6875 0.753906 0.744141 0.753906 0.744141 0.705078 0.722656 0.726562 0.708984 0.755859 0.710938 0.755859 0.710938 0.794922 0.679688 0.787109 0.640625 0.75 0.603516 0.734375 0.607422 0.714844 0.591797 0.689453 0.632812 0.693359 0.660156 0.726562 0.708984
0 0.00195312 0.599609 0.00390625 0.00390625
0 0.00195312 0.607422 0.00390625 0.00390625
0 0 0.685547 0 0.611328 0.00976562 0.632812 0 0.685547
0 0.212891 0.726562 0.205078 0.8125 0.152344 0.841797 0.152344 0.841797 0.113281 0.837891 0.078125 0.818359 0.0527344 0.765625 0.0644531 0.667969 0.09375 0.642578 0.152344 0.654297 0.212891 0.726562 0.189453 0.742188 0.152344 0.685547 0.105469 0.669922 0.0800781 0.742188 0.109375 0.787109 0.146484 0.796875 0.146484 0.796875 0.167969 0.794922 0.185547 0.777344 0.189453 0.742188
0 0.996094 0.873047 0.962891 0.84375 0.943359 0.792969 0.951172 0.761719 0.957031 0.767578 0.988281 0.736328 0.998047 0.769531 0.966797 0.792969 0.982422 0.828125 0.998047 0.835938 0.996094 0.873047
0 0.0625 0.998047 0.0371094 0.996094 0.0449219 0.925781 0.0253906 0.882812 0 0.871094 0.00390625 0.845703 0.046875 0.865234 0.0605469 0.886719 0.0722656 0.929688 0.0625 0.998047
0 0.976562 0.998047 0.943359 0.996094 0.962891 0.972656 0.966797 0.945312 0.945312 0.923828 0.890625 0.919922 0.84375 0.998047 0.824219 0.998047 0.822266 0.976562 0.841797 0.9375 0.902344 0.888672 0.960938 0.900391 0.994141 0.933594 0.976562 0.998047
0 0.71875 0.998047 0.695312 0.998047 0.691406 0.978516 0.601562 0.951172 0.484375 0.982422 0.472656 0.998047 0.447266 0.996094 0.464844 0.962891 0.511719 0.955078 0.554688 0.931641 0.65625 0.927734 0.720703 0.96875 0.71875 0.998047
