0 0.0351562 0.00976562 0.00585938 0 0.0605469 0 0.0351562 0.00976562
0 0.0996094 0.046875 0.0878906 0.0234375 0.101562 0.00195312 0.164062 0.00585938 0.208984 0.046875 0.205078 0.0976562 0.160156 0.115234 0.160156 0.115234 0.132812 0.111328 0.0957031 0.078125 0.0996094 0.046875 0.119141 0.046875 0.126953 0.0703125 0.148438 0.0878906 0.173828 0.0859375 0.173828 0.0859375 0.185547 0.078125 0.177734 0.0507812 0.152344 0.0292969 0.128906 0.0292969 0.119141 0.046875
0 0.292969 0.0371094 0.261719 0.0371094 0.253906 0.0253906 0.230469 0.0332031 0.216797 0.00390625 0.242188 0 0.277344 0.0175781 0.324219 0 0.314453 0.0234375 0.292969 0.0371094
0 0.466797 0.109375 0.470703 0.0195312 0.484375 0 0.558594 0 0.564453 0.046875 0.552734 0.078125 0.507812 0.126953 0.507812 0.126953 0.466797 0.109375 0.488281 0.0996094 0.505859 0.101562 0.505859 0.101562 0.529297 0.0664062 0.529297 0.0390625 0.511719 0.0175781 0.490234 0.0390625 0.494141 0.0664062 0.482422 0.0859375 0.488281 0.0996094
0 0.734375 0 0.806641 0.00390625 0.806641 0.0507812 0.785156 0.0644531 0.785156 0.0644531 0.761719 0.0644531 0.736328 0.046875 0.734375 0 0.757812 0.00585938 0.759766 0.0390625 0.783203 0.0390625 0.783203 0.0390625 0.787109 0.0195312 0.757812 0.00585938
0 0.949219 0.0214844 0.962891 0.0429688 0.933594 0.0761719 0.933594 0.0761719 0.855469 0.0605469 0.845703 0.0078125 0.859375 0 0.949219 0.0214844 0.935547 0.0390625 0.910156 0.0292969 0.875 0.0253906 0.869141 0.0351562 0.882812 0.0488281 0.931641 0.0507812 0.931641 0.0507812 0.935547 0.0390625
0 0.912109 0.00585938 0.00390625 0.00390625
0 0.417969 0.0410156 0.427734 0.0585938 0.412109 0.109375 0.386719 0.119141 0.386719 0.119141 0.363281 0.119141 0.349609 0.09375 0.375 0.0332031 0.417969 0.0410156 0.398438 0.0566406 0.373047 0.0742188 0.378906 0.0917969 0.392578 0.09375 0.392578 0.09375 0.404297 0.0820312 0.398438 0.0566406
0 0.400391 0.0332031 0.00390625 0.00390625
0 0.642578 0.0898438 0.625 0.107422 0.625 0.107422 0.576172 0.0859375 0.601562 0.0527344 0.638672 0.0625 0.642578 0.0898438 0.619141 0.0820312 0.611328 0.078125 0.619141 0.0820312 0.619141 0.0820312
0 0.699219 0.0644531 0.726562 0.0605469 0.740234 0.0898438 0.714844 0.166016 0.714844 0.166016 0.673828 0.15625 0.658203 0.105469 0.699219 0.0644531 0.699219 0.0839844 0.681641 0.105469 0.681641 0.132812 0.705078 0.140625 0.705078 0.140625 0.716797 0.0898438 0.699219 0.0839844
0 0.765625 0.0917969 0.800781 0.0878906 0.833984 0.109375 0.841797 0.148438 0.804688 0.169922 0.804688 0.169922 0.792969 0.162109 0.789062 0.169922 0.755859 0.140625 0.765625 0.0917969 0.78125 0.107422 0.779297 0.128906 0.814453 0.144531 0.814453 0.144531 0.818359 0.125 0.78125 0.107422
0 0.277344 0.0957031 0.3125 0.0957031 0.326172 0.128906 0.326172 0.140625 0.296875 0.158203 0.296875 0.158203 0.263672 0.140625 0.277344 0.0957031 0.289062 0.115234 0.283203 0.125 0.294922 0.132812 0.294922 0.132812 0.302734 0.125 0.289062 0.115234
0 0.634766 0.111328 0.00390625 0.00390625
0 0.474609 0.136719 0.486328 0.175781 0.474609 0.207031 0.445312 0.220703 0.445312 0.220703 0.416016 0.191406 0.416016 0.148438 0.449219 0.115234 0.474609 0.136719 0.453125 0.138672 0.439453 0.160156 0.451172 0.191406 0.451172 0.191406 0.462891 0.179688 0.453125 0.138672
0 0.992188 0.138672 0.998047 0.203125 0.988281 0.208984 0.988281 0.208984 0.953125 0.208984 0.910156 0.185547 0.892578 0.121094 0.945312 0.119141 0.992188 0.138672 0.980469 0.154297 0.919922 0.140625 0.9375 0.177734 0.990234 0.183594 0.990234 0.183594 0.994141 0.167969 0.980469 0.154297
0 0.203125 0.212891 0.1875 0.208984 0.177734 0.1875 0.222656 0.134766 0.244141 0.15625 0.224609 0.203125 0.203125 0.212891
0 0.623047 0.234375 0.601562 0.244141 0.601562 0.244141 0.564453 0.226562 0.572266 0.171875 0.597656 0.154297 0.625 0.158203 0.646484 0.183594 0.623047 0.234375 0.607422 0.21875 0.619141 0.1875 0.601562 0.177734 0.587891 0.21875 0.607422 0.21875 0.607422 0.21875
0 0.896484 0.166016 0.00390625 0.00390625
0 0.757812 0.248047 0.738281 0.248047 0.720703 0.230469 0.738281 0.185547 0.757812 0.185547 0.771484 0.207031 0.757812 0.248047
0 0.0976562 0.275391 0.0605469 0.257812 0.0605469 0.238281 0.078125 0.220703 0.119141 0.246094 0.0976562 0.275391
0 0.832031 0.341797 0.820312 0.349609 0.806641 0.332031 0.814453 0.296875 0.855469 0.236328 0.90625 0.248047 0.923828 0.28125 0.927734 0.328125 0.912109 0.363281 0.890625 0.376953 0.890625 0.376953 0.855469 0.376953 0.832031 0.341797 0.845703 0.332031 0.863281 0.357422 0.884766 0.355469 0.884766 0.355469 0.900391 0.339844 0.904297 0.292969 0.867188 0.259766 0.845703 0.332031
0 0.304688 0.259766 0.341797 0.308594 0.330078 0.347656 0.308594 0.361328 0.308594 0.361328 0.234375 0.349609 0.212891 0.328125 0.201172 0.265625 0.234375 0.244141 0.304688 0.259766 0.298828 0.28125 0.273438 0.267578 0.234375 0.267578 0.240234 0.324219 0.273438 0.341797 0.298828 0.339844 0.298828 0.339844 0.318359 0.320312 0.298828 0.28125
0 0.705078 0.269531 0.712891 0.328125 0.691406 0.345703 0.691406 0.345703 0.648438 0.333984 0.626953 0.304688 0.636719 0.255859 0.6875 0.255859 0.705078 0.269531 0.689453 0.285156 0.652344 0.279297 0.654297 0.304688 0.681641 0.324219 0.681641 0.324219 0.689453 0.285156
0 0.451172 0.316406 0.443359 0.296875 0.460938 0.267578 0.488281 0.263672 0.521484 0.300781 0.513672 0.332031 0.496094 0.353516 0.457031 0.357422 0.457031 0.357422 0.439453 0.335938 0.451172 0.316406 0.466797 0.332031 0.482422 0.332031 0.482422 0.332031 0.498047 0.304688 0.472656 0.287109 0.466797 0.332031
0 0.148438 0.443359 0.09375 0.416016 0.0761719 0.378906 0.0722656 0.335938 0.09375 0.291016 0.160156 0.306641 0.181641 0.335938 0.181641 0.398438 0.148438 0.443359 0.148438 0.443359 0.142578 0.421875 0.158203 0.394531 0.162109 0.347656 0.132812 0.318359 0.113281 0.318359 0.0917969 0.359375 0.111328 0.402344 0.142578 0.421875 0.142578 0.421875
0 0.00195312 0.298828 0.00390625 0.00390625
0 0 0.400391 0.00390625 0.302734 0.0175781 0.328125 0.0175781 0.375 0 0.400391
0 0.533203 0.355469 0.539062 0.337891 0.578125 0.318359 0.595703 0.335938 0.595703 0.378906 0.5625 0.412109 0.5625 0.412109 0.537109 0.398438 0.533203 0.355469 0.556641 0.355469 0.560547 0.386719 0.560547 0.386719 0.572266 0.375 0.570312 0.341797 0.556641 0.355469
0 0.421875 0.361328 0.46875 0.373047 0.486328 0.390625 0.470703 0.4375 0.429688 0.458984 0.429688 0.458984 0.388672 0.4375 0.392578 0.378906 0.421875 0.361328 0.421875 0.384766 0.412109 0.421875 0.421875 0.435547 0.435547 0.433594 0.435547 0.433594 0.462891 0.398438 0.421875 0.384766
0 0.925781 0.521484 0.896484 0.472656 0.904297 0.414062 0.917969 0.416016 0.949219 0.373047 0.96875 0.373047 0.998047 0.410156 0.994141 0.511719 0.960938 0.533203 0.960938 0.533203 0.925781 0.521484 0.9375 0.505859 0.929688 0.525391 0.90625 0.533203 0.912109 0.554688 0.921875 0.572266 0.951172 0.574219 0.951172 0.574219 0.933594 0.552734 0.912109 0.554688 0.90625 0.533203 0.888672 0.570312 0.921875 0.595703 0.957031 0.599609 0.957031 0.599609 0.974609 0.578125 0.962891 0.550781 0.929688 0.525391 0.9375 0.505859 0.966797 0.507812 0.966797 0.507812 0.990234 0.46875 0.990234 0.4375 0.953125 0.392578 0.919922 0.464844 0.9375 0.505859
0 0.279297 0.429688 0.275391 0.40625 0.300781 0.376953 0.34375 0.388672 0.353516 0.402344 0.320312 0.443359 0.320312 0.443359 0.292969 0.443359 0.279297 0.429688 0.294922 0.417969 0.310547 0.421875 0.310547 0.421875 0.322266 0.410156 0.316406 0.400391 0.294922 0.417969
0 0.330078 0.380859 0.00390625 0.00390625
0 0.724609 0.464844 0.679688 0.498047 0.679688 0.498047 0.615234 0.453125 0.626953 0.402344 0.671875 0.373047 0.722656 0.384766 0.744141 0.410156 0.724609 0.464844 0.705078 0.457031 0.716797 0.417969 0.699219 0.396484 0.675781 0.396484 0.650391 0.410156 0.650391 0.453125 0.689453 0.46875 0.689453 0.46875 0.705078 0.457031
0 0.841797 0.425781 0.861328 0.476562 0.845703 0.519531 0.808594 0.529297 0.808594 0.529297 0.767578 0.472656 0.771484 0.433594 0.792969 0.404297 0.841797 0.425781 0.830078 0.445312 0.804688 0.427734 0.791016 0.476562 0.826172 0.503906 0.826172 0.503906 0.837891 0.46875 0.830078 0.445312
0 0.275391 0.423828 0.00390625 0.00390625
0 0.259766 0.511719 0.230469 0.529297 0.230469 0.529297 0.201172 0.492188 0.208984 0.441406 0.234375 0.427734 0.267578 0.441406 0.275391 0.480469 0.259766 0.511719 0.248047 0.492188 0.246094 0.451172 0.228516 0.457031 0.232422 0.5 0.232422 0.5 0.248047 0.492188
0 0.0273438 0.591797 0 0.587891 0 0.566406 0.0078125 0.576172 0.0390625 0.568359 0.0566406 0.539062 0.0566406 0.507812 0.0390625 0.478516 0.0117188 0.466797 0 0.511719 0 0.453125 0.0078125 0.447266 0.046875 0.462891 0.0722656 0.503906 0.0722656 0.546875 0.0527344 0.570312 0.0605469 0.574219 0.0273438 0.591797
0 0.736328 0.451172 0.00390625 0.00390625
0 0.347656 0.466797 0.384766 0.515625 0.373047 0.574219 0.351562 0.595703 0.351562 0.595703 0.304688 0.583984 0.287109 0.558594 0.287109 0.5 0.320312 0.458984 0.347656 0.466797 0.332031 0.482422 0.314453 0.492188 0.302734 0.527344 0.314453 0.5625 0.345703 0.570312 0.345703 0.570312 0.361328 0.523438 0.332031 0.482422
0 0.416016 0.492188 0.404297 0.476562 0.417969 0.466797 0.445312 0.466797 0.494141 0.5 0.498047 0.542969 0.476562 0.568359 0.476562 0.568359 0.449219 0.564453 0.412109 0.519531 0.416016 0.492188 0.4375 0.490234 0.439453 0.523438 0.466797 0.546875 0.466797 0.546875 0.478516 0.519531 0.4375 0.490234
0 0.0957031 0.5625 0.111328 0.492188 0.125 0.478516 0.160156 0.490234 0.173828 0.523438 0.166016 0.574219 0.140625 0.603516 0.140625 0.603516 0.113281 0.603516 0.0957031 0.5625 0.111328 0.566406 0.126953 0.589844 0.126953 0.589844 0.142578 0.582031 0.158203 0.535156 0.136719 0.501953 0.115234 0.53125 0.111328 0.566406
0 0.673828 0.558594 0.673828 0.589844 0.652344 0.630859 0.652344 0.630859 0.609375 0.615234 0.591797 0.578125 0.599609 0.527344 0.628906 0.490234 0.646484 0.5 0.673828 0.558594 0.654297 0.570312 0.628906 0.529297 0.615234 0.582031 0.642578 0.605469 0.642578 0.605469 0.654297 0.570312
0 0.685547 0.542969 0.681641 0.507812 0.691406 0.498047 0.759766 0.523438 0.759766 0.546875 0.738281 0.560547 0.738281 0.560547 0.685547 0.542969 0.701172 0.527344 0.736328 0.535156 0.736328 0.535156 0.710938 0.521484 0.701172 0.527344
0 0.830078 0.498047 0.00390625 0.00390625
0 0 0.529297 0 0.517578 0 0.529297
0 0.00195312 0.537109 0.00390625 0.00390625
0 0.267578 0.644531 0.246094 0.658203 0.246094 0.658203 0.185547 0.632812 0.173828 0.589844 0.181641 0.566406 0.210938 0.544922 0.257812 0.564453 0.271484 0.585938 0.267578 0.644531 0.251953 0.632812 0.248047 0.585938 0.203125 0.572266 0.205078 0.613281 0.234375 0.634766 0.251953 0.632812 0.251953 0.632812
0 0.630859 0.552734 0.00390625 0.00390625
0 0.884766 0.597656 0.880859 0.621094 0.835938 0.662109 0.835938 0.662109 0.791016 0.644531 0.791016 0.589844 0.816406 0.560547 0.851562 0.552734 0.884766 0.574219 0.884766 0.597656 0.865234 0.597656 0.859375 0.576172 0.832031 0.576172 0.816406 0.599609 0.810547 0.59375 0.810547 0.628906 0.833984 0.636719 0.833984 0.636719 0.865234 0.597656
0 0.177734 0.576172 0.00390625 0.00390625
0 0.494141 0.609375 0.498047 0.648438 0.480469 0.666016 0.480469 0.666016 0.431641 0.640625 0.429688 0.587891 0.472656 0.591797 0.494141 0.609375 0.474609 0.621094 0.449219 0.611328 0.455078 0.632812 0.474609 0.640625 0.474609 0.640625 0.474609 0.621094
0 0.759766 0.601562 0.767578 0.644531 0.757812 0.666016 0.757812 0.666016 0.722656 0.658203 0.708984 0.636719 0.705078 0.597656 0.714844 0.583984 0.746094 0.583984 0.759766 0.601562 0.744141 0.613281 0.730469 0.603516 0.740234 0.644531 0.740234 0.644531 0.744141 0.613281
0 0.0136719 0.601562 0.0546875 0.595703 0.0527344 0.628906 0.0273438 0.638672 0.0273438 0.638672 0.00585938 0.632812 0.0136719 0.601562 0.0253906 0.617188 0.0371094 0.617188 0.0371094 0.617188 0.0390625 0.607422 0.0253906 0.617188
0 0.818359 0.623047 0.00390625 0.00390625
0 0.302734 0.630859 0.00390625 0.00390625
0 0.121094 0.712891 0.0898438 0.712891 0.0800781 0.683594 0.0800781 0.664062 0.109375 0.634766 0.144531 0.642578 0.158203 0.664062 0.121094 0.712891 0.121094 0.712891 0.111328 0.691406 0.123047 0.6875 0.121094 0.658203 0.103516 0.667969 0.111328 0.691406 0.111328 0.691406
0 0.353516 0.648438 0.357422 0.675781 0.339844 0.701172 0.339844 0.701172 0.316406 0.697266 0.298828 0.675781 0.300781 0.634766 0.353516 0.648438 0.333984 0.664062 0.320312 0.658203 0.330078 0.675781 0.330078 0.675781 0.333984 0.664062
0 0.533203 0.648438 0.550781 0.638672 0.585938 0.638672 0.623047 0.664062 0.623047 0.691406 0.582031 0.724609 0.582031 0.724609 0.546875 0.716797 0.525391 0.691406 0.533203 0.648438 0.550781 0.662109 0.548828 0.6875 0.580078 0.699219 0.580078 0.699219 0.603516 0.675781 0.550781 0.662109
0 0.267578 0.654297 0.00390625 0.00390625
0 0.951172 0.71875 0.921875 0.736328 0.921875 0.736328 0.873047 0.703125 0.873047 0.6875 0.90625 0.650391 0.962891 0.671875 0.951172 0.71875 0.935547 0.703125 0.943359 0.683594 0.933594 0.673828 0.900391 0.695312 0.916016 0.710938 0.916016 0.710938 0.935547 0.703125
0 0.0195312 0.736328 0 0.736328 0 0.722656 0.03125 0.716797 0.0488281 0.695312 0.0195312 0.685547 0 0.697266 0 0.675781 0.0351562 0.669922 0.0605469 0.683594 0.0644531 0.707031 0.0195312 0.736328
0 0.171875 0.755859 0.154297 0.726562 0.183594 0.677734 0.214844 0.673828 0.236328 0.695312 0.236328 0.714844 0.207031 0.755859 0.207031 0.755859 0.171875 0.755859 0.177734 0.734375 0.189453 0.734375 0.189453 0.734375 0.212891 0.714844 0.210938 0.701172 0.185547 0.703125 0.177734 0.734375
0 0.800781 0.689453 0.837891 0.71875 0.833984 0.75 0.816406 0.759766 0.816406 0.759766 0.763672 0.734375 0.761719 0.681641 0.800781 0.689453 0.796875 0.708984 0.779297 0.714844 0.785156 0.728516 0.814453 0.730469 0.814453 0.730469 0.796875 0.708984
0 0.505859 0.707031 0.513672 0.75 0.505859 0.773438 0.480469 0.783203 0.480469 0.783203 0.445312 0.767578 0.419922 0.730469 0.429688 0.689453 0.476562 0.689453 0.505859 0.707031 0.490234 0.726562 0.449219 0.708984 0.455078 0.742188 0.486328 0.757812 0.486328 0.757812 0.490234 0.726562
0 0.683594 0.705078 0.697266 0.722656 0.675781 0.759766 0.675781 0.759766 0.638672 0.75 0.634766 0.714844 0.644531 0.701172 0.683594 0.705078 0.671875 0.724609 0.658203 0.726562 0.669922 0.734375 0.669922 0.734375 0.671875 0.724609
0 0.228516 0.746094 0.253906 0.716797 0.277344 0.716797 0.291016 0.75 0.261719 0.791016 0.261719 0.791016 0.244141 0.785156 0.228516 0.746094 0.251953 0.753906 0.263672 0.753906 0.263672 0.753906 0.261719 0.744141 0.251953 0.753906
0 0.34375 0.814453 0.306641 0.808594 0.298828 0.757812 0.335938 0.724609 0.375 0.724609 0.384766 0.757812 0.34375 0.814453 0.34375 0.814453 0.337891 0.792969 0.361328 0.757812 0.347656 0.744141 0.322266 0.761719 0.318359 0.785156 0.337891 0.792969 0.337891 0.792969
0 0.753906 0.787109 0.722656 0.779297 0.712891 0.761719 0.75 0.736328 0.771484 0.773438 0.753906 0.787109
0 0.537109 0.847656 0.525391 0.824219 0.533203 0.765625 0.546875 0.755859 0.59375 0.759766 0.638672 0.789062 0.646484 0.816406 0.630859 0.828125 0.630859 0.859375 0.609375 0.873047 0.609375 0.873047 0.550781 0.865234 0.537109 0.847656 0.556641 0.835938 0.570312 0.849609 0.607422 0.847656 0.607422 0.847656 0.611328 0.8125 0.566406 0.783203 0.556641 0.792969 0.556641 0.835938
0 0.00390625 0.830078 0 0.8125 0.0136719 0.789062 0 0.78125 0 0.763672 0.0292969 0.777344 0.0253906 0.804688 0.00390625 0.830078
0 0.0722656 0.871094 0.0761719 0.820312 0.117188 0.775391 0.150391 0.792969 0.169922 0.839844 0.150391 0.894531 0.132812 0.908203 0.132812 0.908203 0.09375 0.900391 0.0722656 0.871094 0.0878906 0.871094 0.0976562 0.884766 0.126953 0.890625 0.126953 0.890625 0.150391 0.839844 0.138672 0.808594 0.113281 0.794922 0.0917969 0.832031 0.0878906 0.871094
0 0.396484 0.835938 0.396484 0.796875 0.40625 0.791016 0.4375 0.787109 0.474609 0.8125 0.470703 0.839844 0.4375 0.865234 0.4375 0.865234 0.396484 0.835938 0.416016 0.828125 0.435547 0.835938 0.435547 0.835938 0.447266 0.816406 0.421875 0.810547 0.416016 0.828125
0 0.800781 0.798828 0.818359 0.832031 0.789062 0.865234 0.789062 0.865234 0.761719 0.861328 0.751953 0.84375 0.769531 0.802734 0.800781 0.798828 0.792969 0.818359 0.779297 0.828125 0.779297 0.839844 0.791016 0.839844 0.791016 0.839844 0.792969 0.818359
0 0.691406 0.880859 0.669922 0.851562 0.6875 0.806641 0.726562 0.806641 0.744141 0.824219 0.71875 0.880859 0.71875 0.880859 0.691406 0.880859 0.701172 0.859375 0.720703 0.832031 0.710938 0.826172 0.693359 0.839844 0.701172 0.859375 0.701172 0.859375
0 0.189453 0.90625 0.177734 0.890625 0.177734 0.851562 0.21875 0.822266 0.253906 0.818359 0.267578 0.839844 0.226562 0.916016 0.226562 0.916016 0.189453 0.90625 0.207031 0.892578 0.220703 0.890625 0.220703 0.890625 0.240234 0.855469 0.234375 0.841797 0.197266 0.871094 0.207031 0.892578
0 0.365234 0.902344 0.328125 0.923828 0.328125 0.923828 0.279297 0.898438 0.287109 0.84375 0.308594 0.830078 0.351562 0.837891 0.376953 0.863281 0.365234 0.902344 0.347656 0.888672 0.353516 0.867188 0.3125 0.853516 0.298828 0.886719 0.322266 0.898438 0.322266 0.898438 0.347656 0.888672
0 0.962891 0.890625 0.966797 0.90625 0.951172 0.933594 0.902344 0.958984 0.902344 0.958984 0.84375 0.923828 0.826172 0.894531 0.822266 0.871094 0.84375 0.845703 0.894531 0.849609 0.90625 0.861328 0.914062 0.853516 0.962891 0.890625 0.947266 0.902344 0.935547 0.886719 0.851562 0.869141 0.853516 0.898438 0.886719 0.931641 0.912109 0.933594 0.912109 0.933594 0.947266 0.902344
0 0.488281 0.943359 0.470703 0.921875 0.466797 0.910156 0.488281 0.876953 0.535156 0.869141 0.572266 0.886719 0.576172 0.90625 0.560547 0.941406 0.53125 0.958984 0.53125 0.958984 0.488281 0.943359 0.503906 0.927734 0.537109 0.929688 0.537109 0.929688 0.552734 0.90625 0.546875 0.896484 0.498047 0.902344 0.503906 0.927734
0 0.427734 0.925781 0.394531 0.939453 0.394531 0.939453 0.376953 0.925781 0.380859 0.898438 0.40625 0.880859 0.433594 0.884766 0.427734 0.925781 0.412109 0.910156 0.404297 0.914062 0.404297 0.914062 0.412109 0.910156
0 0.761719 0.998047 0.744141 0.996094 0.751953 0.976562 0.722656 0.935547 0.701172 0.941406 0.712891 0.996094 0.681641 0.996094 0.677734 0.945312 0.691406 0.916016 0.726562 0.912109 0.759766 0.941406 0.775391 0.980469 0.761719 0.998047
0 0.130859 0.923828 0.00390625 0.00390625
0 0.199219 0.998047 0.185547 0.996094 0.185547 0.960938 0.160156 0.939453 0.134766 0.941406 0.142578 0.996094 0.113281 0.998047 0.115234 0.941406 0.136719 0.919922 0.175781 0.927734 0.205078 0.96875 0.199219 0.998047
0 0.396484 0.949219 0.441406 0.939453 0.46875 0.951172 0.46875 0.998047 0.46875 0.998047 0.402344 0.986328 0.396484 0.949219 0.419922 0.964844 0.412109 0.960938 0.423828 0.964844 0.451172 0.980469 0.451172 0.980469 0.449219 0.966797 0.423828 0.964844 0.412109 0.960938 0.419922 0.964844 0.419922 0.964844
0 0.328125 0.998047 0.277344 0.986328 0.226562 0.998047 0.224609 0.984375 0.242188 0.962891 0.265625 0.962891 0.308594 0.974609 0.328125 0.998047
0 0.570312 0.998047 0.509766 0.992188 0.535156 0.974609 0.5625 0.982422 0.570312 0.998047
0 0.660156 0.998047 0.611328 0.992188 0.644531 0.978516 0.666016 0.992188 0.660156 0.998047
