0 0.09375 0.0410156 0.0664062 0.0371094 0.0410156 0 0.0820312 0.0332031 0.146484 0 0.09375 0.0410156
0 0.792969 0.0214844 0.779297 0.0195312 0.773438 0 0.789062 0.00976562 0.802734 0 0.792969 0.0214844
0 0.984375 0.0566406 0.960938 0.0566406 0.947266 0.0429688 0.960938 0 0.970703 0 0.962891 0.0429688 0.998047 0.0429688 0.984375 0.0566406
0 0 0.0410156 0 0.00976562 0 0.0410156
0 0.226562 0.0917969 0.205078 0.0625 0.205078 0.0351562 0.234375 0.00976562 0.253906 0.00976562 0.279297 0.046875 0.279297 0.078125 0.253906 0.0957031 0.253906 0.0957031 0.226562 0.0917969 0.234375 0.0839844 0.259766 0.0820312 0.259766 0.0820312 0.263672 0.0429688 0.242188 0.0214844 0.220703 0.0390625 0.220703 0.0703125 0.234375 0.0839844
0 0.632812 0.0605469 0.597656 0.0605469 0.580078 0.0195312 0.640625 0.00976562 0.654297 0.046875 0.632812 0.0605469 0.632812 0.0605469 0.630859 0.0507812 0.646484 0.0390625 0.632812 0.0175781 0.591797 0.0234375 0.597656 0.0488281 0.630859 0.0507812 0.630859 0.0507812
0 0.683594 0.0722656 0.666016 0.0585938 0.683594 0.00585938 0.730469 0.0136719 0.755859 0.0429688 0.753906 0.0566406 0.726562 0.0722656 0.726562 0.0722656 0.683594 0.0722656 0.691406 0.0644531 0.720703 0.0625 0.720703 0.0625 0.744141 0.0429688 0.714844 0.0175781 0.6875 0.0175781 0.673828 0.0507812 0.691406 0.0644531
0 0.0820312 0.134766 0.0566406 0.132812 0.0527344 0.0859375 0.0703125 0.0605469 0.109375 0.0527344 0.134766 0.0742188 0.134766 0.09375 0.0820312 0.134766 0.0820312 0.134766 0.0800781 0.125 0.126953 0.0859375 0.113281 0.0644531 0.0722656 0.0742188 0.0605469 0.109375 0.0800781 0.125 0.0800781 0.125
0 0.90625 0.115234 0.892578 0.0820312 0.945312 0.0761719 0.958984 0.0976562 0.949219 0.115234 0.949219 0.115234 0.90625 0.115234 0.914062 0.107422 0.943359 0.105469 0.943359 0.105469 0.929688 0.0878906 0.908203 0.0898438 0.914062 0.107422
0 0.193359 0.144531 0.253906 0.111328 0.267578 0.125 0.271484 0.164062 0.238281 0.208984 0.238281 0.208984 0.201172 0.183594 0.193359 0.144531 0.201172 0.152344 0.205078 0.171875 0.236328 0.195312 0.236328 0.195312 0.263672 0.15625 0.25 0.123047 0.201172 0.152344
0 0.421875 0.126953 0.46875 0.130859 0.501953 0.171875 0.501953 0.203125 0.464844 0.232422 0.464844 0.232422 0.417969 0.232422 0.388672 0.195312 0.380859 0.167969 0.421875 0.126953 0.425781 0.134766 0.396484 0.167969 0.400391 0.199219 0.425781 0.224609 0.462891 0.222656 0.462891 0.222656 0.490234 0.203125 0.494141 0.175781 0.460938 0.138672 0.425781 0.134766
0 0.736328 0.136719 0.785156 0.123047 0.794922 0.140625 0.78125 0.158203 0.78125 0.158203 0.746094 0.158203 0.736328 0.136719 0.744141 0.140625 0.775391 0.148438 0.775391 0.148438 0.783203 0.136719 0.769531 0.130859 0.744141 0.140625
0 0.169922 0.21875 0.121094 0.294922 0.121094 0.294922 0.105469 0.294922 0.0839844 0.273438 0.0410156 0.207031 0.0546875 0.169922 0.113281 0.138672 0.169922 0.191406 0.169922 0.21875 0.162109 0.214844 0.162109 0.199219 0.121094 0.150391 0.0488281 0.191406 0.0761719 0.246094 0.115234 0.285156 0.115234 0.285156 0.162109 0.214844
0 0.84375 0.248047 0.814453 0.238281 0.808594 0.197266 0.832031 0.197266 0.853516 0.214844 0.857422 0.234375 0.84375 0.248047 0.84375 0.248047 0.841797 0.238281 0.845703 0.222656 0.816406 0.205078 0.822266 0.230469 0.841797 0.238281 0.841797 0.238281
0 0.283203 0.289062 0.261719 0.322266 0.261719 0.322266 0.234375 0.322266 0.208984 0.300781 0.216797 0.25 0.242188 0.212891 0.261719 0.212891 0.283203 0.25 0.283203 0.289062 0.275391 0.28125 0.257812 0.228516 0.220703 0.28125 0.226562 0.306641 0.255859 0.3125 0.255859 0.3125 0.275391 0.28125
0 0.785156 0.279297 0.763672 0.273438 0.753906 0.224609 0.791016 0.234375 0.785156 0.279297 0.785156 0.279297 0.779297 0.269531 0.787109 0.25 0.765625 0.232422 0.779297 0.269531 0.779297 0.269531
0 0.988281 0.314453 0.96875 0.314453 0.958984 0.300781 0.96875 0.232422 0.998047 0.242188 0.996094 0.251953 0.978516 0.242188 0.966797 0.277344 0.976562 0.306641 0.998047 0.300781 0.988281 0.314453
0 0.853516 0.320312 0.871094 0.259766 0.898438 0.271484 0.916016 0.300781 0.916016 0.320312 0.882812 0.357422 0.882812 0.357422 0.861328 0.351562 0.853516 0.320312 0.861328 0.316406 0.876953 0.347656 0.876953 0.347656 0.892578 0.328125 0.892578 0.289062 0.875 0.279297 0.861328 0.316406
0 0 0.373047 0 0.359375 0.0175781 0.339844 0 0.271484 0.0253906 0.308594 0.0253906 0.34375 0 0.373047
0 0.439453 0.308594 0.457031 0.287109 0.503906 0.275391 0.517578 0.3125 0.480469 0.345703 0.480469 0.345703 0.453125 0.345703 0.439453 0.308594 0.451172 0.3125 0.464844 0.326172 0.490234 0.324219 0.490234 0.324219 0.501953 0.300781 0.488281 0.287109 0.451172 0.3125
0 0.111328 0.351562 0.132812 0.318359 0.160156 0.310547 0.189453 0.335938 0.193359 0.355469 0.148438 0.419922 0.148438 0.419922 0.123047 0.417969 0.111328 0.351562 0.119141 0.359375 0.126953 0.402344 0.142578 0.410156 0.142578 0.410156 0.185547 0.347656 0.160156 0.322266 0.140625 0.326172 0.119141 0.359375
0 0.996094 0.380859 0.974609 0.367188 0.980469 0.341797 0.998047 0.34375 0.996094 0.357422 0.986328 0.351562 0.996094 0.380859
0 0.888672 0.390625 0.90625 0.357422 0.923828 0.363281 0.914062 0.400391 0.914062 0.400391 0.888672 0.390625 0.896484 0.382812 0.908203 0.390625 0.908203 0.390625 0.914062 0.369141 0.896484 0.382812
0 0.302734 0.40625 0.324219 0.376953 0.359375 0.373047 0.384766 0.398438 0.388672 0.441406 0.376953 0.46875 0.34375 0.486328 0.34375 0.486328 0.314453 0.464844 0.302734 0.40625 0.314453 0.402344 0.310547 0.425781 0.335938 0.474609 0.357422 0.472656 0.357422 0.472656 0.380859 0.417969 0.367188 0.388672 0.339844 0.380859 0.314453 0.402344
0 0.599609 0.425781 0.599609 0.457031 0.578125 0.474609 0.578125 0.474609 0.554688 0.470703 0.533203 0.445312 0.533203 0.417969 0.558594 0.392578 0.578125 0.392578 0.599609 0.425781 0.591797 0.429688 0.566406 0.400391 0.544922 0.417969 0.544922 0.441406 0.5625 0.462891 0.580078 0.460938 0.580078 0.460938 0.591797 0.453125 0.591797 0.429688
0 0.945312 0.392578 0.966797 0.398438 0.957031 0.423828 0.957031 0.423828 0.927734 0.421875 0.945312 0.392578 0.953125 0.400391 0.951172 0.414062 0.951172 0.414062 0.953125 0.400391
0 0.0273438 0.533203 0 0.527344 0.0273438 0.521484 0.0527344 0.496094 0.0566406 0.433594 0.0351562 0.412109 0 0.435547 0 0.421875 0.0195312 0.400391 0.0390625 0.400391 0.0644531 0.429688 0.0644531 0.496094 0.0273438 0.533203
0 0.667969 0.482422 0.640625 0.482422 0.615234 0.464844 0.611328 0.441406 0.628906 0.408203 0.634766 0.417969 0.619141 0.445312 0.648438 0.474609 0.675781 0.466797 0.689453 0.441406 0.671875 0.416016 0.648438 0.431641 0.642578 0.417969 0.675781 0.408203 0.689453 0.421875 0.697266 0.460938 0.667969 0.482422
0 0.371094 0.564453 0.365234 0.546875 0.380859 0.496094 0.410156 0.462891 0.427734 0.476562 0.435547 0.507812 0.423828 0.550781 0.402344 0.564453 0.402344 0.564453 0.371094 0.564453 0.378906 0.556641 0.396484 0.554688 0.396484 0.554688 0.423828 0.527344 0.427734 0.5 0.414062 0.474609 0.376953 0.535156 0.378906 0.556641
0 0.900391 0.527344 0.917969 0.486328 0.953125 0.486328 0.966797 0.503906 0.962891 0.53125 0.941406 0.556641 0.941406 0.556641 0.904297 0.554688 0.900391 0.527344 0.908203 0.53125 0.914062 0.548828 0.935547 0.546875 0.935547 0.546875 0.958984 0.507812 0.945312 0.494141 0.923828 0.496094 0.908203 0.53125
0 0.638672 0.542969 0.667969 0.501953 0.71875 0.498047 0.748047 0.519531 0.759766 0.554688 0.730469 0.599609 0.699219 0.607422 0.699219 0.607422 0.664062 0.603516 0.642578 0.582031 0.638672 0.542969 0.646484 0.546875 0.658203 0.585938 0.693359 0.597656 0.693359 0.597656 0.730469 0.587891 0.748047 0.5625 0.744141 0.53125 0.710938 0.505859 0.667969 0.513672 0.646484 0.546875
0 0.314453 0.546875 0.314453 0.589844 0.265625 0.623047 0.265625 0.623047 0.240234 0.621094 0.228516 0.550781 0.300781 0.525391 0.314453 0.546875 0.306641 0.550781 0.292969 0.533203 0.236328 0.566406 0.244141 0.605469 0.259766 0.613281 0.259766 0.613281 0.306641 0.582031 0.306641 0.550781
0 0.455078 0.660156 0.439453 0.609375 0.443359 0.574219 0.5 0.533203 0.507812 0.541016 0.554688 0.521484 0.572266 0.542969 0.576172 0.625 0.542969 0.662109 0.492188 0.689453 0.492188 0.689453 0.46875 0.685547 0.455078 0.660156 0.462891 0.652344 0.486328 0.679688 0.486328 0.679688 0.546875 0.646484 0.568359 0.617188 0.564453 0.550781 0.542969 0.537109 0.476562 0.568359 0.455078 0.59375 0.462891 0.652344
0 0.996094 0.654297 0.978516 0.632812 0.978516 0.59375 0.996094 0.564453 0.986328 0.601562 0.996094 0.654297
0 0.945312 0.587891 0.958984 0.601562 0.958984 0.625 0.917969 0.662109 0.917969 0.662109 0.894531 0.662109 0.884766 0.628906 0.910156 0.595703 0.945312 0.587891 0.941406 0.595703 0.896484 0.625 0.892578 0.644531 0.912109 0.652344 0.912109 0.652344 0.947266 0.625 0.941406 0.595703
0 0.775391 0.664062 0.775391 0.644531 0.796875 0.619141 0.816406 0.619141 0.833984 0.636719 0.841797 0.683594 0.824219 0.708984 0.824219 0.708984 0.804688 0.705078 0.775391 0.664062 0.783203 0.660156 0.8125 0.697266 0.822266 0.695312 0.822266 0.695312 0.833984 0.679688 0.830078 0.65625 0.800781 0.626953 0.783203 0.660156
0 0.173828 0.667969 0.132812 0.693359 0.132812 0.693359 0.0839844 0.683594 0.0839844 0.652344 0.109375 0.626953 0.160156 0.630859 0.177734 0.648438 0.173828 0.667969 0.166016 0.660156 0.160156 0.642578 0.128906 0.634766 0.0957031 0.652344 0.0957031 0.679688 0.126953 0.683594 0.126953 0.683594 0.166016 0.660156
0 0.222656 0.708984 0.212891 0.699219 0.222656 0.654297 0.253906 0.650391 0.287109 0.667969 0.265625 0.708984 0.265625 0.708984 0.222656 0.708984 0.230469 0.701172 0.259766 0.699219 0.259766 0.699219 0.279297 0.675781 0.269531 0.666016 0.242188 0.658203 0.224609 0.667969 0.220703 0.691406 0.230469 0.701172
0 0.03125 0.775391 0 0.775391 0 0.765625 0.046875 0.759766 0.0644531 0.714844 0.046875 0.689453 0 0.669922 0.0546875 0.681641 0.0722656 0.707031 0.0644531 0.753906 0.03125 0.775391
0 0.378906 0.685547 0.400391 0.703125 0.400391 0.746094 0.371094 0.771484 0.371094 0.771484 0.34375 0.767578 0.326172 0.746094 0.314453 0.691406 0.328125 0.681641 0.378906 0.685547 0.371094 0.693359 0.335938 0.693359 0.326172 0.703125 0.330078 0.730469 0.365234 0.761719 0.365234 0.761719 0.388672 0.746094 0.392578 0.710938 0.371094 0.693359
0 0.919922 0.769531 0.914062 0.697266 0.982422 0.707031 0.998047 0.734375 0.988281 0.798828 0.988281 0.798828 0.953125 0.794922 0.919922 0.769531 0.927734 0.761719 0.945312 0.779297 0.982422 0.789062 0.982422 0.789062 0.986328 0.734375 0.949219 0.705078 0.921875 0.705078 0.927734 0.761719
0 0.175781 0.791016 0.136719 0.783203 0.130859 0.753906 0.160156 0.724609 0.191406 0.720703 0.208984 0.734375 0.208984 0.757812 0.175781 0.791016 0.175781 0.791016 0.173828 0.78125 0.201172 0.75 0.183594 0.728516 0.138672 0.761719 0.144531 0.775391 0.173828 0.78125 0.173828 0.78125
0 0.0839844 0.867188 0.0917969 0.8125 0.113281 0.787109 0.146484 0.808594 0.146484 0.851562 0.125 0.873047 0.125 0.873047 0.0839844 0.867188 0.0917969 0.859375 0.119141 0.863281 0.119141 0.863281 0.138672 0.839844 0.113281 0.802734 0.0917969 0.859375
0 0 0.896484 0.0136719 0.847656 0 0.794922 0.0214844 0.824219 0.0214844 0.855469 0 0.896484
0 0.791016 0.882812 0.761719 0.916016 0.761719 0.916016 0.734375 0.916016 0.712891 0.894531 0.708984 0.824219 0.71875 0.806641 0.761719 0.806641 0.791016 0.84375 0.791016 0.882812 0.783203 0.878906 0.783203 0.851562 0.746094 0.810547 0.716797 0.832031 0.716797 0.867188 0.728516 0.902344 0.755859 0.90625 0.755859 0.90625 0.783203 0.878906
0 0.822266 0.863281 0.828125 0.814453 0.861328 0.835938 0.855469 0.873047 0.855469 0.873047 0.822266 0.863281 0.830078 0.855469 0.849609 0.863281 0.849609 0.863281 0.853516 0.84375 0.839844 0.830078 0.830078 0.855469
0 0.921875 0.857422 0.896484 0.855469 0.896484 0.828125 0.910156 0.810547 0.935547 0.828125 0.935547 0.847656 0.921875 0.857422 0.921875 0.857422 0.919922 0.847656 0.927734 0.835938 0.914062 0.822266 0.904297 0.847656 0.919922 0.847656 0.919922 0.847656
0 0.230469 0.927734 0.205078 0.910156 0.207031 0.869141 0.246094 0.861328 0.267578 0.875 0.275391 0.90625 0.261719 0.927734 0.261719 0.927734 0.230469 0.927734 0.238281 0.919922 0.255859 0.917969 0.255859 0.917969 0.263672 0.886719 0.222656 0.869141 0.212891 0.902344 0.238281 0.919922
0 0.0859375 0.978516 0.0351562 0.970703 0.00585938 0.941406 0.00195312 0.917969 0.0351562 0.900391 0.0136719 0.933594 0.0429688 0.962891 0.078125 0.970703 0.0957031 0.957031 0.0957031 0.9375 0.0625 0.904297 0.0371094 0.898438 0.0429688 0.888672 0.0703125 0.896484 0.103516 0.929688 0.103516 0.964844 0.0859375 0.978516
0 0.988281 0.986328 0.949219 0.982422 0.931641 0.960938 0.939453 0.921875 0.980469 0.892578 0.998047 0.90625 0.96875 0.908203 0.939453 0.953125 0.96875 0.978516 0.996094 0.970703 0.988281 0.986328
0 0.214844 0.998047 0.189453 0.996094 0.220703 0.980469 0.191406 0.947266 0.166016 0.96875 0.181641 0.996094 0.167969 0.998047 0.158203 0.984375 0.162109 0.953125 0.179688 0.939453 0.210938 0.947266 0.228516 0.96875 0.228516 0.988281 0.214844 0.998047
0 0.820312 0.998047 0.792969 0.958984 0.773438 0.951172 0.751953 0.992188 0.736328 0.996094 0.759766 0.949219 0.777344 0.939453 0.810547 0.960938 0.820312 0.998047
0 0.916016 0.984375 0.894531 0.998047 0.894531 0.998047 0.845703 0.980469 0.84375 0.943359 0.898438 0.939453 0.916016 0.953125 0.916016 0.984375 0.908203 0.976562 0.902344 0.951172 0.849609 0.957031 0.867188 0.986328 0.888672 0.988281 0.888672 0.988281 0.908203 0.976562
0 0.6875 0.998047 0.640625 0.966797 0.605469 0.998047 0.591797 0.996094 0.644531 0.947266 0.6875 0.998047
