0 0.078125 0.0605469 0.0585938 0.0605469 0.0332031 0.0390625 0.0351562 0 0.0527344 0 0.0371094 0.0273438 0.0664062 0.0527344 0.0800781 0.0429688 0.0800781 0.015625 0.0644531 0 0.0878906 0.0078125 0.0878906 0.0507812 0.078125 0.0605469
0 0.132812 0.0253906 0.117188 0.0253906 0.103516 0 0.125 0.0175781 0.123047 0 0.136719 0 0.132812 0.0253906
0 0.835938 0.0214844 0.820312 0.0214844 0.810547 0 0.828125 0.0136719 0.839844 0 0.835938 0.0214844
0 0.878906 0.00585938 0.857422 0 0.896484 0 0.878906 0.00585938
0 0 0.0605469 0 0.00585938 0 0.0605469
0 0.78125 0.0292969 0.828125 0.0371094 0.841797 0.09375 0.808594 0.107422 0.808594 0.107422 0.757812 0.0996094 0.744141 0.0859375 0.740234 0.046875 0.78125 0.0292969 0.785156 0.0371094 0.748047 0.0546875 0.765625 0.0917969 0.802734 0.0976562 0.802734 0.0976562 0.833984 0.0859375 0.828125 0.0644531 0.785156 0.0371094
0 0.921875 0.123047 0.908203 0.101562 0.912109 0.0664062 0.933594 0.0449219 0.966797 0.0507812 0.974609 0.09375 0.960938 0.123047 0.960938 0.123047 0.921875 0.123047 0.929688 0.115234 0.955078 0.113281 0.955078 0.113281 0.966797 0.0859375 0.958984 0.0585938 0.941406 0.0527344 0.919922 0.0742188 0.919922 0.101562 0.929688 0.115234
0 0.123047 0.0703125 0.136719 0.0527344 0.185547 0.0664062 0.193359 0.109375 0.179688 0.134766 0.179688 0.134766 0.152344 0.130859 0.126953 0.0976562 0.123047 0.0703125 0.130859 0.078125 0.138672 0.0976562 0.173828 0.125 0.173828 0.125 0.185547 0.0859375 0.167969 0.0644531 0.144531 0.0605469 0.130859 0.078125
0 0.0195312 0.173828 0 0.171875 0.0214844 0.15625 0 0.126953 0.0292969 0.148438 0.0195312 0.173828
0 0.875 0.123047 0.892578 0.136719 0.896484 0.160156 0.851562 0.205078 0.851562 0.205078 0.820312 0.201172 0.810547 0.167969 0.828125 0.126953 0.875 0.123047 0.867188 0.130859 0.826172 0.148438 0.818359 0.183594 0.845703 0.195312 0.845703 0.195312 0.869141 0.183594 0.888672 0.152344 0.867188 0.130859
0 0.996094 0.240234 0.976562 0.240234 0.951172 0.207031 0.962891 0.15625 0.984375 0.142578 0.998047 0.152344 0.966797 0.167969 0.958984 0.199219 0.984375 0.232422 0.998047 0.226562 0.996094 0.240234
0 0.113281 0.185547 0.119141 0.230469 0.078125 0.255859 0.078125 0.255859 0.0683594 0.253906 0.0761719 0.207031 0.09375 0.185547 0.113281 0.185547 0.105469 0.193359 0.0800781 0.222656 0.0917969 0.238281 0.0917969 0.238281 0.111328 0.222656 0.105469 0.193359
0 0 0.259766 0 0.203125 0.0078125 0.197266 0.0136719 0.238281 0 0.259766
0 0.142578 0.269531 0.152344 0.201172 0.171875 0.201172 0.193359 0.226562 0.183594 0.294922 0.183594 0.294922 0.160156 0.291016 0.142578 0.269531 0.150391 0.261719 0.177734 0.28125 0.177734 0.28125 0.185547 0.234375 0.164062 0.208984 0.150391 0.226562 0.150391 0.261719
0 0.398438 0.201172 0.423828 0.222656 0.419922 0.265625 0.390625 0.291016 0.390625 0.291016 0.345703 0.273438 0.349609 0.238281 0.375 0.201172 0.398438 0.201172 0.394531 0.208984 0.369141 0.226562 0.353516 0.257812 0.363281 0.275391 0.384766 0.28125 0.384766 0.28125 0.416016 0.246094 0.412109 0.222656 0.394531 0.208984
0 0.714844 0.208984 0.740234 0.242188 0.736328 0.28125 0.703125 0.306641 0.703125 0.306641 0.666016 0.277344 0.662109 0.214844 0.671875 0.205078 0.714844 0.208984 0.710938 0.216797 0.679688 0.212891 0.673828 0.269531 0.695312 0.294922 0.708984 0.292969 0.708984 0.292969 0.732422 0.269531 0.728516 0.238281 0.710938 0.216797
0 0.800781 0.291016 0.787109 0.277344 0.787109 0.261719 0.832031 0.228516 0.869141 0.253906 0.869141 0.273438 0.84375 0.294922 0.84375 0.294922 0.800781 0.291016 0.808594 0.283203 0.837891 0.285156 0.837891 0.285156 0.861328 0.265625 0.839844 0.244141 0.820312 0.244141 0.794922 0.269531 0.808594 0.283203
0 0.642578 0.300781 0.617188 0.330078 0.617188 0.330078 0.578125 0.330078 0.560547 0.316406 0.554688 0.236328 0.601562 0.240234 0.630859 0.261719 0.642578 0.300781 0.634766 0.296875 0.623047 0.269531 0.605469 0.251953 0.5625 0.248047 0.568359 0.308594 0.585938 0.322266 0.615234 0.320312 0.615234 0.320312 0.634766 0.296875
0 0.890625 0.333984 0.869141 0.3125 0.892578 0.273438 0.9375 0.244141 0.978516 0.273438 0.978516 0.300781 0.925781 0.337891 0.925781 0.337891 0.890625 0.333984 0.894531 0.326172 0.923828 0.328125 0.923828 0.328125 0.970703 0.296875 0.96875 0.275391 0.929688 0.255859 0.880859 0.308594 0.894531 0.326172
0 0.433594 0.275391 0.453125 0.279297 0.478516 0.3125 0.478516 0.34375 0.457031 0.365234 0.457031 0.365234 0.412109 0.351562 0.412109 0.3125 0.433594 0.275391 0.4375 0.283203 0.419922 0.34375 0.451172 0.355469 0.451172 0.355469 0.470703 0.335938 0.470703 0.316406 0.4375 0.283203
0 0.09375 0.361328 0.0644531 0.351562 0.0644531 0.3125 0.09375 0.283203 0.132812 0.279297 0.138672 0.320312 0.117188 0.353516 0.09375 0.361328 0.09375 0.361328 0.0917969 0.351562 0.123047 0.332031 0.125 0.287109 0.0761719 0.3125 0.0683594 0.339844 0.0917969 0.351562 0.0917969 0.351562
0 0.318359 0.390625 0.322266 0.347656 0.34375 0.318359 0.367188 0.326172 0.392578 0.367188 0.392578 0.402344 0.375 0.431641 0.375 0.431641 0.339844 0.423828 0.318359 0.390625 0.326172 0.386719 0.347656 0.416016 0.369141 0.421875 0.369141 0.421875 0.384766 0.371094 0.347656 0.330078 0.330078 0.351562 0.326172 0.386719
0 0.767578 0.382812 0.759766 0.355469 0.78125 0.326172 0.839844 0.322266 0.853516 0.335938 0.861328 0.402344 0.835938 0.419922 0.835938 0.419922 0.796875 0.419922 0.767578 0.382812 0.775391 0.375 0.808594 0.400391 0.830078 0.398438 0.830078 0.398438 0.853516 0.390625 0.845703 0.34375 0.832031 0.330078 0.785156 0.337891 0.771484 0.355469 0.775391 0.375
0 0.166016 0.363281 0.195312 0.330078 0.222656 0.333984 0.240234 0.351562 0.240234 0.371094 0.207031 0.392578 0.207031 0.392578 0.175781 0.384766 0.166016 0.363281 0.173828 0.359375 0.201172 0.382812 0.201172 0.382812 0.232422 0.363281 0.203125 0.337891 0.173828 0.359375
0 0.996094 0.384766 0.962891 0.375 0.966797 0.351562 0.988281 0.330078 0.998047 0.34375 0.970703 0.367188 0.996094 0.373047 0.996094 0.384766
0 0.935547 0.390625 0.935547 0.414062 0.917969 0.427734 0.917969 0.427734 0.876953 0.410156 0.886719 0.380859 0.935547 0.390625 0.927734 0.398438 0.917969 0.388672 0.884766 0.398438 0.902344 0.416016 0.919922 0.414062 0.919922 0.414062 0.927734 0.398438
0 0.0644531 0.425781 0.0703125 0.400391 0.103516 0.40625 0.0898438 0.435547 0.0898438 0.435547 0.0644531 0.425781 0.0742188 0.423828 0.0917969 0.421875 0.0917969 0.421875 0.0898438 0.408203 0.0761719 0.410156 0.0742188 0.423828
0 0.191406 0.451172 0.140625 0.443359 0.126953 0.417969 0.152344 0.412109 0.191406 0.423828 0.201172 0.4375 0.191406 0.451172 0.191406 0.451172 0.185547 0.441406 0.179688 0.427734 0.138672 0.421875 0.160156 0.443359 0.185547 0.441406 0.185547 0.441406
0 0.289062 0.458984 0.253906 0.458984 0.236328 0.4375 0.285156 0.419922 0.302734 0.433594 0.289062 0.458984 0.289062 0.458984 0.287109 0.449219 0.294922 0.441406 0.285156 0.431641 0.248047 0.441406 0.287109 0.449219 0.287109 0.449219
0 0.792969 0.505859 0.765625 0.501953 0.748047 0.476562 0.753906 0.431641 0.767578 0.488281 0.789062 0.498047 0.798828 0.484375 0.794922 0.453125 0.757812 0.423828 0.785156 0.427734 0.802734 0.449219 0.806641 0.492188 0.792969 0.505859
0 0.488281 0.595703 0.455078 0.578125 0.457031 0.431641 0.560547 0.4375 0.603516 0.53125 0.595703 0.578125 0.5625 0.599609 0.5625 0.599609 0.488281 0.595703 0.492188 0.587891 0.560547 0.589844 0.560547 0.589844 0.583984 0.578125 0.595703 0.535156 0.556641 0.449219 0.546875 0.439453 0.46875 0.435547 0.462891 0.574219 0.492188 0.587891
0 0.996094 0.521484 0.982422 0.496094 0.982422 0.449219 0.996094 0.427734 0.996094 0.521484
0 0.818359 0.496094 0.828125 0.439453 0.869141 0.449219 0.865234 0.488281 0.847656 0.505859 0.847656 0.505859 0.818359 0.496094 0.826172 0.488281 0.849609 0.492188 0.849609 0.492188 0.861328 0.457031 0.835938 0.447266 0.826172 0.488281
0 0.933594 0.435547 0.939453 0.445312 0.943359 0.496094 0.917969 0.509766 0.917969 0.509766 0.884766 0.484375 0.886719 0.439453 0.933594 0.435547 0.927734 0.445312 0.902344 0.447266 0.892578 0.464844 0.931641 0.492188 0.931641 0.492188 0.939453 0.472656 0.927734 0.445312
0 0.0234375 0.544922 0 0.539062 0.0195312 0.537109 0.0371094 0.519531 0.0488281 0.476562 0.0273438 0.455078 0 0.478516 0 0.464844 0.015625 0.447266 0.0351562 0.447266 0.0566406 0.472656 0.0566406 0.503906 0.0234375 0.544922
0 0.111328 0.527344 0.111328 0.5 0.132812 0.486328 0.173828 0.511719 0.173828 0.527344 0.144531 0.544922 0.144531 0.544922 0.125 0.544922 0.111328 0.527344 0.119141 0.523438 0.142578 0.535156 0.142578 0.535156 0.166016 0.515625 0.132812 0.498047 0.119141 0.523438
0 0.189453 0.5625 0.234375 0.509766 0.261719 0.509766 0.287109 0.546875 0.271484 0.582031 0.230469 0.615234 0.230469 0.615234 0.193359 0.609375 0.189453 0.5625 0.197266 0.566406 0.201172 0.601562 0.224609 0.605469 0.224609 0.605469 0.253906 0.587891 0.275391 0.554688 0.279297 0.539062 0.257812 0.517578 0.238281 0.517578 0.197266 0.566406
0 0.363281 0.529297 0.373047 0.539062 0.373047 0.558594 0.359375 0.568359 0.359375 0.568359 0.330078 0.5625 0.339844 0.533203 0.363281 0.529297 0.359375 0.537109 0.337891 0.550781 0.353516 0.558594 0.353516 0.558594 0.365234 0.554688 0.359375 0.537109
0 0.917969 0.537109 0.919922 0.621094 0.84375 0.630859 0.84375 0.630859 0.826172 0.605469 0.826172 0.546875 0.871094 0.533203 0.917969 0.537109 0.910156 0.544922 0.841797 0.554688 0.859375 0.619141 0.908203 0.617188 0.908203 0.617188 0.910156 0.544922
0 0.117188 0.615234 0.0839844 0.605469 0.0839844 0.574219 0.101562 0.556641 0.160156 0.556641 0.169922 0.582031 0.117188 0.615234 0.117188 0.615234 0.115234 0.605469 0.162109 0.570312 0.101562 0.572266 0.0878906 0.59375 0.115234 0.605469 0.115234 0.605469
0 0.671875 0.564453 0.693359 0.589844 0.6875 0.619141 0.6875 0.619141 0.660156 0.619141 0.621094 0.583984 0.619141 0.554688 0.671875 0.564453 0.667969 0.572266 0.626953 0.5625 0.667969 0.611328 0.681641 0.609375 0.681641 0.609375 0.667969 0.572266
0 0.996094 0.650391 0.978516 0.625 0.978516 0.585938 0.996094 0.564453 0.986328 0.589844 0.996094 0.650391
0 0.789062 0.669922 0.759766 0.664062 0.755859 0.628906 0.777344 0.611328 0.8125 0.611328 0.818359 0.652344 0.789062 0.669922 0.789062 0.669922 0.787109 0.660156 0.814453 0.636719 0.804688 0.619141 0.763672 0.636719 0.763672 0.652344 0.787109 0.660156 0.787109 0.660156
0 0.0292969 0.628906 0.0390625 0.615234 0.0742188 0.615234 0.0957031 0.640625 0.0957031 0.664062 0.078125 0.677734 0.078125 0.677734 0.0332031 0.671875 0.0292969 0.628906 0.0371094 0.636719 0.0449219 0.667969 0.0644531 0.667969 0.0644531 0.667969 0.0839844 0.644531 0.0742188 0.626953 0.046875 0.623047 0.0371094 0.636719
0 0.46875 0.623047 0.482422 0.648438 0.457031 0.677734 0.457031 0.677734 0.40625 0.669922 0.396484 0.636719 0.421875 0.619141 0.46875 0.623047 0.460938 0.630859 0.419922 0.644531 0.433594 0.658203 0.466797 0.65625 0.466797 0.65625 0.460938 0.630859
0 0.261719 0.626953 0.332031 0.634766 0.333984 0.660156 0.308594 0.677734 0.308594 0.677734 0.253906 0.677734 0.248047 0.636719 0.261719 0.626953 0.265625 0.634766 0.251953 0.648438 0.261719 0.669922 0.306641 0.667969 0.306641 0.667969 0.324219 0.642578 0.265625 0.634766
0 0.171875 0.697266 0.117188 0.689453 0.107422 0.660156 0.148438 0.634766 0.224609 0.65625 0.210938 0.685547 0.171875 0.697266 0.171875 0.697266 0.169922 0.6875 0.203125 0.677734 0.212891 0.660156 0.15625 0.642578 0.115234 0.667969 0.128906 0.685547 0.169922 0.6875 0.169922 0.6875
0 0.908203 0.683594 0.925781 0.650391 0.955078 0.660156 0.955078 0.675781 0.9375 0.689453 0.9375 0.689453 0.908203 0.683594 0.916016 0.675781 0.931641 0.679688 0.931641 0.679688 0.9375 0.658203 0.916016 0.675781
0 0.837891 0.726562 0.841797 0.675781 0.859375 0.654297 0.878906 0.658203 0.896484 0.683594 0.896484 0.71875 0.878906 0.740234 0.878906 0.740234 0.851562 0.740234 0.837891 0.726562 0.845703 0.722656 0.876953 0.730469 0.876953 0.730469 0.888672 0.6875 0.863281 0.662109 0.845703 0.722656
0 0.597656 0.728516 0.550781 0.724609 0.525391 0.703125 0.535156 0.697266 0.566406 0.720703 0.589844 0.720703 0.591797 0.703125 0.574219 0.685547 0.523438 0.681641 0.515625 0.708984 0.505859 0.691406 0.53125 0.669922 0.578125 0.677734 0.603516 0.707031 0.597656 0.728516
0 0.666016 0.738281 0.664062 0.681641 0.720703 0.707031 0.710938 0.751953 0.710938 0.751953 0.683594 0.751953 0.666016 0.738281 0.673828 0.734375 0.705078 0.742188 0.705078 0.742188 0.712891 0.710938 0.671875 0.693359 0.673828 0.734375
0 0.197266 0.761719 0.201172 0.785156 0.183594 0.806641 0.183594 0.806641 0.134766 0.785156 0.144531 0.740234 0.179688 0.744141 0.197266 0.761719 0.189453 0.765625 0.152344 0.748047 0.142578 0.777344 0.181641 0.796875 0.181641 0.796875 0.189453 0.765625
0 0.720703 0.761719 0.761719 0.748047 0.789062 0.755859 0.810547 0.777344 0.810547 0.800781 0.789062 0.822266 0.789062 0.822266 0.730469 0.791016 0.720703 0.761719 0.728516 0.769531 0.761719 0.802734 0.791016 0.808594 0.791016 0.808594 0.802734 0.785156 0.789062 0.771484 0.757812 0.759766 0.728516 0.769531
0 0.310547 0.761719 0.322266 0.785156 0.3125 0.806641 0.3125 0.806641 0.275391 0.800781 0.273438 0.755859 0.310547 0.761719 0.302734 0.765625 0.28125 0.763672 0.279297 0.789062 0.306641 0.796875 0.306641 0.796875 0.314453 0.789062 0.302734 0.765625
0 0.880859 0.777344 0.875 0.818359 0.875 0.818359 0.845703 0.808594 0.847656 0.755859 0.863281 0.755859 0.880859 0.777344 0.873047 0.78125 0.859375 0.767578 0.853516 0.800781 0.869141 0.808594 0.869141 0.808594 0.873047 0.78125
0 0.490234 0.847656 0.490234 0.8125 0.515625 0.767578 0.546875 0.775391 0.568359 0.796875 0.568359 0.824219 0.535156 0.865234 0.535156 0.865234 0.503906 0.865234 0.490234 0.847656 0.498047 0.84375 0.511719 0.857422 0.529297 0.855469 0.529297 0.855469 0.556641 0.828125 0.560547 0.804688 0.523438 0.779297 0.505859 0.796875 0.498047 0.84375
0 0.00390625 0.853516 0 0.84375 0.0292969 0.816406 0.0253906 0.792969 0 0.777344 0.0117188 0.771484 0.0332031 0.785156 0.0371094 0.824219 0.00390625 0.853516
0 0.720703 0.839844 0.720703 0.878906 0.679688 0.900391 0.679688 0.900391 0.646484 0.886719 0.623047 0.839844 0.630859 0.8125 0.65625 0.791016 0.671875 0.791016 0.720703 0.839844 0.712891 0.84375 0.664062 0.798828 0.634766 0.824219 0.634766 0.84375 0.648438 0.869141 0.681641 0.886719 0.681641 0.886719 0.712891 0.871094 0.712891 0.84375
0 0.921875 0.853516 0.908203 0.835938 0.925781 0.791016 0.957031 0.791016 0.970703 0.808594 0.966797 0.84375 0.945312 0.857422 0.945312 0.857422 0.921875 0.853516 0.925781 0.845703 0.951172 0.84375 0.951172 0.84375 0.962891 0.8125 0.933594 0.798828 0.916016 0.832031 0.925781 0.845703
0 0.115234 0.855469 0.115234 0.820312 0.125 0.814453 0.148438 0.814453 0.158203 0.828125 0.158203 0.859375 0.140625 0.873047 0.140625 0.873047 0.115234 0.855469 0.123047 0.851562 0.138672 0.863281 0.138672 0.863281 0.150391 0.851562 0.140625 0.822266 0.123047 0.828125 0.123047 0.851562
0 0.134766 0.945312 0.171875 0.865234 0.21875 0.869141 0.244141 0.894531 0.232422 0.933594 0.199219 0.958984 0.199219 0.958984 0.15625 0.958984 0.134766 0.945312 0.142578 0.9375 0.181641 0.941406 0.181641 0.941406 0.220703 0.910156 0.21875 0.884766 0.171875 0.876953 0.162109 0.890625 0.142578 0.9375
0 0.0742188 0.884766 0.0878906 0.898438 0.0917969 0.972656 0.078125 0.998047 0.078125 0.998047 0.0429688 0.998047 0 0.964844 0 0.898438 0.03125 0.876953 0.0742188 0.884766 0.0703125 0.892578 0.0390625 0.884766 0.00195312 0.910156 0.00195312 0.953125 0.0234375 0.978516 0.0683594 0.992188 0.0683594 0.992188 0.0839844 0.96875 0.0839844 0.917969 0.0703125 0.892578
0 0.988281 0.955078 0.951172 0.945312 0.951172 0.914062 0.964844 0.892578 0.998047 0.902344 0.996094 0.916016 0.972656 0.900391 0.958984 0.917969 0.964844 0.943359 0.998047 0.945312 0.988281 0.955078
0 0.902344 0.998047 0.892578 0.996094 0.894531 0.935547 0.855469 0.931641 0.826172 0.953125 0.818359 0.964844 0.839844 0.998047 0.814453 0.980469 0.810547 0.957031 0.851562 0.923828 0.902344 0.927734 0.902344 0.998047
0 0.636719 0.998047 0.613281 0.947266 0.597656 0.947266 0.576172 0.96875 0.570312 0.998047 0.564453 0.96875 0.609375 0.931641 0.630859 0.953125 0.636719 0.998047
0 0.960938 0.998047 0.945312 0.970703 0.921875 0.998047 0.912109 0.992188 0.949219 0.958984 0.966797 0.980469 0.960938 0.998047
0 0.0195312 0.998047 0 0.992188 0.0195312 0.998047
