0 0.0351562 0.0253906 0.0175781 0.015625 0.0195312 0 0.0351562 0.00976562 0.0800781 0 0.0351562 0.0253906
0 0.298828 0.0390625 0.261719 0.0761719 0.261719 0.0761719 0.232422 0.0664062 0.216797 0.0117188 0.238281 0 0.296875 0 0.298828 0.0390625 0.287109 0.0351562 0.265625 0.00195312 0.236328 0.0351562 0.246094 0.0566406 0.267578 0.0546875 0.267578 0.0546875 0.287109 0.0351562
0 0.492188 0.0996094 0.451172 0.0664062 0.4375 0 0.455078 0.00390625 0.462891 0.0546875 0.488281 0.0800781 0.513672 0.046875 0.494141 0 0.521484 0.00390625 0.525391 0.0625 0.492188 0.0996094
0 0.613281 0.0605469 0.568359 0.0546875 0.560547 0.0234375 0.574219 0 0.591797 0 0.576172 0.03125 0.589844 0.0449219 0.638672 0.0234375 0.628906 0.00195312 0.613281 0.00195312 0.654297 0.00390625 0.646484 0.0390625 0.613281 0.0605469
0 0.599609 0.00195312 0.00390625 0.00390625
0 0.71875 0.0371094 0.671875 0.0214844 0.669922 0 0.699219 0.0214844 0.763672 0 0.75 0.0253906 0.71875 0.0371094
0 0.691406 0.00195312 0.0078125 0.00390625
0 0.820312 0.0136719 0.789062 0.0136719 0.783203 0 0.832031 0 0.820312 0.0136719
0 0.90625 0.0566406 0.861328 0.046875 0.853516 0.0273438 0.867188 0 0.896484 0 0.876953 0.0195312 0.878906 0.0371094 0.912109 0.015625 0.902344 0 0.935547 0 0.90625 0.0566406
0 0.927734 0.046875 0.953125 0.0175781 0.976562 0.0175781 0.990234 0.0507812 0.960938 0.0917969 0.960938 0.0917969 0.943359 0.0859375 0.927734 0.046875 0.951172 0.0546875 0.962891 0.0546875 0.962891 0.0546875 0.960938 0.0449219 0.951172 0.0546875
0 0.375 0.0332031 0.396484 0.0546875 0.396484 0.0820312 0.363281 0.103516 0.363281 0.103516 0.324219 0.103516 0.302734 0.0742188 0.302734 0.0585938 0.335938 0.0253906 0.375 0.0332031 0.359375 0.0449219 0.330078 0.0546875 0.330078 0.0820312 0.345703 0.0859375 0.345703 0.0859375 0.380859 0.0703125 0.359375 0.0449219
0 0.177734 0.0976562 0.148438 0.107422 0.148438 0.107422 0.119141 0.0585938 0.128906 0.0292969 0.164062 0.0410156 0.181641 0.0742188 0.177734 0.0976562 0.166016 0.0859375 0.154297 0.0546875 0.136719 0.0449219 0.142578 0.078125 0.166016 0.0859375 0.166016 0.0859375
0 0.650391 0.113281 0.652344 0.0761719 0.699219 0.0644531 0.728516 0.078125 0.724609 0.105469 0.703125 0.130859 0.703125 0.130859 0.650391 0.113281 0.658203 0.101562 0.701172 0.109375 0.701172 0.109375 0.712891 0.09375 0.703125 0.0839844 0.679688 0.0800781 0.658203 0.101562
0 0.130859 0.144531 0.078125 0.181641 0.078125 0.181641 0.0449219 0.167969 0.0449219 0.132812 0.0742188 0.0957031 0.105469 0.0800781 0.130859 0.105469 0.130859 0.144531 0.115234 0.144531 0.119141 0.121094 0.105469 0.0996094 0.0566406 0.144531 0.0683594 0.167969 0.0683594 0.167969 0.115234 0.144531
0 0.771484 0.171875 0.775391 0.121094 0.816406 0.0761719 0.849609 0.09375 0.869141 0.140625 0.849609 0.195312 0.832031 0.208984 0.832031 0.208984 0.792969 0.201172 0.771484 0.171875 0.787109 0.171875 0.796875 0.185547 0.826172 0.191406 0.826172 0.191406 0.849609 0.140625 0.837891 0.109375 0.8125 0.0957031 0.791016 0.132812 0.787109 0.171875
0 0.998047 0.0800781 0.00390625 0.00390625
0 0.244141 0.164062 0.230469 0.177734 0.230469 0.177734 0.199219 0.173828 0.181641 0.152344 0.189453 0.113281 0.207031 0.0957031 0.230469 0.103516 0.248047 0.128906 0.244141 0.164062 0.232422 0.15625 0.232422 0.132812 0.207031 0.111328 0.201172 0.15625 0.216797 0.160156 0.216797 0.160156 0.232422 0.15625
0 0.470703 0.160156 0.484375 0.103516 0.53125 0.103516 0.572266 0.128906 0.560547 0.167969 0.507812 0.193359 0.507812 0.193359 0.470703 0.160156 0.486328 0.152344 0.511719 0.173828 0.529297 0.171875 0.529297 0.171875 0.556641 0.136719 0.542969 0.123047 0.507812 0.119141 0.486328 0.152344
0 0.341797 0.152344 0.359375 0.119141 0.386719 0.115234 0.419922 0.164062 0.402344 0.185547 0.375 0.193359 0.375 0.193359 0.345703 0.175781 0.341797 0.152344 0.361328 0.15625 0.388672 0.167969 0.388672 0.167969 0.378906 0.142578 0.361328 0.15625
0 0.888672 0.207031 0.876953 0.191406 0.876953 0.152344 0.917969 0.123047 0.953125 0.119141 0.966797 0.140625 0.925781 0.216797 0.925781 0.216797 0.888672 0.207031 0.90625 0.193359 0.919922 0.191406 0.919922 0.191406 0.939453 0.15625 0.933594 0.142578 0.896484 0.171875 0.90625 0.193359
0 0.996094 0.216797 0.978516 0.199219 0.996094 0.134766 0.996094 0.216797
0 0.572266 0.261719 0.583984 0.164062 0.609375 0.142578 0.65625 0.166016 0.673828 0.195312 0.669922 0.269531 0.632812 0.314453 0.632812 0.314453 0.59375 0.298828 0.572266 0.261719 0.587891 0.261719 0.601562 0.283203 0.626953 0.292969 0.626953 0.292969 0.654297 0.269531 0.658203 0.203125 0.640625 0.173828 0.609375 0.162109 0.595703 0.175781 0.587891 0.261719
0 0.125 0.279297 0.0976562 0.271484 0.0800781 0.238281 0.0996094 0.183594 0.136719 0.169922 0.166016 0.1875 0.173828 0.222656 0.125 0.279297 0.125 0.279297 0.123047 0.261719 0.154297 0.234375 0.144531 0.189453 0.121094 0.189453 0.0957031 0.21875 0.0996094 0.246094 0.123047 0.261719 0.123047 0.261719
0 0.324219 0.283203 0.302734 0.257812 0.335938 0.197266 0.359375 0.193359 0.396484 0.21875 0.396484 0.25 0.367188 0.291016 0.367188 0.291016 0.324219 0.283203 0.332031 0.271484 0.357422 0.269531 0.357422 0.269531 0.373047 0.265625 0.384766 0.242188 0.371094 0.212891 0.347656 0.208984 0.318359 0.253906 0.332031 0.271484
0 0.830078 0.224609 0.00390625 0.00390625
0 0.824219 0.294922 0.810547 0.304688 0.814453 0.242188 0.835938 0.220703 0.875 0.228516 0.904297 0.269531 0.882812 0.326172 0.882812 0.326172 0.839844 0.322266 0.824219 0.294922 0.837891 0.292969 0.847656 0.306641 0.869141 0.308594 0.869141 0.308594 0.884766 0.296875 0.884766 0.261719 0.859375 0.240234 0.835938 0.240234 0.837891 0.292969
0 0.521484 0.265625 0.529297 0.324219 0.5 0.361328 0.5 0.361328 0.423828 0.332031 0.416016 0.285156 0.445312 0.236328 0.488281 0.236328 0.521484 0.265625 0.505859 0.273438 0.460938 0.251953 0.439453 0.285156 0.447266 0.316406 0.472656 0.330078 0.494141 0.386719 0.474609 0.355469 0.425781 0.357422 0.412109 0.378906 0.431641 0.394531 0.458984 0.402344 0.458984 0.402344 0.474609 0.382812 0.4375 0.376953 0.431641 0.394531 0.412109 0.378906 0.419922 0.402344 0.472656 0.419922 0.472656 0.419922 0.494141 0.386719 0.472656 0.330078 0.505859 0.328125 0.505859 0.328125 0.505859 0.273438
0 0.298828 0.351562 0.269531 0.376953 0.269531 0.376953 0.222656 0.369141 0.197266 0.34375 0.181641 0.296875 0.195312 0.263672 0.246094 0.251953 0.275391 0.273438 0.298828 0.351562 0.283203 0.355469 0.279297 0.3125 0.263672 0.308594 0.25 0.275391 0.21875 0.275391 0.197266 0.289062 0.214844 0.345703 0.283203 0.355469 0.283203 0.355469
0 0.984375 0.337891 0.935547 0.316406 0.923828 0.300781 0.929688 0.271484 0.964844 0.263672 0.998047 0.273438 0.996094 0.294922 0.947266 0.289062 0.960938 0.310547 0.998047 0.308594 0.998047 0.332031 0.984375 0.337891
0 0.648438 0.337891 0.677734 0.355469 0.677734 0.382812 0.640625 0.416016 0.640625 0.416016 0.625 0.404297 0.613281 0.412109 0.587891 0.382812 0.587891 0.351562 0.601562 0.337891 0.648438 0.337891 0.652344 0.353516 0.617188 0.349609 0.603516 0.359375 0.613281 0.388672 0.646484 0.394531 0.646484 0.394531 0.662109 0.378906 0.652344 0.353516
0 0.830078 0.394531 0.818359 0.457031 0.785156 0.490234 0.785156 0.490234 0.75 0.482422 0.720703 0.429688 0.720703 0.390625 0.757812 0.337891 0.820312 0.361328 0.830078 0.394531 0.814453 0.390625 0.808594 0.373047 0.765625 0.353516 0.740234 0.386719 0.736328 0.414062 0.771484 0.472656 0.771484 0.472656 0.789062 0.470703 0.802734 0.449219 0.814453 0.390625
0 0.878906 0.345703 0.933594 0.349609 0.947266 0.363281 0.947266 0.402344 0.902344 0.419922 0.902344 0.419922 0.853516 0.382812 0.861328 0.355469 0.878906 0.345703 0.878906 0.361328 0.869141 0.371094 0.890625 0.396484 0.923828 0.398438 0.923828 0.398438 0.929688 0.369141 0.878906 0.361328
0 0.113281 0.451172 0.0917969 0.417969 0.0957031 0.390625 0.148438 0.357422 0.201172 0.40625 0.193359 0.441406 0.152344 0.458984 0.152344 0.458984 0.113281 0.451172 0.128906 0.443359 0.142578 0.441406 0.142578 0.441406 0.185547 0.421875 0.15625 0.376953 0.128906 0.384766 0.111328 0.414062 0.128906 0.443359
0 0.996094 0.462891 0.96875 0.451172 0.955078 0.429688 0.962891 0.382812 0.980469 0.361328 0.998047 0.367188 0.998047 0.386719 0.978516 0.394531 0.970703 0.417969 0.998047 0.449219 0.996094 0.462891
0 0.494141 0.380859 0.00390625 0.00390625
0 0.353516 0.398438 0.357422 0.429688 0.337891 0.472656 0.316406 0.486328 0.316406 0.486328 0.294922 0.480469 0.287109 0.449219 0.302734 0.402344 0.332031 0.384766 0.353516 0.398438 0.339844 0.404297 0.318359 0.410156 0.306641 0.4375 0.306641 0.46875 0.322266 0.46875 0.322266 0.46875 0.339844 0.404297
0 0.478516 0.503906 0.472656 0.521484 0.421875 0.552734 0.421875 0.552734 0.384766 0.519531 0.380859 0.476562 0.386719 0.458984 0.433594 0.427734 0.474609 0.464844 0.478516 0.503906 0.466797 0.492188 0.455078 0.464844 0.425781 0.443359 0.396484 0.503906 0.417969 0.533203 0.431641 0.53125 0.431641 0.53125 0.466797 0.492188
0 0.841797 0.488281 0.849609 0.445312 0.867188 0.427734 0.914062 0.431641 0.947266 0.460938 0.90625 0.517578 0.90625 0.517578 0.859375 0.513672 0.841797 0.488281 0.857422 0.488281 0.904297 0.5 0.904297 0.5 0.927734 0.460938 0.871094 0.443359 0.857422 0.488281
0 0.591797 0.472656 0.589844 0.462891 0.613281 0.458984 0.638672 0.492188 0.623047 0.523438 0.597656 0.541016 0.597656 0.541016 0.556641 0.523438 0.556641 0.5 0.591797 0.472656 0.605469 0.474609 0.572266 0.507812 0.574219 0.521484 0.599609 0.523438 0.599609 0.523438 0.623047 0.496094 0.605469 0.474609
0 0.667969 0.482422 0.707031 0.474609 0.736328 0.5 0.740234 0.523438 0.714844 0.552734 0.714844 0.552734 0.675781 0.541016 0.662109 0.523438 0.658203 0.492188 0.667969 0.482422 0.679688 0.490234 0.677734 0.515625 0.695312 0.533203 0.712891 0.53125 0.712891 0.53125 0.724609 0.507812 0.703125 0.490234 0.679688 0.490234
0 0.226562 0.619141 0.183594 0.619141 0.150391 0.582031 0.146484 0.542969 0.183594 0.498047 0.238281 0.501953 0.271484 0.550781 0.267578 0.597656 0.226562 0.619141 0.226562 0.619141 0.220703 0.605469 0.248047 0.59375 0.255859 0.558594 0.210938 0.509766 0.169922 0.539062 0.177734 0.542969 0.166016 0.550781 0.166016 0.582031 0.1875 0.603516 0.220703 0.605469 0.220703 0.605469
0 0.373047 0.542969 0.347656 0.576172 0.347656 0.576172 0.285156 0.552734 0.271484 0.515625 0.3125 0.498047 0.359375 0.505859 0.373047 0.542969 0.361328 0.535156 0.339844 0.513672 0.304688 0.513672 0.291016 0.527344 0.304688 0.548828 0.337891 0.558594 0.337891 0.558594 0.361328 0.535156
0 0.404297 0.501953 0.00390625 0.00390625
0 0.798828 0.660156 0.802734 0.578125 0.847656 0.537109 0.898438 0.544922 0.916016 0.5625 0.916016 0.628906 0.890625 0.669922 0.832031 0.689453 0.832031 0.689453 0.798828 0.660156 0.814453 0.65625 0.826172 0.664062 0.826172 0.664062 0.892578 0.613281 0.894531 0.560547 0.859375 0.556641 0.826172 0.570312 0.810547 0.605469 0.814453 0.65625
0 0.810547 0.564453 0.00390625 0.00390625
0 0.707031 0.587891 0.746094 0.607422 0.763672 0.632812 0.744141 0.675781 0.703125 0.693359 0.703125 0.693359 0.671875 0.689453 0.634766 0.648438 0.623047 0.609375 0.640625 0.587891 0.707031 0.587891 0.691406 0.599609 0.650391 0.613281 0.667969 0.650391 0.712891 0.65625 0.712891 0.65625 0.744141 0.644531 0.744141 0.628906 0.726562 0.615234 0.691406 0.599609
0 0.335938 0.595703 0.363281 0.595703 0.388672 0.621094 0.388672 0.648438 0.351562 0.666016 0.351562 0.666016 0.324219 0.666016 0.298828 0.640625 0.298828 0.625 0.335938 0.595703 0.339844 0.603516 0.306641 0.632812 0.324219 0.654297 0.349609 0.65625 0.349609 0.65625 0.378906 0.646484 0.380859 0.628906 0.363281 0.607422 0.339844 0.603516
0 0.919922 0.671875 0.933594 0.642578 0.980469 0.619141 0.998047 0.632812 0.998047 0.714844 0.953125 0.740234 0.953125 0.740234 0.916016 0.699219 0.919922 0.671875 0.935547 0.679688 0.947266 0.714844 0.966797 0.71875 0.966797 0.71875 0.990234 0.695312 0.990234 0.65625 0.976562 0.638672 0.960938 0.638672 0.935547 0.679688
0 0.236328 0.648438 0.236328 0.675781 0.222656 0.693359 0.222656 0.693359 0.189453 0.671875 0.203125 0.638672 0.236328 0.648438 0.228516 0.652344 0.210938 0.646484 0.197266 0.664062 0.220703 0.683594 0.220703 0.683594 0.228516 0.652344
0 0.0507812 0.755859 0.0253906 0.730469 0.0292969 0.703125 0.0546875 0.681641 0.0859375 0.681641 0.123047 0.71875 0.123047 0.734375 0.0820312 0.759766 0.0820312 0.759766 0.0507812 0.755859 0.0585938 0.748047 0.0761719 0.75 0.0761719 0.75 0.115234 0.726562 0.0859375 0.693359 0.0625 0.689453 0.0332031 0.71875 0.0585938 0.748047
0 0.298828 0.726562 0.316406 0.693359 0.355469 0.685547 0.369141 0.699219 0.369141 0.746094 0.332031 0.787109 0.332031 0.787109 0.310547 0.78125 0.298828 0.726562 0.306641 0.730469 0.326172 0.777344 0.326172 0.777344 0.361328 0.738281 0.351562 0.693359 0.320312 0.705078 0.306641 0.730469
0 0.167969 0.759766 0.142578 0.738281 0.142578 0.714844 0.164062 0.693359 0.205078 0.707031 0.212891 0.742188 0.199219 0.759766 0.199219 0.759766 0.167969 0.759766 0.175781 0.751953 0.193359 0.75 0.193359 0.75 0.205078 0.726562 0.191406 0.708984 0.164062 0.705078 0.150391 0.730469 0.175781 0.751953
0 0.822266 0.796875 0.814453 0.746094 0.839844 0.705078 0.871094 0.705078 0.884766 0.722656 0.884766 0.769531 0.84375 0.810547 0.84375 0.810547 0.822266 0.796875 0.830078 0.792969 0.845703 0.796875 0.845703 0.796875 0.876953 0.761719 0.876953 0.730469 0.863281 0.712891 0.847656 0.712891 0.822266 0.753906 0.830078 0.792969
0 0.777344 0.787109 0.732422 0.753906 0.722656 0.724609 0.769531 0.720703 0.794922 0.738281 0.794922 0.765625 0.777344 0.787109 0.777344 0.787109 0.775391 0.777344 0.783203 0.738281 0.734375 0.732422 0.775391 0.777344 0.775391 0.777344
0 0.996094 0.857422 0.96875 0.853516 0.939453 0.820312 0.943359 0.78125 0.960938 0.751953 0.998047 0.753906 0.996094 0.779297 0.96875 0.759766 0.947266 0.800781 0.947266 0.816406 0.996094 0.857422
0 0.214844 0.861328 0.193359 0.855469 0.193359 0.800781 0.226562 0.759766 0.238281 0.759766 0.205078 0.796875 0.201172 0.847656 0.214844 0.849609 0.248047 0.816406 0.246094 0.767578 0.259766 0.777344 0.259766 0.816406 0.214844 0.861328
0 0.636719 0.857422 0.558594 0.849609 0.525391 0.796875 0.529297 0.765625 0.542969 0.755859 0.621094 0.755859 0.654297 0.808594 0.650391 0.84375 0.636719 0.857422 0.636719 0.857422 0.630859 0.847656 0.638672 0.820312 0.605469 0.767578 0.542969 0.767578 0.533203 0.777344 0.570312 0.845703 0.630859 0.847656 0.630859 0.847656
0 0.396484 0.800781 0.453125 0.798828 0.466797 0.824219 0.457031 0.857422 0.457031 0.857422 0.40625 0.845703 0.396484 0.800781 0.404297 0.8125 0.421875 0.841797 0.447266 0.84375 0.447266 0.84375 0.445312 0.814453 0.404297 0.8125
0 0.833984 0.835938 0.833984 0.855469 0.816406 0.865234 0.816406 0.865234 0.798828 0.859375 0.787109 0.832031 0.787109 0.8125 0.800781 0.802734 0.816406 0.806641 0.833984 0.835938 0.826172 0.839844 0.804688 0.814453 0.798828 0.839844 0.808594 0.853516 0.822266 0.851562 0.822266 0.851562 0.826172 0.839844
0 0.291016 0.882812 0.291016 0.851562 0.308594 0.822266 0.34375 0.830078 0.376953 0.871094 0.355469 0.904297 0.320312 0.916016 0.320312 0.916016 0.298828 0.90625 0.291016 0.882812 0.298828 0.878906 0.3125 0.904297 0.330078 0.902344 0.330078 0.902344 0.353516 0.871094 0.316406 0.830078 0.298828 0.878906
0 0.845703 0.910156 0.841797 0.867188 0.863281 0.845703 0.925781 0.837891 0.939453 0.847656 0.935547 0.902344 0.890625 0.923828 0.890625 0.923828 0.863281 0.923828 0.845703 0.910156 0.853516 0.902344 0.884766 0.914062 0.884766 0.914062 0.927734 0.894531 0.925781 0.849609 0.886719 0.849609 0.853516 0.867188 0.853516 0.902344
0 0.685547 0.890625 0.707031 0.869141 0.742188 0.873047 0.755859 0.886719 0.751953 0.921875 0.734375 0.943359 0.734375 0.943359 0.707031 0.939453 0.685547 0.917969 0.685547 0.890625 0.693359 0.894531 0.693359 0.910156 0.728516 0.933594 0.728516 0.933594 0.748047 0.894531 0.714844 0.876953 0.693359 0.894531
0 0.404297 0.929688 0.400391 0.902344 0.421875 0.884766 0.441406 0.884766 0.470703 0.90625 0.453125 0.947266 0.453125 0.947266 0.404297 0.929688 0.412109 0.921875 0.447266 0.9375 0.447266 0.9375 0.458984 0.90625 0.433594 0.892578 0.414062 0.900391 0.412109 0.921875
0 0.996094 0.939453 0.951172 0.921875 0.957031 0.884766 0.998047 0.882812 0.958984 0.898438 0.962891 0.921875 0.996094 0.939453
0 0.779297 0.902344 0.808594 0.892578 0.828125 0.904297 0.828125 0.943359 0.828125 0.943359 0.800781 0.935547 0.779297 0.902344 0.787109 0.910156 0.8125 0.931641 0.826172 0.929688 0.826172 0.929688 0.816406 0.908203 0.787109 0.910156
0 0.144531 0.998047 0.130859 0.996094 0.154297 0.972656 0.158203 0.941406 0.117188 0.931641 0.0917969 0.964844 0.103516 0.996094 0.0878906 0.996094 0.0839844 0.957031 0.109375 0.923828 0.166016 0.933594 0.166016 0.96875 0.144531 0.998047
0 0.326172 0.957031 0.34375 0.935547 0.378906 0.927734 0.392578 0.957031 0.359375 0.998047 0.359375 0.998047 0.322266 0.988281 0.326172 0.957031 0.333984 0.960938 0.333984 0.980469 0.349609 0.980469 0.349609 0.980469 0.378906 0.943359 0.363281 0.939453 0.333984 0.960938
0 0.791016 0.945312 0.78125 0.974609 0.78125 0.974609 0.75 0.970703 0.736328 0.953125 0.777344 0.927734 0.791016 0.945312 0.783203 0.953125 0.773438 0.939453 0.748047 0.953125 0.775391 0.964844 0.775391 0.964844 0.783203 0.953125
0 0.722656 0.998047 0.712891 0.996094 0.710938 0.966797 0.667969 0.947266 0.650391 0.960938 0.666016 0.996094 0.652344 0.998047 0.638672 0.957031 0.664062 0.939453 0.695312 0.943359 0.724609 0.96875 0.722656 0.998047
0 0.957031 0.998047 0.947266 0.996094 0.951172 0.976562 0.917969 0.947266 0.912109 0.96875 0.931641 0.996094 0.916016 0.996094 0.904297 0.976562 0.910156 0.935547 0.947266 0.957031 0.962891 0.980469 0.957031 0.998047
0 0.273438 0.998047 0.259766 0.996094 0.238281 0.958984 0.203125 0.998047 0.197266 0.988281 0.222656 0.947266 0.257812 0.947266 0.275391 0.96875 0.273438 0.998047
0 0.875 0.998047 0.865234 0.996094 0.873047 0.96875 0.855469 0.958984 0.832031 0.958984 0.787109 0.996094 0.824219 0.951172 0.859375 0.951172 0.880859 0.964844 0.875 0.998047
