0 0.703125 0.0683594 0.712891 0.0859375 0.697266 0.121094 0.660156 0.138672 0.660156 0.138672 0.601562 0.130859 0.587891 0.117188 0.591797 0.09375 0.636719 0.0644531 0.703125 0.0683594 0.699219 0.0761719 0.628906 0.0761719 0.595703 0.109375 0.625 0.130859 0.658203 0.128906 0.658203 0.128906 0.693359 0.109375 0.699219 0.0761719
0 0.84375 0.0605469 0.880859 0.078125 0.880859 0.109375 0.851562 0.134766 0.851562 0.134766 0.826172 0.128906 0.810547 0.0898438 0.84375 0.0605469 0.851562 0.0683594 0.822266 0.0859375 0.826172 0.113281 0.845703 0.125 0.845703 0.125 0.873047 0.101562 0.869141 0.078125 0.851562 0.0683594
0 0.263672 0.105469 0.292969 0.0839844 0.322266 0.0898438 0.304688 0.134766 0.304688 0.134766 0.263672 0.128906 0.263672 0.105469 0.271484 0.113281 0.28125 0.126953 0.298828 0.125 0.298828 0.125 0.3125 0.0957031 0.271484 0.113281
0 0.464844 0.173828 0.410156 0.166016 0.380859 0.136719 0.373047 0.0898438 0.5 0.0878906 0.498047 0.136719 0.464844 0.173828 0.464844 0.173828 0.462891 0.164062 0.486328 0.140625 0.492188 0.0957031 0.380859 0.101562 0.392578 0.136719 0.417969 0.158203 0.462891 0.164062 0.462891 0.164062
0 0.0664062 0.173828 0.0429688 0.173828 0.00585938 0.148438 0.0273438 0.107422 0.0449219 0.105469 0.0136719 0.140625 0.0507812 0.166016 0.0703125 0.162109 0.0996094 0.128906 0.0507812 0.0996094 0.107422 0.117188 0.103516 0.144531 0.0664062 0.173828
0 0.136719 0.181641 0.115234 0.164062 0.115234 0.128906 0.136719 0.103516 0.171875 0.115234 0.185547 0.132812 0.167969 0.181641 0.167969 0.181641 0.136719 0.181641 0.144531 0.173828 0.162109 0.171875 0.162109 0.171875 0.173828 0.136719 0.136719 0.119141 0.123047 0.15625 0.144531 0.173828
0 0.216797 0.171875 0.226562 0.130859 0.263672 0.148438 0.261719 0.193359 0.261719 0.193359 0.216797 0.171875 0.224609 0.164062 0.255859 0.183594 0.255859 0.183594 0.259766 0.164062 0.234375 0.138672 0.224609 0.164062
0 0.335938 0.232422 0.296875 0.228516 0.283203 0.1875 0.308594 0.154297 0.332031 0.150391 0.291016 0.191406 0.296875 0.216797 0.332031 0.224609 0.357422 0.207031 0.373047 0.171875 0.367188 0.158203 0.337891 0.152344 0.375 0.150391 0.376953 0.191406 0.335938 0.232422
0 0.677734 0.210938 0.691406 0.150391 0.732422 0.171875 0.703125 0.224609 0.703125 0.224609 0.677734 0.210938 0.685547 0.207031 0.701172 0.210938 0.701172 0.210938 0.720703 0.183594 0.707031 0.162109 0.695312 0.162109 0.685547 0.183594 0.685547 0.207031
0 0.478516 0.199219 0.511719 0.166016 0.574219 0.154297 0.587891 0.164062 0.591797 0.195312 0.542969 0.259766 0.542969 0.259766 0.492188 0.255859 0.478516 0.238281 0.478516 0.199219 0.486328 0.203125 0.486328 0.230469 0.5 0.248047 0.537109 0.25 0.537109 0.25 0.580078 0.199219 0.583984 0.179688 0.566406 0.162109 0.503906 0.181641 0.486328 0.203125
0 0.794922 0.207031 0.794922 0.238281 0.757812 0.283203 0.757812 0.283203 0.736328 0.273438 0.724609 0.230469 0.748047 0.183594 0.769531 0.173828 0.794922 0.207031 0.787109 0.210938 0.765625 0.189453 0.748047 0.199219 0.732422 0.238281 0.744141 0.265625 0.759766 0.269531 0.759766 0.269531 0.787109 0.230469 0.787109 0.210938
0 0.183594 0.193359 0.21875 0.197266 0.232422 0.210938 0.232422 0.234375 0.21875 0.248047 0.21875 0.248047 0.167969 0.240234 0.162109 0.207031 0.183594 0.193359 0.1875 0.201172 0.169922 0.214844 0.175781 0.232422 0.212891 0.238281 0.212891 0.238281 0.224609 0.214844 0.210938 0.205078 0.1875 0.201172
0 0.0761719 0.253906 0.101562 0.220703 0.125 0.224609 0.142578 0.25 0.142578 0.273438 0.113281 0.306641 0.113281 0.306641 0.0761719 0.28125 0.0761719 0.253906 0.0839844 0.257812 0.0878906 0.28125 0.107422 0.296875 0.107422 0.296875 0.134766 0.265625 0.113281 0.228516 0.0839844 0.257812
0 0.236328 0.289062 0.246094 0.236328 0.294922 0.265625 0.294922 0.289062 0.277344 0.314453 0.277344 0.314453 0.253906 0.310547 0.236328 0.289062 0.244141 0.285156 0.271484 0.304688 0.271484 0.304688 0.287109 0.273438 0.25 0.248047 0.244141 0.285156
0 0.318359 0.347656 0.318359 0.277344 0.355469 0.248047 0.398438 0.248047 0.408203 0.304688 0.359375 0.357422 0.359375 0.357422 0.318359 0.347656 0.326172 0.339844 0.361328 0.34375 0.361328 0.34375 0.400391 0.296875 0.400391 0.269531 0.378906 0.251953 0.326172 0.285156 0.326172 0.339844
0 0.015625 0.388672 0 0.388672 0 0.375 0.0078125 0.380859 0.0449219 0.339844 0.0449219 0.316406 0.00976562 0.261719 0 0.261719 0.00390625 0.248047 0.0527344 0.308594 0.0527344 0.347656 0.015625 0.388672
0 0.693359 0.34375 0.660156 0.373047 0.660156 0.373047 0.628906 0.373047 0.595703 0.320312 0.595703 0.277344 0.613281 0.259766 0.65625 0.259766 0.693359 0.304688 0.693359 0.34375 0.685547 0.339844 0.681641 0.300781 0.65625 0.271484 0.621094 0.267578 0.603516 0.285156 0.603516 0.3125 0.636719 0.365234 0.658203 0.363281 0.658203 0.363281 0.685547 0.339844
0 0.164062 0.267578 0.179688 0.267578 0.208984 0.300781 0.208984 0.324219 0.1875 0.345703 0.1875 0.345703 0.146484 0.320312 0.146484 0.285156 0.164062 0.267578 0.167969 0.275391 0.154297 0.3125 0.185547 0.332031 0.185547 0.332031 0.201172 0.304688 0.167969 0.275391
0 0.771484 0.34375 0.775391 0.304688 0.804688 0.271484 0.832031 0.279297 0.849609 0.308594 0.849609 0.355469 0.824219 0.392578 0.824219 0.392578 0.804688 0.388672 0.771484 0.34375 0.779297 0.339844 0.818359 0.382812 0.818359 0.382812 0.837891 0.359375 0.841797 0.316406 0.8125 0.279297 0.783203 0.3125 0.779297 0.339844
0 0.416016 0.328125 0.441406 0.294922 0.478516 0.308594 0.478516 0.332031 0.453125 0.365234 0.453125 0.365234 0.416016 0.363281 0.416016 0.328125 0.423828 0.335938 0.433594 0.349609 0.451172 0.347656 0.451172 0.347656 0.470703 0.324219 0.460938 0.306641 0.423828 0.335938
0 0.113281 0.404297 0.0761719 0.398438 0.0761719 0.351562 0.0976562 0.326172 0.140625 0.322266 0.150391 0.371094 0.113281 0.404297 0.113281 0.404297 0.111328 0.394531 0.142578 0.363281 0.132812 0.330078 0.0917969 0.351562 0.0917969 0.382812 0.111328 0.394531 0.111328 0.394531
0 0.246094 0.322266 0.277344 0.322266 0.302734 0.34375 0.310547 0.386719 0.300781 0.396484 0.300781 0.396484 0.273438 0.396484 0.240234 0.367188 0.236328 0.332031 0.246094 0.322266 0.25 0.330078 0.251953 0.367188 0.294922 0.386719 0.294922 0.386719 0.302734 0.371094 0.287109 0.339844 0.25 0.330078
0 0.546875 0.337891 0.560547 0.363281 0.535156 0.388672 0.535156 0.388672 0.476562 0.380859 0.474609 0.351562 0.496094 0.333984 0.546875 0.337891 0.539062 0.345703 0.486328 0.351562 0.488281 0.376953 0.529297 0.378906 0.529297 0.378906 0.548828 0.363281 0.539062 0.345703
0 0.146484 0.464844 0.142578 0.410156 0.179688 0.369141 0.222656 0.369141 0.236328 0.425781 0.191406 0.478516 0.191406 0.478516 0.164062 0.478516 0.146484 0.464844 0.154297 0.457031 0.185547 0.46875 0.185547 0.46875 0.228516 0.417969 0.214844 0.376953 0.1875 0.376953 0.150391 0.417969 0.154297 0.457031
0 0.3125 0.443359 0.302734 0.429688 0.306641 0.40625 0.335938 0.380859 0.365234 0.386719 0.365234 0.425781 0.347656 0.447266 0.347656 0.447266 0.3125 0.443359 0.320312 0.435547 0.337891 0.433594 0.337891 0.433594 0.357422 0.40625 0.347656 0.388672 0.314453 0.414062 0.320312 0.435547
0 0.408203 0.425781 0.433594 0.384766 0.457031 0.384766 0.470703 0.40625 0.466797 0.449219 0.445312 0.482422 0.445312 0.482422 0.421875 0.482422 0.408203 0.460938 0.408203 0.425781 0.416016 0.433594 0.419922 0.460938 0.439453 0.472656 0.439453 0.472656 0.462891 0.429688 0.449219 0.408203 0.416016 0.433594
0 0.6875 0.431641 0.658203 0.421875 0.658203 0.398438 0.675781 0.384766 0.708984 0.394531 0.705078 0.417969 0.6875 0.431641 0.6875 0.431641 0.685547 0.421875 0.701172 0.402344 0.691406 0.392578 0.666016 0.40625 0.685547 0.421875 0.685547 0.421875
0 0.509766 0.441406 0.513672 0.417969 0.539062 0.396484 0.5625 0.396484 0.576172 0.414062 0.558594 0.470703 0.558594 0.470703 0.53125 0.466797 0.509766 0.441406 0.517578 0.4375 0.552734 0.460938 0.552734 0.460938 0.568359 0.421875 0.542969 0.404297 0.517578 0.4375
0 0.847656 0.423828 0.873047 0.441406 0.876953 0.480469 0.863281 0.505859 0.863281 0.505859 0.828125 0.505859 0.802734 0.480469 0.798828 0.441406 0.8125 0.427734 0.847656 0.423828 0.84375 0.431641 0.820312 0.435547 0.806641 0.449219 0.818359 0.484375 0.835938 0.498047 0.861328 0.496094 0.861328 0.496094 0.865234 0.449219 0.84375 0.431641
0 0 0.529297 0 0.519531 0.0449219 0.480469 0.0566406 0.449219 0 0.439453 0 0.429688 0.0507812 0.427734 0.0507812 0.439453 0.0683594 0.441406 0.0644531 0.464844 0.0527344 0.488281 0 0.529297
0 0.294922 0.464844 0.265625 0.513672 0.265625 0.513672 0.244141 0.503906 0.240234 0.46875 0.259766 0.433594 0.277344 0.431641 0.294922 0.441406 0.294922 0.464844 0.287109 0.460938 0.277344 0.443359 0.259766 0.449219 0.248047 0.476562 0.248047 0.492188 0.263672 0.5 0.263672 0.5 0.287109 0.460938
0 0.591797 0.472656 0.621094 0.435547 0.648438 0.435547 0.658203 0.445312 0.658203 0.488281 0.625 0.509766 0.625 0.509766 0.595703 0.503906 0.591797 0.472656 0.599609 0.476562 0.623047 0.492188 0.623047 0.492188 0.650391 0.457031 0.640625 0.443359 0.621094 0.447266 0.599609 0.476562
0 0.710938 0.501953 0.691406 0.501953 0.666016 0.480469 0.691406 0.447266 0.726562 0.447266 0.736328 0.460938 0.736328 0.484375 0.710938 0.501953 0.710938 0.501953 0.705078 0.492188 0.726562 0.466797 0.689453 0.472656 0.685547 0.484375 0.705078 0.492188 0.705078 0.492188
0 0.335938 0.455078 0.398438 0.451172 0.396484 0.5 0.378906 0.525391 0.355469 0.533203 0.355469 0.533203 0.310547 0.519531 0.310547 0.480469 0.335938 0.455078 0.349609 0.523438 0.328125 0.517578 0.314453 0.492188 0.34375 0.462891 0.373047 0.53125 0.390625 0.521484 0.394531 0.529297 0.365234 0.5625 0.404297 0.574219 0.404297 0.574219 0.423828 0.542969 0.394531 0.529297 0.390625 0.521484 0.417969 0.521484 0.431641 0.535156 0.431641 0.554688 0.410156 0.583984 0.410156 0.583984 0.378906 0.583984 0.357422 0.570312 0.373047 0.53125 0.34375 0.462891 0.390625 0.458984 0.396484 0.476562 0.349609 0.523438 0.349609 0.523438
0 0.451172 0.539062 0.458984 0.492188 0.492188 0.470703 0.523438 0.474609 0.548828 0.503906 0.541016 0.554688 0.507812 0.564453 0.507812 0.564453 0.46875 0.556641 0.451172 0.539062 0.458984 0.53125 0.501953 0.554688 0.501953 0.554688 0.529297 0.546875 0.533203 0.503906 0.515625 0.486328 0.480469 0.486328 0.458984 0.53125
0 0.740234 0.535156 0.748047 0.492188 0.761719 0.482422 0.78125 0.482422 0.791016 0.503906 0.794922 0.535156 0.777344 0.564453 0.777344 0.564453 0.753906 0.556641 0.740234 0.535156 0.748047 0.527344 0.771484 0.546875 0.771484 0.546875 0.783203 0.527344 0.773438 0.498047 0.748047 0.527344
0 0.703125 0.517578 0.722656 0.521484 0.736328 0.542969 0.722656 0.580078 0.722656 0.580078 0.689453 0.550781 0.703125 0.517578 0.703125 0.529297 0.705078 0.5625 0.720703 0.566406 0.720703 0.566406 0.724609 0.539062 0.703125 0.529297
0 0.822266 0.578125 0.822266 0.546875 0.839844 0.525391 0.863281 0.529297 0.888672 0.5625 0.880859 0.601562 0.863281 0.615234 0.863281 0.615234 0.822266 0.578125 0.830078 0.570312 0.851562 0.603516 0.865234 0.601562 0.865234 0.601562 0.880859 0.570312 0.871094 0.548828 0.84375 0.537109 0.830078 0.570312
0 0.255859 0.597656 0.255859 0.558594 0.28125 0.537109 0.304688 0.537109 0.349609 0.570312 0.341797 0.632812 0.324219 0.650391 0.324219 0.650391 0.300781 0.650391 0.255859 0.597656 0.263672 0.589844 0.28125 0.623047 0.318359 0.640625 0.318359 0.640625 0.333984 0.625 0.341797 0.578125 0.289062 0.544922 0.263672 0.566406 0.263672 0.589844
0 0.566406 0.560547 0.666016 0.566406 0.650391 0.625 0.625 0.642578 0.625 0.642578 0.554688 0.642578 0.537109 0.625 0.537109 0.601562 0.566406 0.560547 0.568359 0.574219 0.552734 0.621094 0.603516 0.628906 0.603516 0.628906 0.646484 0.605469 0.652344 0.572266 0.568359 0.574219
0 0 0.728516 0 0.707031 0.0488281 0.664062 0.0292969 0.605469 0 0.59375 0.0273438 0.587891 0.0605469 0.640625 0.0605469 0.675781 0 0.728516
0 0.201172 0.644531 0.152344 0.689453 0.152344 0.689453 0.121094 0.689453 0.103516 0.644531 0.128906 0.611328 0.191406 0.611328 0.201172 0.644531 0.193359 0.640625 0.183594 0.619141 0.144531 0.615234 0.119141 0.636719 0.119141 0.671875 0.146484 0.679688 0.146484 0.679688 0.193359 0.640625
0 0.412109 0.660156 0.410156 0.607422 0.445312 0.619141 0.470703 0.644531 0.460938 0.681641 0.460938 0.681641 0.412109 0.660156 0.423828 0.660156 0.371094 0.630859 0.341797 0.65625 0.337891 0.683594 0.359375 0.705078 0.345703 0.679688 0.380859 0.699219 0.380859 0.699219 0.408203 0.675781 0.375 0.638672 0.345703 0.679688 0.359375 0.705078 0.40625 0.708984 0.40625 0.708984 0.427734 0.683594 0.371094 0.630859 0.423828 0.660156 0.458984 0.667969 0.458984 0.667969 0.458984 0.644531 0.417969 0.619141 0.423828 0.660156
0 0.771484 0.636719 0.796875 0.615234 0.855469 0.626953 0.869141 0.640625 0.867188 0.669922 0.867188 0.669922 0.777344 0.662109 0.771484 0.636719 0.779297 0.644531 0.8125 0.662109 0.861328 0.660156 0.861328 0.660156 0.855469 0.638672 0.820312 0.626953 0.796875 0.626953 0.779297 0.644531
0 0.740234 0.691406 0.744141 0.75 0.722656 0.775391 0.722656 0.775391 0.695312 0.775391 0.654297 0.734375 0.646484 0.671875 0.660156 0.650391 0.71875 0.669922 0.740234 0.691406 0.728516 0.691406 0.671875 0.662109 0.662109 0.703125 0.673828 0.734375 0.691406 0.755859 0.720703 0.757812 0.720703 0.757812 0.736328 0.730469 0.728516 0.691406
0 0.496094 0.767578 0.470703 0.71875 0.490234 0.683594 0.511719 0.673828 0.613281 0.673828 0.626953 0.710938 0.558594 0.783203 0.558594 0.783203 0.523438 0.783203 0.496094 0.767578 0.503906 0.759766 0.552734 0.773438 0.552734 0.773438 0.599609 0.738281 0.617188 0.701172 0.527344 0.689453 0.486328 0.714844 0.482422 0.738281 0.503906 0.759766
0 0.294922 0.777344 0.269531 0.806641 0.207031 0.830078 0.207031 0.830078 0.179688 0.830078 0.169922 0.808594 0.166016 0.726562 0.238281 0.685547 0.277344 0.693359 0.294922 0.722656 0.294922 0.777344 0.287109 0.773438 0.291016 0.746094 0.269531 0.701172 0.214844 0.705078 0.173828 0.742188 0.181641 0.8125 0.201172 0.820312 0.201172 0.820312 0.234375 0.814453 0.287109 0.773438
0 0.0898438 0.705078 0.142578 0.726562 0.150391 0.753906 0.140625 0.767578 0.140625 0.767578 0.117188 0.767578 0.0957031 0.746094 0.0839844 0.730469 0.0898438 0.705078 0.0976562 0.712891 0.0996094 0.734375 0.134766 0.757812 0.134766 0.757812 0.138672 0.738281 0.0976562 0.712891
0 0.865234 0.753906 0.857422 0.792969 0.824219 0.822266 0.824219 0.822266 0.785156 0.810547 0.767578 0.769531 0.775391 0.726562 0.800781 0.708984 0.847656 0.728516 0.865234 0.753906 0.857422 0.757812 0.808594 0.720703 0.787109 0.746094 0.783203 0.78125 0.792969 0.802734 0.818359 0.8125 0.818359 0.8125 0.845703 0.792969 0.857422 0.757812
0 0.326172 0.773438 0.355469 0.720703 0.378906 0.724609 0.396484 0.761719 0.392578 0.800781 0.367188 0.833984 0.367188 0.833984 0.339844 0.830078 0.326172 0.804688 0.326172 0.773438 0.333984 0.78125 0.341797 0.816406 0.361328 0.824219 0.361328 0.824219 0.388672 0.777344 0.367188 0.728516 0.333984 0.78125
0 0.03125 0.861328 0 0.855469 0.0234375 0.853516 0.0488281 0.832031 0.0566406 0.785156 0.0234375 0.771484 0 0.783203 0.015625 0.763672 0.0644531 0.777344 0.0605469 0.832031 0.03125 0.861328
0 0.109375 0.892578 0.0898438 0.892578 0.0644531 0.855469 0.0976562 0.806641 0.125 0.810547 0.146484 0.835938 0.142578 0.863281 0.109375 0.892578 0.109375 0.892578 0.103516 0.882812 0.138672 0.847656 0.109375 0.814453 0.0761719 0.84375 0.0878906 0.875 0.103516 0.882812 0.103516 0.882812
0 0.488281 0.826172 0.515625 0.826172 0.568359 0.855469 0.564453 0.882812 0.535156 0.908203 0.535156 0.908203 0.5 0.904297 0.470703 0.878906 0.488281 0.826172 0.496094 0.833984 0.482422 0.875 0.5 0.892578 0.529297 0.898438 0.529297 0.898438 0.560547 0.863281 0.496094 0.833984
0 0.648438 0.888672 0.607422 0.875 0.607422 0.851562 0.628906 0.833984 0.673828 0.839844 0.673828 0.863281 0.648438 0.888672 0.648438 0.888672 0.646484 0.878906 0.666016 0.855469 0.65625 0.841797 0.615234 0.859375 0.625 0.876953 0.646484 0.878906 0.646484 0.878906
0 0.853516 0.910156 0.857422 0.875 0.878906 0.837891 0.914062 0.837891 0.947266 0.867188 0.947266 0.894531 0.910156 0.947266 0.910156 0.947266 0.853516 0.910156 0.861328 0.902344 0.890625 0.931641 0.908203 0.933594 0.908203 0.933594 0.939453 0.875 0.917969 0.849609 0.886719 0.845703 0.861328 0.902344
0 0.773438 0.845703 0.810547 0.875 0.810547 0.902344 0.789062 0.939453 0.789062 0.939453 0.732422 0.90625 0.726562 0.849609 0.773438 0.845703 0.769531 0.853516 0.734375 0.857422 0.740234 0.898438 0.787109 0.925781 0.787109 0.925781 0.802734 0.878906 0.769531 0.853516
0 0.357422 0.894531 0.386719 0.861328 0.414062 0.853516 0.439453 0.890625 0.439453 0.914062 0.423828 0.941406 0.394531 0.958984 0.394531 0.958984 0.361328 0.933594 0.357422 0.894531 0.365234 0.902344 0.376953 0.9375 0.392578 0.941406 0.392578 0.941406 0.419922 0.902344 0.40625 0.861328 0.365234 0.902344
0 0.197266 0.882812 0.222656 0.857422 0.269531 0.857422 0.279297 0.878906 0.271484 0.914062 0.214844 0.943359 0.214844 0.943359 0.193359 0.929688 0.197266 0.882812 0.205078 0.890625 0.201172 0.917969 0.220703 0.925781 0.220703 0.925781 0.263672 0.90625 0.271484 0.886719 0.261719 0.865234 0.234375 0.865234 0.205078 0.890625
0 0.078125 0.916016 0.107422 0.941406 0.0917969 0.980469 0.0625 0.994141 0.0625 0.994141 0.0234375 0.990234 0.00195312 0.960938 0.0136719 0.925781 0.03125 0.912109 0.078125 0.916016 0.0742188 0.923828 0.0390625 0.919922 0.0136719 0.960938 0.03125 0.982422 0.0566406 0.984375 0.0566406 0.984375 0.078125 0.978516 0.0996094 0.949219 0.0742188 0.923828
0 0.328125 0.994141 0.285156 0.990234 0.259766 0.957031 0.292969 0.935547 0.332031 0.935547 0.341797 0.984375 0.328125 0.994141 0.328125 0.994141 0.326172 0.984375 0.333984 0.964844 0.320312 0.939453 0.271484 0.960938 0.292969 0.982422 0.326172 0.984375 0.326172 0.984375
0 0.558594 0.998047 0.548828 0.996094 0.548828 0.972656 0.511719 0.951172 0.484375 0.958984 0.462891 0.980469 0.464844 0.998047 0.455078 0.996094 0.455078 0.976562 0.476562 0.951172 0.523438 0.939453 0.556641 0.964844 0.558594 0.998047
0 0.773438 0.998047 0.751953 0.996094 0.775391 0.972656 0.75 0.955078 0.734375 0.955078 0.716797 0.976562 0.71875 0.998047 0.705078 0.996094 0.705078 0.976562 0.730469 0.947266 0.753906 0.947266 0.783203 0.964844 0.773438 0.998047
0 0.886719 0.998047 0.851562 0.970703 0.816406 0.998047 0.810547 0.988281 0.828125 0.966797 0.855469 0.962891 0.888672 0.984375 0.886719 0.998047
0 0.1875 0.998047 0.173828 0.996094 0.1875 0.998047
0 0.632812 0.998047 0.623047 0.996094 0.632812 0.998047
